 3349.5686035156   5.116293E-17
 3353.64819830511  8.170923E-17
 3357.72779309462  7.032895E-17
 3361.80738788413  5.029675E-17
 3365.88698267364  6.154606E-17
 3369.96657746315  1.200761E-16
 3374.04617225265  1.212266E-16
 3378.12576704216  1.178999E-16
 3382.20536183167  1.091466E-16
 3386.28495662118  6.161900E-17
 3390.36455141069  8.536420E-17
 3394.4441462002   7.528095E-17
 3398.52374098971  5.250660E-17
 3402.60333577921  5.953114E-17
 3406.68293056872  9.245727E-17
 3410.76252535823  1.146787E-16
 3414.84212014774  7.298822E-17
 3418.92171493725  8.637345E-17
 3423.00130972676  9.666430E-17
 3427.08090451627  9.247830E-17
 3431.16049930577  1.095045E-16
 3435.24009409528  9.639312E-17
 3439.31968888479  1.045729E-16
 3443.3992836743   7.261701E-17
 3447.47887846381  1.002332E-16
 3451.55847325332  1.140461E-16
 3455.63806804283  1.074509E-16
 3459.71766283233  1.080582E-16
 3463.79725762184  8.808620E-17
 3467.87685241135  7.612613E-17
 3471.95644720086  9.322484E-17
 3476.03604199037  8.721491E-17
 3480.11563677988  1.127593E-16
 3484.19523156938  8.000822E-17
 3488.27482635889  7.703053E-17
 3492.3544211484   8.512905E-17
 3496.43401593791  7.451859E-17
 3500.51361072742  1.045920E-16
 3504.59320551693  9.631590E-17
 3508.67280030644  8.259911E-17
 3512.75239509594  8.830872E-17
 3516.83198988545  7.842586E-17
 3520.91158467496  7.733950E-17
 3524.99117946447  9.169704E-17
 3529.07077425398  8.709928E-17
 3533.15036904349  1.051438E-16
 3537.229963833    9.520325E-17
 3541.3095586225   8.800022E-17
 3545.38915341201  8.256588E-17
 3549.46874820152  6.915054E-17
 3553.54834299103  8.438286E-17
 3557.62793778054  8.257569E-17
 3561.70753257005  8.374380E-17
 3565.78712735955  7.875996E-17
 3569.86672214906  7.372323E-17
 3573.94631693857  7.953510E-17
 3578.02591172808  7.749691E-17
 3582.10550651759  7.990375E-17
 3586.1851013071   9.218444E-17
 3590.26469609661  8.583086E-17
 3594.34429088611  9.665955E-17
 3598.42388567562  8.202034E-17
 3602.50348046513  7.148165E-17
 3606.58307525464  9.329445E-17
 3610.66267004415  7.958239E-17
 3614.74226483366  7.054523E-17
 3618.82185962317  7.041163E-17
 3622.90145441267  8.378864E-17
 3626.98104920218  8.700014E-17
 3631.06064399169  8.597638E-17
 3635.1402387812   9.613146E-17
 3639.21983357071  8.941429E-17
 3643.29942836022  9.301208E-17
 3647.37902314973  1.027968E-16
 3651.45861793923  1.018069E-16
 3655.53821272874  1.022429E-16
 3659.61780751825  9.397277E-17
 3663.69740230776  9.505182E-17
 3667.77699709727  1.065837E-16
 3671.85659188678  1.095819E-16
 3675.93618667628  1.084957E-16
 3680.01578146579  1.028193E-16
 3684.0953762553   1.104181E-16
 3688.17497104481  1.141257E-16
 3692.25456583432  1.051243E-16
 3696.33416062383  1.057652E-16
 3700.41375541334  1.174928E-16
 3704.49335020284  1.182978E-16
 3708.57294499235  1.351902E-16
 3712.65253978186  1.163653E-16
 3716.73213457137  1.154535E-16
 3720.81172936088  1.157942E-16
 3724.89132415039  1.112547E-16
 3728.9709189399   1.128214E-16
 3733.0505137294   1.056993E-16
 3737.13010851891  1.361624E-16
 3741.20970330842  1.248580E-16
 3745.28929809793  1.167810E-16
 3749.36889288744  1.237875E-16
 3753.44848767695  1.177211E-16
 3757.52808246645  1.040781E-16
 3761.60767725596  1.133581E-16
 3765.68727204547  1.202876E-16
 3769.76686683498  1.218099E-16
 3773.84646162449  1.156603E-16
 3777.926056414    1.163458E-16
 3782.00565120351  1.232136E-16
 3786.08524599301  1.291948E-16
 3790.16484078252  1.181122E-16
 3794.24443557203  1.304464E-16
 3798.32403036154  1.329101E-16
 3802.40362515105  1.403095E-16
 3806.48321994056  1.263301E-16
 3810.56281473007  1.314862E-16
 3814.64240951957  1.295427E-16
 3818.72200430908  1.486706E-16
 3822.80159909859  1.407799E-16
 3826.8811938881   1.392030E-16
 3830.96078867761  1.451578E-16
 3835.04038346712  1.282902E-16
 3839.11997825663  1.286190E-16
 3843.19957304613  1.265106E-16
 3847.27916783564  1.233316E-16
 3851.35876262515  1.307016E-16
 3855.43835741466  1.323432E-16
 3859.51795220417  1.377326E-16
 3863.59754699368  1.326107E-16
 3867.67714178319  1.334737E-16
 3871.75673657269  1.214739E-16
 3875.8363313622   1.353523E-16
 3879.91592615171  1.408357E-16
 3883.99552094122  1.450194E-16
 3888.07511573073  1.385400E-16
 3892.15471052024  1.341117E-16
 3896.23430530974  1.314881E-16
 3900.31390009925  1.452720E-16
 3904.39349488876  1.407371E-16
 3908.47308967827  1.370313E-16
 3912.55268446778  1.323709E-16
 3916.63227925729  1.327734E-16
 3920.7118740468   1.363330E-16
 3924.79146883631  1.389114E-16
 3928.87106362581  1.329119E-16
 3932.95065841532  1.324016E-16
 3937.03025320483  1.278975E-16
 3941.10984799434  1.170776E-16
 3945.18944278385  1.007320E-16
 3949.26903757336  7.108299E-17
 3953.34863236286  6.315996E-17
 3957.42822715237  8.227396E-17
 3961.50782194188  1.146245E-16
 3965.58741673139  1.365980E-16
 3969.6670115209   1.454904E-16
 3973.74660631041  1.455474E-16
 3977.82620109991  1.412233E-16
 3981.90579588942  1.133420E-16
 3985.98539067893  8.492078E-17
 3990.06498546844  8.812931E-17
 3994.14458025795  1.053039E-16
 3998.22417504746  1.281116E-16
 4002.30376983697  1.482271E-16
 4006.38336462647  1.535117E-16
 4010.46295941598  1.565608E-16
 4014.54255420549  1.533003E-16
 4018.622148995    1.533838E-16
 4022.70174378451  1.444806E-16
 4026.78133857402  1.418917E-16
 4030.86093336353  1.574647E-16
 4034.94052815303  1.643498E-16
 4039.02012294254  1.581905E-16
 4043.09971773205  1.578454E-16
 4047.17931252156  1.601938E-16
 4051.25890731107  1.674361E-16
 4055.33850210058  1.569002E-16
 4059.41809689009  1.527955E-16
 4063.49769167959  1.496119E-16
 4067.5772864691   1.385849E-16
 4071.65688125861  1.549261E-16
 4075.73647604812  1.578894E-16
 4079.81607083763  1.539239E-16
 4083.89566562714  1.596226E-16
 4087.97526041665  1.617263E-16
 4092.05485520615  1.543536E-16
 4096.13444999566  1.563866E-16
 4100.21404478517  1.646101E-16
 4104.29363957468  1.672066E-16
 4108.37323436419  1.664828E-16
 4112.4528291537   1.714459E-16
 4116.53242394321  1.722022E-16
 4120.61201873271  1.771152E-16
 4124.69161352222  1.739768E-16
 4128.77120831173  1.674741E-16
 4132.85080310124  1.710129E-16
 4136.93039789075  1.794861E-16
 4141.00999268026  1.763725E-16
 4145.08958746976  1.645691E-16
 4149.16918225927  1.606685E-16
 4153.24877704878  1.591565E-16
 4157.32837183829  1.553915E-16
 4161.4079666278   1.600169E-16
 4165.48756141731  1.662635E-16
 4169.56715620682  1.663574E-16
 4173.64675099632  1.684630E-16
 4177.72634578583  1.700123E-16
 4181.80594057534  1.655554E-16
 4185.88553536485  1.677974E-16
 4189.96513015436  1.614605E-16
 4194.04472494387  1.512604E-16
 4198.12431973338  1.512061E-16
 4202.20391452288  1.541030E-16
 4206.28350931239  1.705950E-16
 4210.3631041019   1.618307E-16
 4214.44269889141  1.655960E-16
 4218.52229368092  1.709026E-16
 4222.60188847043  1.690650E-16
 4226.68148325993  1.644353E-16
 4230.76107804944  1.659243E-16
 4234.84067283895  1.653150E-16
 4238.92026762846  1.659198E-16
 4242.99986241797  1.654872E-16
 4247.07945720748  1.690069E-16
 4251.15905199699  1.737260E-16
 4255.23864678649  1.727019E-16
 4259.318241576    1.715664E-16
 4263.39783636551  1.770606E-16
 4267.47743115502  1.727322E-16
 4271.55702594453  1.676150E-16
 4275.63662073404  1.764600E-16
 4279.71621552355  1.730140E-16
 4283.79581031305  1.712179E-16
 4287.87540510256  1.737667E-16
 4291.95499989207  1.641241E-16
 4296.03459468158  1.721389E-16
 4300.11418947109  1.729800E-16
 4304.1937842606   1.798113E-16
 4308.2733790501   1.726930E-16
 4312.35297383961  1.709879E-16
 4316.43256862912  1.580198E-16
 4320.51216341863  1.727400E-16
 4324.59175820814  1.909757E-16
 4328.67135299765  1.768105E-16
 4332.75094778716  1.619916E-16
 4336.83054257667  1.607883E-16
 4340.91013736617  1.619393E-16
 4344.98973215568  1.647989E-16
 4349.06932694519  1.641554E-16
 4353.1489217347   1.755945E-16
 4357.22851652421  1.760887E-16
 4361.30811131372  1.710800E-16
 4365.38770610322  1.821753E-16
 4369.46730089273  1.833486E-16
 4373.54689568224  1.767107E-16
 4377.62649047175  1.818593E-16
 4381.70608526126  1.883819E-16
 4385.78568005077  1.788430E-16
 4389.86527484027  1.698000E-16
 4393.94486962978  1.696489E-16
 4398.02446441929  1.658486E-16
 4402.1040592088   1.689748E-16
 4406.18365399831  1.662016E-16
 4410.26324878782  1.662619E-16
 4414.34284357733  1.573771E-16
 4418.42243836683  1.650143E-16
 4422.50203315634  1.714865E-16
 4426.58162794585  1.664082E-16
 4430.66122273536  1.666142E-16
 4434.74081752487  1.653260E-16
 4438.82041231438  1.693133E-16
 4442.90000710389  1.751736E-16
 4446.97960189339  1.757657E-16
 4451.0591966829   1.744450E-16
 4455.13879147241  1.714356E-16
 4459.21838626192  1.715949E-16
 4463.29798105143  1.611723E-16
 4467.37757584094  1.683144E-16
 4471.45717063045  1.736213E-16
 4475.53676541995  1.694990E-16
 4479.61636020946  1.645626E-16
 4483.69595499897  1.716622E-16
 4487.77554978848  1.694071E-16
 4491.85514457799  1.677830E-16
 4495.9347393675   1.758578E-16
 4500.01433415701  1.749068E-16
 4504.09392894651  1.751572E-16
 4508.17352373602  1.691529E-16
 4512.25311852553  1.810694E-16
 4516.33271331504  1.804122E-16
 4520.41230810455  1.702922E-16
 4524.49190289406  1.726396E-16
 4528.57149768356  1.786933E-16
 4532.65109247307  1.820307E-16
 4536.73068726258  1.851129E-16
 4540.81028205209  1.782010E-16
 4544.8898768416   1.687628E-16
 4548.96947163111  1.761266E-16
 4553.04906642062  1.701670E-16
 4557.12866121012  1.740332E-16
 4561.20825599963  1.797697E-16
 4565.28785078914  1.767555E-16
 4569.36744557865  1.697792E-16
 4573.44704036816  1.771728E-16
 4577.52663515767  1.846564E-16
 4581.60622994717  1.707570E-16
 4585.68582473668  1.667288E-16
 4589.76541952619  1.787449E-16
 4593.8450143157   1.789407E-16
 4597.92460910521  1.777193E-16
 4602.00420389472  1.842057E-16
 4606.08379868423  1.789864E-16
 4610.16339347373  1.761610E-16
 4614.24298826324  1.802328E-16
 4618.32258305275  1.810322E-16
 4622.40217784226  1.941967E-16
 4626.48177263177  1.843751E-16
 4630.56136742128  1.820943E-16
 4634.64096221079  1.776498E-16
 4638.72055700029  1.756797E-16
 4642.8001517898   1.848556E-16
 4646.87974657931  1.801204E-16
 4650.95934136882  1.740285E-16
 4655.03893615833  1.854367E-16
 4659.11853094784  1.930491E-16
 4663.19812573735  1.835724E-16
 4667.27772052685  1.837045E-16
 4671.35731531636  1.786198E-16
 4675.43691010587  1.846945E-16
 4679.51650489538  1.822925E-16
 4683.59609968489  1.828958E-16
 4687.6756944744   1.822294E-16
 4691.7552892639   1.724140E-16
 4695.83488405341  1.786846E-16
 4699.91447884292  1.858114E-16
 4703.99407363243  1.884878E-16
 4708.07366842194  1.895042E-16
 4712.15326321145  1.859672E-16
 4716.23285800096  1.899919E-16
 4720.31245279046  1.815790E-16
 4724.39204757997  1.811613E-16
 4728.47164236948  1.839049E-16
 4732.55123715899  1.874770E-16
 4736.6308319485   1.809968E-16
 4740.71042673801  1.772967E-16
 4744.79002152752  1.759076E-16
 4748.86961631703  1.771321E-16
 4752.94921110653  1.748329E-16
 4757.02880589604  1.728293E-16
 4761.10840068555  1.775757E-16
 4765.18799547506  1.777719E-16
 4769.26759026457  1.805944E-16
 4773.34718505408  1.761209E-16
 4777.42677984358  1.752394E-16
 4781.50637463309  1.810050E-16
 4785.5859694226   1.817631E-16
 4789.66556421211  1.784241E-16
 4793.74515900162  1.783151E-16
 4797.82475379113  1.787291E-16
 4801.90434858064  1.810082E-16
 4805.98394337014  1.828420E-16
 4810.06353815965  1.841426E-16
 4814.14313294916  1.878007E-16
 4818.22272773867  1.877021E-16
 4822.30232252818  1.779631E-16
 4826.38191731769  1.829126E-16
 4830.46151210719  1.844506E-16
 4834.5411068967   1.786976E-16
 4838.62070168621  1.837402E-16
 4842.70029647572  1.894216E-16
 4846.77989126523  1.899137E-16
 4850.85948605474  1.849395E-16
 4854.93908084424  1.827221E-16
 4859.01867563375  1.883832E-16
 4863.09827042326  1.878288E-16
 4867.17786521277  1.884412E-16
 4871.25746000228  1.979571E-16
 4875.33705479179  2.015258E-16
 4879.4166495813   2.081265E-16
 4883.49624437081  2.233627E-16
 4887.57583916031  2.305089E-16
 4891.65543394982  2.228562E-16
 4895.73502873933  2.094296E-16
 4899.81462352884  1.979703E-16
 4903.89421831835  1.956215E-16
 4907.97381310786  1.902840E-16
 4912.05340789736  1.848046E-16
 4916.13300268687  1.892259E-16
 4920.21259747638  1.837416E-16
 4924.29219226589  1.748797E-16
 4928.3717870554   1.760521E-16
 4932.45138184491  1.787945E-16
 4936.53097663442  1.849304E-16
 4940.61057142392  1.836596E-16
 4944.69016621343  1.777373E-16
 4948.76976100294  1.771413E-16
 4952.84935579245  1.859190E-16
 4956.92895058196  1.879915E-16
 4961.00854537147  1.795612E-16
 4965.08814016098  1.824147E-16
 4969.16773495048  1.866370E-16
 4973.24732973999  1.813235E-16
 4977.3269245295   1.760556E-16
 4981.40651931901  1.765685E-16
 4985.48611410852  1.817455E-16
 4989.56570889803  1.764888E-16
 4993.64530368754  1.765318E-16
 4997.72489847704  1.810543E-16
 5001.80449326655  1.735029E-16
 5005.88408805606  1.782718E-16
 5009.96368284557  1.858409E-16
 5014.04327763508  1.853637E-16
 5018.12287242459  1.876619E-16
 5022.2024672141   1.873353E-16
 5026.2820620036   1.844796E-16
 5030.36165679311  1.764644E-16
 5034.44125158262  1.768511E-16
 5038.52084637213  1.814575E-16
 5042.60044116164  1.815254E-16
 5046.68003595115  1.887753E-16
 5050.75963074066  1.737275E-16
 5054.83922553016  1.780244E-16
 5058.91882031967  1.770662E-16
 5062.99841510918  1.780797E-16
 5067.07800989869  1.797613E-16
 5071.1576046882   1.822243E-16
 5075.23719947771  1.748792E-16
 5079.31679426722  1.809586E-16
 5083.39638905672  1.800528E-16
 5087.47598384623  1.742478E-16
 5091.55557863574  1.830482E-16
 5095.63517342525  1.843665E-16
 5099.71476821476  1.775016E-16
 5103.79436300427  1.816125E-16
 5107.87395779377  1.769967E-16
 5111.95355258328  1.742554E-16
 5116.03314737279  1.742783E-16
 5120.1127421623   1.770186E-16
 5124.19233695181  1.804763E-16
 5128.27193174132  1.842953E-16
 5132.35152653083  1.860361E-16
 5136.43112132033  1.848379E-16
 5140.51071610984  1.779666E-16
 5144.59031089935  1.769808E-16
 5148.66990568886  1.793141E-16
 5152.74950047837  1.820000E-16
 5156.82909526788  1.863017E-16
 5160.90869005738  1.856610E-16
 5164.98828484689  1.853613E-16
 5169.0678796364   1.882155E-16
 5173.14747442591  1.910966E-16
 5177.22706921542  1.919323E-16
 5181.30666400493  1.928118E-16
 5185.38625879444  1.873443E-16
 5189.46585358395  1.727318E-16
 5193.54544837345  1.851218E-16
 5197.62504316296  1.920138E-16
 5201.70463795247  1.895241E-16
 5205.78423274198  1.872948E-16
 5209.86382753149  1.834723E-16
 5213.943422321    1.794821E-16
 5218.0230171105   1.843050E-16
 5222.10261190001  1.898656E-16
 5226.18220668952  1.892408E-16
 5230.26180147903  1.819795E-16
 5234.34139626854  1.669952E-16
 5238.42099105805  1.785839E-16
 5242.50058584756  1.850774E-16
 5246.58018063706  1.825697E-16
 5250.65977542657  1.795811E-16
 5254.73937021608  1.841914E-16
 5258.81896500559  1.854707E-16
 5262.8985597951   1.883961E-16
 5266.97815458461  1.896748E-16
 5271.05774937412  1.879417E-16
 5275.13734416362  1.815461E-16
 5279.21693895313  1.848413E-16
 5283.29653374264  1.856913E-16
 5287.37612853215  1.813058E-16
 5291.45572332166  1.844846E-16
 5295.53531811117  1.891868E-16
 5299.61491290067  1.924353E-16
 5303.69450769018  1.941511E-16
 5307.77410247969  1.952769E-16
 5311.8536972692   1.898826E-16
 5315.93329205871  1.883867E-16
 5320.01288684822  1.865719E-16
 5324.09248163773  1.810546E-16
 5328.17207642723  1.800814E-16
 5332.25167121674  1.817515E-16
 5336.33126600625  1.870435E-16
 5340.41086079576  1.941743E-16
 5344.49045558527  1.889109E-16
 5348.57005037478  1.893900E-16
 5352.64964516429  1.942408E-16
 5356.7292399538   1.875502E-16
 5360.8088347433   1.854246E-16
 5364.88842953281  1.883163E-16
 5368.96802432232  1.846460E-16
 5373.04761911183  1.807506E-16
 5377.12721390134  1.838162E-16
 5381.20680869085  1.868953E-16
 5385.28640348035  1.860904E-16
 5389.36599826986  1.860001E-16
 5393.44559305937  1.865577E-16
 5397.52518784888  1.814617E-16
 5401.60478263839  1.801383E-16
 5405.6843774279   1.830627E-16
 5409.7639722174   1.814794E-16
 5413.84356700691  1.778384E-16
 5417.92316179642  1.822204E-16
 5422.00275658593  1.866739E-16
 5426.08235137544  1.856572E-16
 5430.16194616495  1.817714E-16
 5434.24154095446  1.860874E-16
 5438.32113574396  1.824756E-16
 5442.40073053347  1.863890E-16
 5446.48032532298  1.830553E-16
 5450.55992011249  1.878222E-16
 5454.639514902    1.879616E-16
 5458.71910969151  1.737985E-16
 5462.79870448102  1.758178E-16
 5466.87829927052  1.814120E-16
 5470.95789406003  1.831931E-16
 5475.03748884954  1.793253E-16
 5479.11708363905  1.718040E-16
 5483.19667842856  1.775689E-16
 5487.27627321807  1.781324E-16
 5491.35586800758  1.768475E-16
 5495.43546279708  1.759601E-16
 5499.51505758659  1.735654E-16
 5503.5946523761   1.771841E-16
 5507.67424716561  1.788083E-16
 5511.75384195512  1.777556E-16
 5515.83343674463  1.728633E-16
 5519.91303153413  1.777848E-16
 5523.99262632364  1.813292E-16
 5528.07222111315  1.806623E-16
 5532.15181590266  1.743649E-16
 5536.23141069217  1.742282E-16
 5540.31100548168  1.825620E-16
 5544.39060027118  1.788970E-16
 5548.47019506069  1.773335E-16
 5552.5497898502   1.776346E-16
 5556.62938463971  1.768985E-16
 5560.70897942922  1.746997E-16
 5564.78857421873  1.830835E-16
 5568.86816900824  1.830443E-16
 5572.94776379774  1.727683E-16
 5577.02735858725  1.699363E-16
 5581.10695337676  1.748796E-16
 5585.18654816627  1.770729E-16
 5589.26614295578  1.706051E-16
 5593.34573774529  1.752557E-16
 5597.4253325348   1.826347E-16
 5601.5049273243   1.758503E-16
 5605.58452211381  1.747829E-16
 5609.66411690332  1.792934E-16
 5613.74371169283  1.824581E-16
 5617.82330648234  1.755844E-16
 5621.90290127185  1.775931E-16
 5625.98249606136  1.803549E-16
 5630.06209085086  1.765899E-16
 5634.14168564037  1.704874E-16
 5638.22128042988  1.662354E-16
 5642.30087521939  1.733906E-16
 5646.3804700089   1.739642E-16
 5650.46006479841  1.746944E-16
 5654.53965958792  1.773299E-16
 5658.61925437742  1.747638E-16
 5662.69884916693  1.704509E-16
 5666.77844395644  1.709039E-16
 5670.85803874595  1.704078E-16
 5674.93763353546  1.650528E-16
 5679.01722832497  1.618679E-16
 5683.09682311447  1.637495E-16
 5687.17641790398  1.637463E-16
 5691.25601269349  1.660044E-16
 5695.335607483    1.667583E-16
 5699.41520227251  1.733829E-16
 5703.49479706202  1.729981E-16
 5707.57439185152  1.712295E-16
 5711.65398664103  1.740712E-16
 5715.73358143054  1.708662E-16
 5719.81317622005  1.758136E-16
 5723.89277100956  1.754503E-16
 5727.97236579907  1.690358E-16
 5732.05196058858  1.727657E-16
 5736.13155537809  1.757237E-16
 5740.2111501676   1.697984E-16
 5744.2907449571   1.730635E-16
 5748.37033974661  1.805979E-16
 5752.44993453612  1.755787E-16
 5756.52952932563  1.750006E-16
 5760.60912411514  1.708926E-16
 5764.68871890465  1.764225E-16
 5768.76831369415  1.811790E-16
 5772.84790848366  1.752255E-16
 5776.92750327317  1.755371E-16
 5781.00709806268  1.791401E-16
 5785.08669285219  1.798780E-16
 5789.1662876417   1.673964E-16
 5793.2458824312   1.677030E-16
 5797.32547722071  1.723925E-16
 5801.40507201022  1.696519E-16
 5805.48466679973  1.711965E-16
 5809.56426158924  1.710928E-16
 5813.64385637875  1.684809E-16
 5817.72345116826  1.752717E-16
 5821.80304595776  1.786758E-16
 5825.88264074727  1.781070E-16
 5829.96223553678  1.786897E-16
 5834.04183032629  1.780911E-16
 5838.1214251158   1.674814E-16
 5842.20101990531  1.678311E-16
 5846.28061469482  1.775013E-16
 5850.36020948432  1.806047E-16
 5854.43980427383  1.777185E-16
 5858.51939906334  1.741942E-16
 5862.59899385285  1.704992E-16
 5866.67858864236  1.719771E-16
 5870.75818343187  1.767385E-16
 5874.83777822138  1.759407E-16
 5878.91737301088  1.764373E-16
 5882.99696780039  1.779751E-16
 5887.0765625899   1.759684E-16
 5891.15615737941  1.709996E-16
 5895.23575216892  1.698957E-16
 5899.31534695843  1.705086E-16
 5903.39494174794  1.735096E-16
 5907.47453653744  1.693210E-16
 5911.55413132695  1.622826E-16
 5915.63372611646  1.574177E-16
 5919.71332090597  1.588144E-16
 5923.79291569548  1.649790E-16
 5927.87251048499  1.733560E-16
 5931.95210527449  1.742955E-16
 5936.031700064    1.763729E-16
 5940.11129485351  1.806051E-16
 5944.19088964302  1.752661E-16
 5948.27048443253  1.689479E-16
 5952.35007922204  1.730728E-16
 5956.42967401154  1.759943E-16
 5960.50926880105  1.695332E-16
 5964.58886359056  1.682542E-16
 5968.66845838007  1.740958E-16
 5972.74805316958  1.721897E-16
 5976.82764795909  1.712540E-16
 5980.9072427486   1.770411E-16
 5984.9868375381   1.783807E-16
 5989.06643232761  1.715901E-16
 5993.14602711712  1.693695E-16
 5997.22562190663  1.688669E-16
 6001.30521669614  1.688380E-16
 6005.38481148565  1.718363E-16
 6009.46440627516  1.678770E-16
 6013.54400106467  1.691433E-16
 6017.62359585417  1.748045E-16
 6021.70319064368  1.743644E-16
 6025.78278543319  1.754988E-16
 6029.8623802227   1.727797E-16
 6033.94197501221  1.657509E-16
 6038.02156980172  1.612705E-16
 6042.10116459123  1.644694E-16
 6046.18075938073  1.656016E-16
 6050.26035417024  1.677972E-16
 6054.33994895975  1.638647E-16
 6058.41954374926  1.619220E-16
 6062.49913853877  1.704419E-16
 6066.57873332828  1.704684E-16
 6070.65832811778  1.654019E-16
 6074.73792290729  1.659902E-16
 6078.8175176968   1.660339E-16
 6082.89711248631  1.678957E-16
 6086.97670727582  1.696167E-16
 6091.05630206533  1.644203E-16
 6095.13589685484  1.651448E-16
 6099.21549164434  1.634948E-16
 6103.29508643385  1.677840E-16
 6107.37468122336  1.702804E-16
 6111.45427601287  1.680753E-16
 6115.53387080238  1.683781E-16
 6119.61346559189  1.663399E-16
 6123.69306038139  1.663037E-16
 6127.7726551709   1.655362E-16
 6131.85224996041  1.650915E-16
 6135.93184474992  1.669244E-16
 6140.01143953943  1.691570E-16
 6144.09103432894  1.722162E-16
 6148.17062911845  1.695534E-16
 6152.25022390795  1.660900E-16
 6156.32981869746  1.651870E-16
 6160.40941348697  1.611854E-16
 6164.48900827648  1.612298E-16
 6168.56860306599  1.619119E-16
 6172.6481978555   1.654563E-16
 6176.72779264501  1.707134E-16
 6180.80738743451  1.727373E-16
 6184.88698222402  1.694606E-16
 6188.96657701353  1.604378E-16
 6193.04617180304  1.640332E-16
 6197.12576659255  1.683685E-16
 6201.20536138206  1.647620E-16
 6205.28495617157  1.627387E-16
 6209.36455096107  1.648445E-16
 6213.44414575058  1.617597E-16
 6217.52374054009  1.608124E-16
 6221.6033353296   1.629352E-16
 6225.68293011911  1.659818E-16
 6229.76252490862  1.626419E-16
 6233.84211969812  1.589410E-16
 6237.92171448763  1.609461E-16
 6242.00130927714  1.637235E-16
 6246.08090406665  1.647002E-16
 6250.16049885616  1.695019E-16
 6254.24009364567  1.687557E-16
 6258.31968843517  1.644368E-16
 6262.39928322468  1.638007E-16
 6266.47887801419  1.668904E-16
 6270.5584728037   1.682436E-16
 6274.63806759321  1.661226E-16
 6278.71766238272  1.630146E-16
 6282.79725717223  1.653586E-16
 6286.87685196174  1.685017E-16
 6290.95644675124  1.697566E-16
 6295.03604154075  1.657514E-16
 6299.11563633026  1.606213E-16
 6303.19523111977  1.568076E-16
 6307.27482590928  1.564673E-16
 6311.35442069879  1.587064E-16
 6315.4340154883   1.582002E-16
 6319.5136102778   1.591849E-16
 6323.59320506731  1.631278E-16
 6327.67279985682  1.693431E-16
 6331.75239464633  1.690656E-16
 6335.83198943584  1.651751E-16
 6339.91158422535  1.651036E-16
 6343.99117901485  1.581389E-16
 6348.07077380436  1.558682E-16
 6352.15036859387  1.557439E-16
 6356.22996338338  1.547136E-16
 6360.30955817289  1.570025E-16
 6364.3891529624   1.606089E-16
 6368.46874775191  1.576221E-16
 6372.54834254141  1.558315E-16
 6376.62793733092  1.521584E-16
 6380.70753212043  1.531306E-16
 6384.78712690994  1.576367E-16
 6388.86672169945  1.602723E-16
 6392.94631648896  1.632420E-16
 6397.02591127847  1.664650E-16
 6401.10550606797  1.641538E-16
 6405.18510085748  1.613428E-16
 6409.26469564699  1.600793E-16
 6413.3442904365   1.621694E-16
 6417.42388522601  1.628507E-16
 6421.50348001552  1.606205E-16
 6425.58307480502  1.603547E-16
 6429.66266959453  1.612676E-16
 6433.74226438404  1.624885E-16
 6437.82185917355  1.594898E-16
 6441.90145396306  1.614619E-16
 6445.98104875257  1.640558E-16
 6450.06064354208  1.637326E-16
 6454.14023833159  1.655046E-16
 6458.21983312109  1.675064E-16
 6462.2994279106   1.617422E-16
 6466.37902270011  1.601396E-16
 6470.45861748962  1.655064E-16
 6474.53821227913  1.619902E-16
 6478.61780706864  1.592629E-16
 6482.69740185814  1.591690E-16
 6486.77699664765  1.620482E-16
 6490.85659143716  1.634076E-16
 6494.93618622667  1.585723E-16
 6499.01578101618  1.609149E-16
 6503.09537580569  1.556178E-16
 6507.17497059519  1.565890E-16
 6511.2545653847   1.546387E-16
 6515.33416017421  1.582963E-16
 6519.41375496372  1.577842E-16
 6523.49334975323  1.559927E-16
 6527.57294454274  1.573414E-16
 6531.65253933224  1.551342E-16
 6535.73213412176  1.597041E-16
 6539.81172891126  1.628588E-16
 6543.89132370077  1.667320E-16
 6547.97091849028  1.720071E-16
 6552.05051327979  1.678015E-16
 6556.1301080693   1.679988E-16
 6560.20970285881  1.680166E-16
 6564.28929764831  1.709381E-16
 6568.36889243782  1.742318E-16
 6572.44848722733  1.822009E-16
 6576.52808201684  1.929426E-16
 6580.60767680635  2.103822E-16
 6584.68727159586  2.418057E-16
 6588.76686638537  3.019744E-16
 6592.84646117487  3.679227E-16
 6596.92605596438  3.779422E-16
 6601.00565075389  3.390232E-16
 6605.0852455434   2.897125E-16
 6609.16484033291  2.410869E-16
 6613.24443512242  2.100859E-16
 6617.32402991192  1.976082E-16
 6621.40362470143  1.803772E-16
 6625.48321949094  1.706287E-16
 6629.56281428045  1.678978E-16
 6633.64240906996  1.645783E-16
 6637.72200385947  1.604070E-16
 6641.80159864898  1.551288E-16
 6645.88119343848  1.542014E-16
 6649.96078822799  1.529102E-16
 6654.0403830175   1.552929E-16
 6658.11997780701  1.519269E-16
 6662.19957259652  1.516934E-16
 6666.27916738603  1.543742E-16
 6670.35876217554  1.517210E-16
 6674.43835696504  1.474231E-16
 6678.51795175455  1.500164E-16
 6682.59754654406  1.504823E-16
 6686.67714133357  1.494424E-16
 6690.75673612308  1.525533E-16
 6694.83633091259  1.533374E-16
 6698.91592570209  1.507904E-16
 6702.9955204916   1.538386E-16
 6707.07511528111  1.536413E-16
 6711.15471007062  1.493605E-16
 6715.23430486013  1.525670E-16
 6719.31389964964  1.557938E-16
 6723.39349443915  1.515840E-16
 6727.47308922866  1.465363E-16
 6731.55268401816  1.479050E-16
 6735.63227880767  1.464135E-16
 6739.71187359718  1.450432E-16
 6743.79146838669  1.479466E-16
 6747.8710631762   1.465033E-16
 6751.95065796571  1.420316E-16
 6756.03025275521  1.465998E-16
 6760.10984754472  1.493225E-16
 6764.18944233423  1.477394E-16
 6768.26903712374  1.466119E-16
 6772.34863191325  1.474379E-16
 6776.42822670276  1.483554E-16
 6780.50782149226  1.440186E-16
 6784.58741628177  1.427972E-16
 6788.66701107128  1.470025E-16
 6792.74660586079  1.480125E-16
 6796.8262006503   1.448201E-16
 6800.90579543981  1.408255E-16
 6804.98539022932  1.450906E-16
 6809.06498501883  1.484226E-16
 6813.14457980833  1.475017E-16
 6817.22417459784  1.494355E-16
 6821.30376938735  1.455141E-16
 6825.38336417686  1.433931E-16
 6829.46295896637  1.480239E-16
 6833.54255375588  1.446464E-16
 6837.62214854538  1.446703E-16
 6841.70174333489  1.478711E-16
 6845.7813381244   1.462840E-16
 6849.86093291391  1.464694E-16
 6853.94052770342  1.497283E-16
 6858.02012249293  1.518799E-16
 6862.09971728244  1.502754E-16
 6866.17931207194  1.494651E-16
 6870.25890686145  1.443150E-16
 6874.33850165096  1.387736E-16
 6878.41809644047  1.448297E-16
 6882.49769122998  1.497418E-16
 6886.57728601949  1.465431E-16
 6890.65688080899  1.378585E-16
 6894.7364755985   1.432200E-16
 6898.81607038801  1.450804E-16
 6902.89566517752  1.435284E-16
 6906.97525996703  1.452537E-16
 6911.05485475654  1.449737E-16
 6915.13444954605  1.469920E-16
 6919.21404433556  1.485736E-16
 6923.29363912506  1.443832E-16
 6927.37323391457  1.443525E-16
 6931.45282870408  1.446251E-16
 6935.53242349359  1.449020E-16
 6939.6120182831   1.475563E-16
 6943.69161307261  1.489272E-16
 6947.77120786211  1.457382E-16
 6951.85080265162  1.409548E-16
 6955.93039744113  1.416271E-16
 6960.00999223064  1.451189E-16
 6964.08958702015  1.463862E-16
 6968.16918180966  1.456048E-16
 6972.24877659916  1.423978E-16
 6976.32837138868  1.403634E-16
 6980.40796617818  1.437612E-16
 6984.48756096769  1.444946E-16
 6988.5671557572   1.451384E-16
 6992.64675054671  1.443736E-16
 6996.72634533622  1.425345E-16
 7000.80594012573  1.391194E-16
 7004.88553491523  1.402133E-16
 7008.96512970474  1.421864E-16
 7013.04472449425  1.439690E-16
 7017.12431928376  1.436302E-16
 7021.20391407327  1.425977E-16
 7025.28350886278  1.416579E-16
 7029.36310365228  1.417458E-16
 7033.44269844179  1.410940E-16
 7037.5222932313   1.422435E-16
 7041.60188802081  1.459676E-16
 7045.68148281032  1.404694E-16
 7049.76107759983  1.380441E-16
 7053.84067238934  1.375010E-16
 7057.92026717885  1.411671E-16
 7061.99986196835  1.428412E-16
 7066.07945675786  1.436817E-16
 7070.15905154737  1.414030E-16
 7074.23864633688  1.409899E-16
 7078.31824112639  1.400168E-16
 7082.3978359159   1.374542E-16
 7086.4774307054   1.416328E-16
 7090.55702549491  1.377044E-16
 7094.63662028442  1.316690E-16
 7098.71621507393  1.376496E-16
 7102.79580986344  1.400146E-16
 7106.87540465295  1.379983E-16
 7110.95499944246  1.387686E-16
 7115.03459423196  1.399121E-16
 7119.11418902147  1.396098E-16
 7123.19378381098  1.355971E-16
 7127.27337860049  1.357537E-16
 7131.35297339     1.386387E-16
 7135.43256817951  1.359706E-16
 7139.51216296902  1.376183E-16
 7143.59175775852  1.353637E-16
 7147.67135254803  1.343135E-16
 7151.75094733754  1.325065E-16
 7155.83054212705  1.353691E-16
 7159.91013691656  1.341195E-16
 7163.98973170607  1.327250E-16
 7168.06932649557  1.313547E-16
 7172.14892128508  1.338186E-16
 7176.22851607459  1.380269E-16
 7180.3081108641   1.376224E-16
 7184.38770565361  1.369117E-16
 7188.46730044312  1.333221E-16
 7192.54689523263  1.336625E-16
 7196.62649002213  1.369012E-16
 7200.70608481164  1.330111E-16
 7204.78567960115  1.309714E-16
 7208.86527439066  1.346315E-16
 7212.94486918017  1.377208E-16
 7217.02446396968  1.370568E-16
 7221.10405875919  1.340378E-16
 7225.1836535487   1.329360E-16
 7229.2632483382   1.375480E-16
 7233.34284312771  1.353367E-16
 7237.42243791722  1.359106E-16
 7241.50203270673  1.336182E-16
 7245.58162749624  1.335414E-16
 7249.66122228575  1.342916E-16
 7253.74081707525  1.287817E-16
 7257.82041186476  1.342112E-16
 7261.90000665427  1.364957E-16
 7265.97960144378  1.359115E-16
 7270.05919623329  1.384727E-16
 7274.1387910228   1.361402E-16
 7278.2183858123   1.339068E-16
 7282.29798060181  1.338220E-16
 7286.37757539132  1.276868E-16
 7290.45717018083  1.295761E-16
 7294.53676497034  1.339156E-16
 7298.61635975985  1.338643E-16
 7302.69595454936  1.307295E-16
 7306.77554933886  1.329826E-16
 7310.85514412837  1.329298E-16
 7314.93473891788  1.345094E-16
 7319.01433370739  1.481153E-16
 7323.0939284969   1.718446E-16
 7327.17352328641  1.822064E-16
 7331.25311807592  1.716954E-16
 7335.33271286542  1.549622E-16
 7339.41230765493  1.379470E-16
 7343.49190244444  1.292525E-16
 7347.57149723395  1.360924E-16
 7351.65109202346  1.456287E-16
 7355.73068681297  1.621998E-16
 7359.81028160248  1.687976E-16
 7363.88987639199  1.591243E-16
 7367.96947118149  1.464518E-16
 7372.049065971    1.368730E-16
 7376.12866076051  1.331028E-16
 7380.20825555002  1.305663E-16
 7384.28785033953  1.248621E-16
 7388.36744512904  1.256925E-16
 7392.44703991854  1.302155E-16
 7396.52663470805  1.284525E-16
 7400.60622949756  1.284726E-16
 7404.68582428707  1.267845E-16
 7408.76541907658  1.260203E-16
 7412.84501386609  1.298779E-16
 7416.92460865559  1.320527E-16
 7421.0042034451   1.243160E-16
 7425.08379823461  1.260914E-16
 7429.16339302412  1.294785E-16
 7433.24298781363  1.293936E-16
 7437.32258260314  1.282874E-16
 7441.40217739264  1.258340E-16
 7445.48177218215  1.280273E-16
 7449.56136697166  1.326416E-16
 7453.64096176117  1.296964E-16
 7457.72055655068  1.266630E-16
 7461.80015134019  1.302500E-16
 7465.8797461297   1.267468E-16
 7469.95934091921  1.247665E-16
 7474.03893570872  1.259603E-16
 7478.11853049822  1.259763E-16
 7482.19812528773  1.280703E-16
 7486.27772007724  1.306883E-16
 7490.35731486675  1.304920E-16
 7494.43690965626  1.290317E-16
 7498.51650444577  1.272412E-16
 7502.59609923527  1.264301E-16
 7506.67569402478  1.251809E-16
 7510.75528881429  1.227625E-16
 7514.8348836038   1.208798E-16
 7518.91447839331  1.208014E-16
 7522.99407318282  1.249053E-16
 7527.07366797232  1.248930E-16
 7531.15326276183  1.233252E-16
 7535.23285755134  1.261039E-16
 7539.31245234085  1.223140E-16
 7543.39204713036  1.216007E-16
 7547.47164191987  1.203982E-16
 7551.55123670938  1.210950E-16
 7555.63083149888  1.224239E-16
 7559.71042628839  1.238600E-16
 7563.7900210779   1.221725E-16
 7567.86961586741  1.232223E-16
 7571.94921065692  1.267337E-16
 7576.02880544643  1.307789E-16
 7580.10840023593  1.303475E-16
 7584.18799502544  1.380045E-16
 7588.26758981495  1.471228E-16
 7592.34718460446  1.529107E-16
 7596.42677939397  1.189783E-16
 7600.50637418348  1.040350E-16
 7604.58596897299  1.051984E-16
 7608.6655637625   1.192266E-16
 7612.745158552    1.453564E-16
 7616.82475334151  1.473551E-16
 7620.90434813102  1.271362E-16
 7624.98394292053  1.203391E-16
 7629.06353771004  1.215819E-16
 7633.14313249955  1.187644E-16
 7637.22272728905  1.242036E-16
 7641.30232207856  1.335016E-16
 7645.38191686807  1.325078E-16
 7649.46151165758  1.208345E-16
 7653.54110644709  1.099783E-16
 7657.6207012366   1.086211E-16
 7661.7002960261   1.093602E-16
 7665.77989081561  1.134572E-16
 7669.85948560512  1.230536E-16
 7673.93908039463  1.260985E-16
 7678.01867518414  1.278929E-16
 7682.09826997365  1.290464E-16
 7686.17786476316  1.216975E-16
 7690.25745955266  1.150975E-16
 7694.33705434217  1.115997E-16
 7698.41664913168  1.113852E-16
 7702.49624392119  1.146901E-16
 7706.5758387107   1.185373E-16
 7710.65543350021  1.239970E-16
 7714.73502828971  1.188920E-16
 7718.81462307922  1.133192E-16
 7722.89421786873  1.094900E-16
 7726.97381265824  1.108472E-16
 7731.05340744775  1.134226E-16
 7735.13300223726  1.154572E-16
 7739.21259702677  1.145658E-16
 7743.29219181628  1.205826E-16
 7747.37178660579  1.256349E-16
 7751.45138139529  1.239095E-16
 7755.5309761848   1.182139E-16
 7759.61057097431  1.138748E-16
 7763.69016576382  1.140478E-16
 7767.76976055333  1.098868E-16
 7771.84935534284  1.102607E-16
 7775.92895013234  1.173641E-16
 7780.00854492185  1.217718E-16
 7784.08813971136  1.228850E-16
 7788.16773450087  1.218647E-16
 7792.24732929038  1.174231E-16
 7796.32692407989  1.104555E-16
 7800.40651886939  1.070959E-16
 7804.4861136589   1.030324E-16
 7808.56570844841  1.047961E-16
 7812.64530323792  1.110610E-16
 7816.72489802743  1.146702E-16
 7820.80449281694  1.127142E-16
 7824.88408760645  1.115063E-16
 7828.96368239595  1.113133E-16
 7833.04327718546  1.117668E-16
 7837.12287197497  1.115341E-16
 7841.20246676448  1.157437E-16
 7845.28206155399  1.258496E-16
 7849.3616563435   1.256259E-16
 7853.441251133    1.184270E-16
 7857.52084592251  1.143259E-16
 7861.60044071202  1.141797E-16
 7865.68003550153  1.137243E-16
 7869.75963029104  1.151221E-16
 7873.83922508055  1.165912E-16
 7877.91881987006  1.234714E-16
 7881.99841465957  1.227871E-16
 7886.07800944907  1.188926E-16
 7890.15760423858  1.150476E-16
 7894.23719902809  1.112852E-16
 7898.3167938176   1.166776E-16
 7902.39638860711  1.213768E-16
 7906.47598339662  1.239946E-16
 7910.55557818613  1.222451E-16
 7914.63517297563  1.158796E-16
 7918.71476776514  1.115108E-16
 7922.79436255465  1.082625E-16
 7926.87395734416  1.102700E-16
 7930.95355213367  1.148822E-16
 7935.03314692318  1.183058E-16
 7939.11274171268  1.181318E-16
 7943.19233650219  1.156467E-16
 7947.2719312917   1.133752E-16
 7951.35152608121  1.082102E-16
 7955.43112087072  1.039671E-16
 7959.51071566023  1.093920E-16
 7963.59031044973  1.156891E-16
 7967.66990523924  1.127698E-16
 7971.74950002875  1.124728E-16
 7975.82909481826  1.090711E-16
 7979.90868960777  1.054173E-16
 7983.98828439728  1.050199E-16
 7988.06787918678  1.053558E-16
 7992.14747397629  1.095451E-16
 7996.2270687658   1.140733E-16
 8000.30666355531  1.140405E-16
 8004.38625834482  1.146090E-16
 8008.46585313433  1.163695E-16
 8012.54544792384  1.162537E-16
 8016.62504271335  1.122562E-16
 8020.70463750286  1.096383E-16
 8024.78423229236  1.123969E-16
 8028.86382708187  1.172839E-16
 8032.94342187138  1.196297E-16
 8037.02301666089  1.147626E-16
 8041.1026114504   1.077740E-16
 8045.1822062399   1.090370E-16
 8049.26180102941  1.138839E-16
 8053.34139581892  1.141251E-16
 8057.42099060843  1.103963E-16
 8061.50058539794  1.074944E-16
 8065.58018018745  1.084953E-16
 8069.65977497696  1.095478E-16
 8073.73936976647  1.080645E-16
 8077.81896455597  1.072343E-16
 8081.89855934548  1.132927E-16
 8085.97815413499  1.151707E-16
 8090.0577489245   1.135663E-16
 8094.13734371401  1.167267E-16
 8098.21693850352  1.128157E-16
 8102.29653329303  1.101730E-16
 8106.37612808253  1.071378E-16
 8110.45572287204  1.041393E-16
 8114.53531766155  1.052851E-16
 8118.61491245106  1.106660E-16
 8122.69450724057  1.126715E-16
 8126.77410203007  1.181315E-16
 8130.85369681958  1.192503E-16
 8134.93329160909  1.200135E-16
 8139.0128863986   1.201577E-16
 8143.09248118811  1.144907E-16
 8147.17207597762  1.118053E-16
 8151.25167076713  1.081728E-16
 8155.33126555664  1.056049E-16
 8159.41086034614  1.113652E-16
 8163.49045513565  1.147711E-16
 8167.57004992516  1.126381E-16
 8171.64964471467  1.086552E-16
 8175.72923950418  1.064475E-16
 8179.80883429369  1.054504E-16
 8183.88842908319  1.061523E-16
 8187.9680238727   1.079211E-16
 8192.04761866221  1.077869E-16
 8196.12721345172  1.069586E-16
 8200.20680824123  1.056421E-16
 8204.28640303074  1.068423E-16
 8208.36599782025  1.089913E-16
 8212.44559260975  1.102232E-16
 8216.52518739926  1.078826E-16
 8220.60478218877  1.036926E-16
 8224.68437697828  1.021267E-16
 8228.76397176779  1.029342E-16
 8232.8435665573   1.049239E-16
 8236.92316134681  1.062882E-16
 8241.00275613631  1.059210E-16
 8245.08235092582  1.096749E-16
 8249.16194571533  1.094706E-16
 8253.24154050484  1.055752E-16
 8257.32113529435  1.032304E-16
 8261.40073008386  1.068264E-16
 8265.48032487336  1.077330E-16
 8269.55991966287  1.037553E-16
 8273.63951445238  1.062649E-16
 8277.71910924189  1.086058E-16
 8281.7987040314   1.083259E-16
 8285.87829882091  1.069049E-16
 8289.95789361042  1.071133E-16
 8294.03748839993  1.073907E-16
 8298.11708318943  1.082181E-16
 8302.19667797894  1.090428E-16
 8306.27627276845  1.080070E-16
 8310.35586755796  1.099272E-16
 8314.43546234747  1.091957E-16
 8318.51505713698  1.032647E-16
 8322.59465192648  1.009101E-16
 8326.67424671599  1.020815E-16
 8330.7538415055   1.019108E-16
 8334.83343629501  1.010612E-16
 8338.91303108452  1.020600E-16
 8342.99262587403  9.987688E-17
 8347.07222066353  9.484917E-17
 8351.15181545304  9.403905E-17
 8355.23141024255  1.006343E-16
 8359.31100503206  1.042268E-16
 8363.39059982157  1.015121E-16
 8367.47019461108  1.005275E-16
 8371.54978940059  9.832182E-17
 8375.6293841901   1.026049E-16
 8379.7089789796   1.067832E-16
 8383.78857376911  1.012721E-16
 8387.86816855862  1.025720E-16
 8391.94776334813  1.081283E-16
 8396.02735813764  1.080622E-16
 8400.10695292715  1.036805E-16
 8404.18654771665  1.036957E-16
 8408.26614250616  1.058132E-16
 8412.34573729567  1.082680E-16
 8416.42533208518  1.058939E-16
 8420.50492687469  9.854769E-17
 8424.5845216642   1.006161E-16
 8428.66411645371  1.032420E-16
 8432.74371124321  9.835348E-17
 8436.82330603272  9.513074E-17
 8440.90290082223  1.005594E-16
 8444.98249561174  1.056773E-16
 8449.06209040125  1.058015E-16
 8453.14168519076  1.043072E-16
 8457.22127998027  1.014742E-16
 8461.30087476977  1.015513E-16
 8465.38046955928  1.046436E-16
 8469.46006434879  1.034060E-16
 8473.5396591383   9.714923E-17
 8477.61925392781  9.542821E-17
 8481.69884871732  9.860729E-17
 8485.77844350682  9.941899E-17
 8489.85803829633  1.062801E-16
 8493.93763308584  1.108262E-16
 8498.01722787535  1.127318E-16
 8502.09682266486  1.167171E-16
 8506.17641745437  1.041440E-16
 8510.25601224388  1.024563E-16
 8514.33560703338  1.094250E-16
 8518.41520182289  1.162332E-16
 8522.4947966124   1.199423E-16
 8526.57439140191  1.197496E-16
 8530.65398619142  1.200593E-16
 8534.73358098093  1.248243E-16
 8538.81317577044  1.346552E-16
 8542.89277055994  1.352317E-16
 8546.97236534945  1.318017E-16
 8551.05196013896  1.297461E-16
 8555.13155492847  1.291439E-16
 8559.21114971798  1.249677E-16
 8563.29074450749  1.250119E-16
 8567.370339297    1.303928E-16
 8571.44993408651  1.299294E-16
 8575.52952887601  1.207127E-16
 8579.60912366552  1.159911E-16
 8583.68871845503  1.186857E-16
 8587.76831324454  1.239704E-16
 8591.84790803405  1.284181E-16
 8595.92750282356  1.271616E-16
 8600.00709761306  1.273500E-16
 8604.08669240257  1.274760E-16
 8608.16628719208  1.230815E-16
 8612.24588198159  1.204866E-16
 8616.3254767711   1.135357E-16
 8620.40507156061  1.105747E-16
 8624.48466635011  1.090288E-16
 8628.56426113962  9.873426E-17
 8632.64385592913  9.485853E-17
 8636.72345071864  9.435573E-17
 8640.80304550815  9.482700E-17
 8644.88264029766  9.267746E-17
 8648.96223508717  9.899293E-17
 8653.04182987667  1.116226E-16
 8657.12142466618  1.111516E-16
 8661.20101945569  1.016967E-16
 8665.2806142452   9.820145E-17
 8669.36020903471  9.668599E-17
 8673.43980382422  9.347502E-17
 8677.51939861373  9.331178E-17
 8681.59899340323  9.830932E-17
 8685.67858819274  1.053234E-16
 8689.75818298225  1.124645E-16
 8693.83777777176  1.192172E-16
 8697.91737256127  1.220100E-16
 8701.99696735078  1.261113E-16
 8706.07656214029  1.343921E-16
 8710.1561569298   1.312806E-16
 8714.2357517193   1.178504E-16
 8718.31534650881  1.084299E-16
 8722.39494129832  1.022872E-16
 8726.47453608783  1.024702E-16
 8730.55413087734  1.075625E-16
 8734.63372566685  1.110176E-16
 8738.71332045635  1.141081E-16
 8742.79291524586  1.072345E-16
 8746.87251003537  9.916775E-17
 8750.95210482488  9.947873E-17
 8755.03169961439  9.174916E-17
 8759.1112944039   8.796901E-17
 8763.19088919341  9.372713E-17
 8767.27048398291  9.549875E-17
 8771.35007877242  9.310074E-17
 8775.42967356193  9.883218E-17
 8779.50926835144  9.776962E-17
 8783.58886314095  9.574721E-17
 8787.66845793045  9.471544E-17
 8791.74805271996  9.070892E-17
 8795.82764750947  8.840625E-17
 8799.90724229898  9.471239E-17
 8803.98683708849  9.753415E-17
 8808.066431878    9.323668E-17
 8812.14602666751  9.075118E-17
 8816.22562145702  8.888541E-17
 8820.30521624652  8.981885E-17
 8824.38481103603  9.851844E-17
 8828.46440582554  9.292816E-17
 8832.54400061505  7.974038E-17
 8836.62359540456  7.732801E-17
 8840.70319019407  8.153889E-17
 8844.78278498358  8.577310E-17
 8848.86237977309  8.542388E-17
 8852.94197456259  8.920565E-17
 8857.0215693521   9.521788E-17
 8861.10116414161  9.929439E-17
 8865.18075893112  1.060706E-16
 8869.26035372063  1.040728E-16
 8873.33994851013  9.984843E-17
 8877.41954329964  1.061493E-16
 8881.49913808915  1.080575E-16
 8885.57873287866  9.427006E-17
 8889.65832766817  8.282554E-17
 8893.73792245768  8.450269E-17
 8897.81751724719  8.096462E-17
 8901.89711203669  8.655458E-17
 8905.9767068262   9.765669E-17
 8910.05630161571  1.015729E-16
 8914.13589640522  9.747117E-17
 8918.21549119473  9.533809E-17
 8922.29508598424  9.440121E-17
 8926.37468077374  9.474463E-17
 8930.45427556325  9.420542E-17
 8934.53387035276  9.565928E-17
 8938.61346514227  8.983614E-17
 8942.69305993178  8.566116E-17
 8946.77265472129  7.905255E-17
 8950.8522495108   7.472237E-17
 8954.93184430031  7.802534E-17
 8959.01143908981  8.225837E-17
 8963.09103387932  8.886583E-17
 8967.17062866883  9.586180E-17
 8971.25022345834  9.959085E-17
 8975.32981824785  1.028116E-16
 8979.40941303736  1.026425E-16
 8983.48900782686  9.770681E-17
 8987.56860261637  9.361611E-17
 8991.64819740588  9.048351E-17
 8995.72779219539  8.734651E-17
 8999.8073869849   8.457321E-17
 9003.88698177441  8.108523E-17
 9007.96657656392  8.034406E-17
 9012.04617135342  8.453601E-17
 9016.12576614293  8.738618E-17
 9020.20536093244  8.953824E-17
 9024.28495572195  1.021272E-16
 9028.36455051146  1.072209E-16
 9032.44414530097  9.660290E-17
 9036.52374009048  9.238324E-17
 9040.60333487998  9.771860E-17
 9044.68292966949  9.224919E-17
 9048.762524459    8.581172E-17
 9052.84211924851  7.620970E-17
 9056.92171403802  7.437160E-17
 9061.00130882753  7.891460E-17
 9065.08090361703  8.392753E-17
 9069.16049840654  8.987605E-17
 9073.24009319605  8.920880E-17
 9077.31968798556  9.148383E-17
 9081.39928277507  9.616740E-17
 9085.47887756458  9.791648E-17
 9089.55847235409  9.803923E-17
 9093.63806714359  9.346776E-17
 9097.7176619331   8.325034E-17
 9101.79725672261  7.598195E-17
 9105.87685151212  7.448475E-17
 9109.95644630163  7.943576E-17
 9114.03604109114  7.582840E-17
 9118.11563588064  6.240288E-17
 9122.19523067015  7.241795E-17
 9126.27482545966  8.410094E-17
 9130.35442024917  8.008683E-17
 9134.43401503868  8.741882E-17
 9138.51360982819  9.343243E-17
 9142.59320461769  9.102981E-17
 9146.6727994072   8.009364E-17
 9150.75239419671  7.290694E-17
 9154.83198898622  8.401377E-17
 9158.91158377573  8.223581E-17
 9162.99117856524  8.352767E-17
 9167.07077335475  8.851900E-17
 9171.15036814426  7.869947E-17
 9175.22996293376  7.670246E-17
 9179.30955772327  8.261681E-17
 9183.38915251278  8.548149E-17
 9187.46874730229  8.504392E-17
 9191.5483420918   9.066198E-17
 9195.62793688131  8.911049E-17
 9199.70753167081  8.931817E-17
 9203.78712646032  9.488677E-17
 9207.86672124983  9.233341E-17
 9211.94631603934  8.863504E-17
 9216.02591082885  8.263127E-17
 9220.10550561836  7.977769E-17
 9224.18510040787  8.231638E-17
 9228.26469519738  8.463981E-17
 9232.34428998688  8.906497E-17
 9236.42388477639  9.120122E-17
 9240.5034795659   9.194201E-17
 9244.58307435541  9.150549E-17
 9248.66266914492  8.906702E-17
 9252.74226393443  8.849222E-17
 9256.82185872393  8.462563E-17
 9260.90145351344  7.934447E-17
 9264.98104830295  7.913020E-17
 9269.06064309246  7.571753E-17
 9273.14023788197  7.187443E-17
 9277.21983267148  8.093150E-17
 9281.29942746099  8.785466E-17
 9285.37902225049  8.501676E-17
 9289.45861704     8.837096E-17
 9293.53821182951  8.707513E-17
 9297.61780661902  8.913673E-17
 9301.69740140853  8.522311E-17
 9305.77699619804  8.362768E-17
 9309.85659098755  7.263348E-17
 9313.93618577705  7.144835E-17
 9318.01578056656  7.431250E-17
 9322.09537535607  7.430689E-17
 9326.17497014558  7.713877E-17
 9330.25456493509  7.809852E-17
 9334.3341597246   7.924858E-17
 9338.4137545141   7.472482E-17
 9342.49334930361  7.088139E-17
 9346.57294409312  7.936405E-17
 9350.65253888263  8.321676E-17
 9354.73213367214  8.880775E-17
 9358.81172846165  9.448983E-17
 9362.89132325116  7.929631E-17
 9366.97091804067  7.598443E-17
 9371.05051283017  7.998405E-17
 9375.13010761968  6.980232E-17
 9379.20970240919  6.937304E-17
 9383.2892971987   7.077111E-17
 9387.36889198821  7.770135E-17
 9391.44848677772  8.716935E-17
 9395.52808156723  7.644716E-17
 9399.60767635673  7.821641E-17
 9403.68727114624  8.403407E-17
 9407.76686593575  7.516254E-17
 9411.84646072526  7.919345E-17
 9415.92605551477  8.130600E-17
 9420.00565030427  8.044462E-17
 9424.08524509378  7.521109E-17
 9428.16483988329  7.690565E-17
 9432.2444346728   7.293271E-17
 9436.32402946231  7.184101E-17
 9440.40362425182  7.442783E-17
 9444.48321904133  8.880559E-17
 9448.56281383083  8.714871E-17
 9452.64240862034  8.188618E-17
 9456.72200340985  8.626583E-17
 9460.80159819936  8.362640E-17
 9464.88119298887  7.583129E-17
 9468.96078777838  7.937382E-17
 9473.04038256788  8.034563E-17
 9477.11997735739  8.029343E-17
 9481.1995721469   8.406430E-17
 9485.27916693641  9.158409E-17
 9489.35876172592  1.000700E-16
 9493.43835651543  9.157523E-17
 9497.51795130494  7.831097E-17
 9501.59754609445  8.219667E-17
 9505.67714088395  8.314964E-17
 9509.75673567346  7.744149E-17
 9513.83633046297  6.323923E-17
 9517.91592525248  6.308420E-17
 9521.99552004199  6.764439E-17
 9526.0751148315   7.003012E-17
 9530.15470962101  7.923402E-17
 9534.23430441051  8.276517E-17
 9538.31389920002  8.326072E-17
 9542.39349398953  8.753162E-17
 9546.47308877904  9.244783E-17
 9550.55268356855  8.494018E-17
 9554.63227835806  7.771978E-17
 9558.71187314756  7.785706E-17
 9562.79146793707  7.963549E-17
 9566.87106272658  7.921156E-17
 9570.95065751609  6.901641E-17
 9575.0302523056   7.034043E-17
 9579.10984709511  7.358052E-17
 9583.18944188462  6.981393E-17
 9587.26903667412  7.001811E-17
 9591.34863146363  7.488448E-17
 9595.42822625314  8.137500E-17
 9599.50782104265  8.848960E-17
 9603.58741583216  8.805229E-17
 9607.66701062166  8.871956E-17
 9611.74660541118  8.656558E-17
 9615.82620020068  8.907622E-17
 9619.90579499019  9.592137E-17
 9623.9853897797   8.617145E-17
 9628.06498456921  8.177534E-17
 9632.14457935872  8.478599E-17
 9636.22417414823  8.314907E-17
 9640.30376893774  8.286147E-17
 9644.38336372724  8.400262E-17
 9648.46295851675  7.479681E-17
 9652.54255330626  7.714739E-17
 9656.62214809577  7.226131E-17
 9660.70174288528  6.550143E-17
 9664.78133767479  6.870365E-17
 9668.8609324643   6.871534E-17
 9672.9405272538   6.880871E-17
 9677.02012204331  6.874846E-17
 9681.09971683282  7.914080E-17
 9685.17931162233  8.647504E-17
 9689.25890641184  9.286300E-17
 9693.33850120135  8.529974E-17
 9697.41809599085  7.375488E-17
 9701.49769078036  7.954882E-17
 9705.57728556987  8.437717E-17
 9709.65688035938  8.164809E-17
 9713.73647514889  7.495688E-17
 9717.8160699384   8.199742E-17
 9721.8956647279   9.272485E-17
 9725.97525951742  8.095508E-17
 9730.05485430692  7.845574E-17
 9734.13444909643  8.649157E-17
 9738.21404388594  8.025116E-17
 9742.29363867545  8.866941E-17
 9746.37323346496  9.301633E-17
 9750.45282825447  7.143070E-17
 9754.53242304397  6.994072E-17
 9758.61201783348  6.703581E-17
 9762.69161262299  6.878105E-17
 9766.7712074125   8.094244E-17
 9770.85080220201  6.719858E-17
 9774.93039699152  6.321162E-17
 9779.00999178102  7.038969E-17
 9783.08958657054  6.825530E-17
 9787.16918136004  6.772676E-17
 9791.24877614955  6.700927E-17
 9795.32837093906  7.711120E-17
 9799.40796572857  7.185684E-17
 9803.48756051808  5.752560E-17
 9807.56715530758  7.260201E-17
 9811.64675009709  7.835783E-17
 9815.7263448866   6.048166E-17
 9819.80593967611  5.575723E-17
 9823.88553446562  7.319846E-17
 9827.96512925513  7.061651E-17
 9832.04472404464  7.053470E-17
 9836.12431883414  6.977355E-17
 9840.20391362365  7.067922E-17
 9844.28350841316  8.795000E-17
 9848.36310320267  8.709416E-17
 9852.44269799218  6.652983E-17
 9856.52229278169  6.526133E-17
 9860.6018875712   7.945122E-17
 9864.68148236071  5.763814E-17
 9868.76107715021  4.079453E-17
 9872.84067193972  5.113551E-17
 9876.92026672923  5.922461E-17
 9880.99986151874  7.419051E-17
 9885.07945630825  5.388066E-17
 9889.15905109776  5.291412E-17
 9893.23864588726  8.178811E-17
 9897.31824067677  8.585244E-17
 9901.39783546628  7.909205E-17
 9905.47743025579  8.144176E-17
 9909.5570250453   6.351005E-17
 9913.63661983481  5.047127E-17
 9917.71621462431  4.957366E-17
 9921.79580941382  6.215933E-17
 9925.87540420333  6.294402E-17
 9929.95499899284  6.075691E-17
 9934.03459378235  6.563084E-17
 9938.11418857186  5.132261E-17
 9942.19378336137  6.260274E-17
 9946.27337815087  6.806323E-17
 9950.35297294038  5.088302E-17
 9954.43256772989  4.707575E-17
 9958.5121625194   3.463652E-17
 9962.59175730891  3.587687E-17
 9966.67135209842  6.282237E-17
 9970.75094688793  6.514558E-17
 9974.83054167743  7.063981E-17
 9978.91013646694  7.704342E-17
 9982.98973125645  8.949284E-17
 9987.06932604596  6.279139E-17
 9991.14892083547  6.584989E-17
 9995.22851562498  6.730724E-17
