 3643.330078125    1.264013E-17
 3645.40203081704  9.922266E-18
 3647.47398350909  1.101425E-17
 3649.54593620113  7.005644E-18
 3651.61788889317  1.286448E-18
 3653.68984158521  5.434726E-19
 3655.76179427725  1.260242E-17
 3657.83374696929  1.934136E-17
 3659.90569966133  5.493711E-18
 3661.97765235338  -9.610784E-19
 3664.04960504542  -4.872136E-18
 3666.12155773746  2.501174E-18
 3668.1935104295   2.180108E-17
 3670.26546312154  -9.869082E-18
 3672.33741581358  -8.136586E-19
 3674.40936850562  -2.394889E-18
 3676.48132119766  1.021805E-17
 3678.55327388971  2.134967E-17
 3680.62522658175  1.792521E-17
 3682.69717927379  1.520176E-18
 3684.76913196583  9.534272E-18
 3686.84108465787  2.070320E-17
 3688.91303734991  2.523622E-17
 3690.98499004195  3.965330E-17
 3693.05694273399  1.942256E-17
 3695.12889542604  7.567507E-18
 3697.20084811808  -5.287140E-18
 3699.27280081012  1.749951E-17
 3701.34475350216  1.568762E-17
 3703.4167061942   1.633318E-17
 3705.48865888624  1.604241E-17
 3707.56061157828  1.712703E-17
 3709.63256427032  5.886945E-18
 3711.70451696237  7.397015E-18
 3713.77646965441  2.153318E-17
 3715.84842234645  9.985104E-18
 3717.92037503849  2.990043E-18
 3719.99232773053  7.266626E-18
 3722.06428042257  1.337678E-17
 3724.13623311461  1.883893E-17
 3726.20818580666  3.299984E-17
 3728.2801384987   1.935738E-17
 3730.35209119074  -8.230412E-18
 3732.42404388278  3.868880E-17
 3734.49599657482  7.775506E-17
 3736.56794926686  1.311675E-16
 3738.6399019589   9.619310E-17
 3740.71185465094  6.322236E-17
 3742.78380734299  2.369674E-17
 3744.85576003503  3.867744E-18
 3746.92771272707  -1.383045E-17
 3748.99966541911  1.570472E-17
 3751.07161811115  2.286526E-17
 3753.14357080319  9.736889E-18
 3755.21552349523  3.203670E-17
 3757.28747618727  1.877298E-17
 3759.35942887932  8.763318E-18
 3761.43138157136  2.849538E-17
 3763.5033342634   1.251917E-17
 3765.57528695544  8.440785E-18
 3767.64723964748  3.364057E-18
 3769.71919233952  3.350416E-18
 3771.79114503156  1.660809E-17
 3773.8630977236   1.703494E-17
 3775.93505041565  2.969206E-18
 3778.00700310769  -4.415462E-18
 3780.07895579973  3.122542E-19
 3782.15090849177  1.912635E-17
 3784.22286118381  1.766163E-17
 3786.29481387585  1.416246E-17
 3788.36676656789  2.173816E-17
 3790.43871925994  1.598722E-17
 3792.51067195198  1.834152E-17
 3794.58262464402  1.701837E-17
 3796.65457733606  2.465165E-17
 3798.7265300281   9.743265E-18
 3800.79848272014  1.691234E-17
 3802.87043541218  4.496706E-18
 3804.94238810422  1.459429E-17
 3807.01434079627  1.536934E-17
 3809.08629348831  6.832100E-18
 3811.15824618035  1.235451E-17
 3813.23019887239  1.699917E-17
 3815.30215156443  1.784416E-17
 3817.37410425647  7.798767E-18
 3819.44605694851  4.438022E-18
 3821.51800964055  7.335188E-18
 3823.5899623326   5.466024E-18
 3825.66191502464  9.867438E-18
 3827.73386771668  1.061103E-17
 3829.80582040872  2.303885E-17
 3831.87777310076  1.933991E-17
 3833.9497257928   5.860896E-18
 3836.02167848484  6.634454E-18
 3838.09363117689  7.467639E-18
 3840.16558386893  1.075651E-17
 3842.23753656097  2.896971E-18
 3844.30948925301  1.770639E-17
 3846.38144194505  1.711720E-17
 3848.45339463709  1.210386E-17
 3850.52534732913  1.061716E-17
 3852.59730002117  1.314618E-17
 3854.66925271322  1.993761E-17
 3856.74120540526  2.355873E-17
 3858.8131580973   1.502293E-17
 3860.88511078934  1.487220E-17
 3862.95706348138  1.457564E-17
 3865.02901617342  1.770945E-17
 3867.10096886546  1.337983E-17
 3869.17292155751  8.766525E-18
 3871.24487424955  1.659885E-17
 3873.31682694159  1.702254E-17
 3875.38877963363  2.167763E-17
 3877.46073232567  1.809753E-17
 3879.53268501771  2.410563E-17
 3881.60463770975  1.906995E-17
 3883.67659040179  1.217347E-17
 3885.74854309384  1.267702E-17
 3887.82049578588  1.369120E-17
 3889.89244847792  1.553135E-17
 3891.96440116996  1.356392E-17
 3894.036353862    1.910484E-17
 3896.10830655404  1.456700E-17
 3898.18025924608  8.985373E-18
 3900.25221193813  1.067935E-17
 3902.32416463017  1.364454E-17
 3904.39611732221  2.110829E-17
 3906.46807001425  2.007518E-17
 3908.54002270629  1.980873E-17
 3910.61197539833  1.494617E-17
 3912.68392809037  1.219552E-17
 3914.75588078241  9.633498E-18
 3916.82783347446  1.499488E-17
 3918.8997861665   9.402675E-18
 3920.97173885854  1.617199E-17
 3923.04369155058  1.807509E-17
 3925.11564424262  2.566189E-17
 3927.18759693466  2.146474E-17
 3929.2595496267   1.600973E-17
 3931.33150231875  1.920215E-17
 3933.40345501079  1.822557E-17
 3935.47540770283  1.220327E-17
 3937.54736039487  1.100451E-17
 3939.61931308691  1.077637E-17
 3941.69126577895  1.854223E-17
 3943.76321847099  2.049452E-17
 3945.83517116303  2.123075E-17
 3947.90712385508  1.976530E-17
 3949.97907654712  2.172900E-17
 3952.05102923916  1.408260E-17
 3954.1229819312   2.092537E-17
 3956.19493462324  1.558303E-17
 3958.26688731528  1.728267E-17
 3960.33884000732  1.484069E-17
 3962.41079269936  7.418605E-18
 3964.48274539141  1.308046E-17
 3966.55469808345  1.216173E-17
 3968.62665077549  1.851290E-17
 3970.69860346753  1.614620E-17
 3972.77055615957  1.700473E-17
 3974.84250885161  1.506492E-17
 3976.91446154365  1.430753E-17
 3978.98641423569  1.648351E-17
 3981.05836692774  1.780043E-17
 3983.13031961978  2.259585E-17
 3985.20227231182  1.832490E-17
 3987.27422500386  1.522586E-17
 3989.3461776959   1.183781E-17
 3991.41813038794  1.816869E-17
 3993.49008307998  1.459241E-17
 3995.56203577203  5.608395E-18
 3997.63398846407  1.423936E-17
 3999.70594115611  1.228172E-17
 4001.77789384815  1.335719E-17
 4003.84984654019  1.651634E-17
 4005.92179923223  1.810955E-17
 4007.99375192427  1.973011E-17
 4010.06570461631  1.411636E-17
 4012.13765730836  1.512353E-17
 4014.2096100004   2.151599E-17
 4016.28156269244  1.322706E-17
 4018.35351538448  1.275257E-17
 4020.42546807652  1.488958E-17
 4022.49742076856  2.380850E-17
 4024.5693734606   1.738053E-17
 4026.64132615264  1.550292E-17
 4028.71327884469  1.730570E-17
 4030.78523153673  1.629757E-17
 4032.85718422877  1.341857E-17
 4034.92913692081  9.738064E-18
 4037.00108961285  1.342611E-17
 4039.07304230489  1.710441E-17
 4041.14499499693  9.617056E-18
 4043.21694768897  8.209608E-18
 4045.28890038102  1.549417E-17
 4047.36085307306  1.495613E-17
 4049.4328057651   1.180683E-17
 4051.50475845714  1.164546E-17
 4053.57671114918  1.544505E-17
 4055.64866384122  1.475933E-17
 4057.72061653326  1.037973E-17
 4059.79256922531  1.032474E-17
 4061.86452191735  1.423355E-17
 4063.93647460939  1.234662E-17
 4066.00842730143  1.619904E-17
 4068.08037999347  1.367231E-17
 4070.15233268551  1.760586E-17
 4072.22428537755  1.714711E-17
 4074.29623806959  1.623533E-17
 4076.36819076164  1.399736E-17
 4078.44014345368  1.970065E-17
 4080.51209614572  1.793193E-17
 4082.58404883776  1.541329E-17
 4084.6560015298   1.837520E-17
 4086.72795422184  9.858818E-18
 4088.79990691388  1.414764E-17
 4090.87185960592  1.650327E-17
 4092.94381229797  1.412293E-17
 4095.01576499001  9.672722E-18
 4097.08771768205  1.147582E-17
 4099.15967037409  1.458247E-17
 4101.23162306613  1.570663E-17
 4103.30357575817  1.614847E-17
 4105.37552845021  1.701472E-17
 4107.44748114225  1.518382E-17
 4109.5194338343   2.254109E-17
 4111.59138652634  2.746853E-17
 4113.66333921838  3.267348E-17
 4115.73529191042  1.846751E-17
 4117.80724460246  1.426647E-17
 4119.8791972945   1.810679E-17
 4121.95114998654  1.761292E-17
 4124.02310267859  1.724550E-17
 4126.09505537063  1.770251E-17
 4128.16700806267  1.635523E-17
 4130.23896075471  1.541693E-17
 4132.31091344675  1.591896E-17
 4134.38286613879  1.461762E-17
 4136.45481883083  2.092254E-17
 4138.52677152287  1.585627E-17
 4140.59872421492  1.805092E-17
 4142.67067690696  2.073275E-17
 4144.742629599    1.485075E-17
 4146.81458229104  1.612954E-17
 4148.88653498308  1.491374E-17
 4150.95848767512  1.550107E-17
 4153.03044036716  1.187287E-17
 4155.10239305921  1.276821E-17
 4157.17434575125  1.520262E-17
 4159.24629844329  1.483491E-17
 4161.31825113533  1.448860E-17
 4163.39020382737  1.530831E-17
 4165.46215651941  1.236285E-17
 4167.53410921145  1.876387E-17
 4169.60606190349  8.395390E-18
 4171.67801459554  1.326203E-17
 4173.74996728758  1.581652E-17
 4175.82191997962  1.496166E-17
 4177.89387267166  1.556436E-17
 4179.9658253637   1.527837E-17
 4182.03777805574  1.880660E-17
 4184.10973074778  1.777893E-17
 4186.18168343983  1.756797E-17
 4188.25363613187  1.987430E-17
 4190.32558882391  1.512454E-17
 4192.39754151595  1.547192E-17
 4194.46949420799  1.730474E-17
 4196.54144690003  1.623902E-17
 4198.61339959207  1.770035E-17
 4200.68535228411  1.203242E-17
 4202.75730497615  1.303471E-17
 4204.8292576682   1.176723E-17
 4206.90121036024  1.582829E-17
 4208.97316305228  1.948362E-17
 4211.04511574432  1.792643E-17
 4213.11706843636  1.746928E-17
 4215.1890211284   1.642544E-17
 4217.26097382045  1.441822E-17
 4219.33292651249  1.322993E-17
 4221.40487920453  1.394728E-17
 4223.47683189657  1.243862E-17
 4225.54878458861  1.423142E-17
 4227.62073728065  1.510982E-17
 4229.69268997269  1.509884E-17
 4231.76464266473  9.868012E-18
 4233.83659535677  1.702846E-17
 4235.90854804882  1.478921E-17
 4237.98050074086  1.403734E-17
 4240.0524534329   1.411839E-17
 4242.12440612494  1.597338E-17
 4244.19635881698  1.762934E-17
 4246.26831150902  1.948034E-17
 4248.34026420106  1.740018E-17
 4250.41221689311  1.617072E-17
 4252.48416958515  1.909596E-17
 4254.55612227719  1.633823E-17
 4256.62807496923  1.440299E-17
 4258.70002766127  1.545786E-17
 4260.77198035331  1.626024E-17
 4262.84393304535  1.976414E-17
 4264.91588573739  1.640717E-17
 4266.98783842943  1.342612E-17
 4269.05979112148  1.761447E-17
 4271.13174381352  1.706583E-17
 4273.20369650556  1.706432E-17
 4275.2756491976   1.684400E-17
 4277.34760188964  1.410703E-17
 4279.41955458168  1.110924E-17
 4281.49150727373  1.175077E-17
 4283.56345996577  1.891704E-17
 4285.63541265781  1.796372E-17
 4287.70736534985  1.676797E-17
 4289.77931804189  1.708252E-17
 4291.85127073393  1.509243E-17
 4293.92322342597  1.685601E-17
 4295.99517611801  1.728700E-17
 4298.06712881005  1.965094E-17
 4300.1390815021   1.505759E-17
 4302.21103419414  1.668005E-17
 4304.28298688618  1.590226E-17
 4306.35493957822  1.588529E-17
 4308.42689227026  1.374043E-17
 4310.4988449623   1.617589E-17
 4312.57079765434  1.576727E-17
 4314.64275034639  1.800156E-17
 4316.71470303843  1.202623E-17
 4318.78665573047  1.673296E-17
 4320.85860842251  1.577124E-17
 4322.93056111455  1.663896E-17
 4325.00251380659  1.627078E-17
 4327.07446649863  1.639621E-17
 4329.14641919067  1.451536E-17
 4331.21837188272  1.386711E-17
 4333.29032457476  1.639253E-17
 4335.3622772668   1.343905E-17
 4337.43422995884  1.461528E-17
 4339.50618265088  1.692877E-17
 4341.57813534292  1.976490E-17
 4343.65008803496  1.812355E-17
 4345.72204072701  2.002375E-17
 4347.79399341905  2.040044E-17
 4349.86594611109  2.214623E-17
 4351.93789880313  2.938082E-17
 4354.00985149517  3.193476E-17
 4356.08180418721  3.076197E-17
 4358.15375687925  2.672742E-17
 4360.22570957129  2.413149E-17
 4362.29766226333  2.341083E-17
 4364.36961495538  2.155364E-17
 4366.44156764742  2.134296E-17
 4368.51352033946  2.156655E-17
 4370.5854730315   2.031345E-17
 4372.65742572354  2.126080E-17
 4374.72937841558  2.056349E-17
 4376.80133110762  1.900724E-17
 4378.87328379967  1.478887E-17
 4380.94523649171  1.429854E-17
 4383.01718918375  1.606190E-17
 4385.08914187579  1.570162E-17
 4387.16109456783  1.771307E-17
 4389.23304725987  1.439405E-17
 4391.30499995191  1.313955E-17
 4393.37695264395  1.511170E-17
 4395.448905336    1.310773E-17
 4397.52085802804  1.324270E-17
 4399.59281072008  1.547225E-17
 4401.66476341212  1.466466E-17
 4403.73671610416  1.617394E-17
 4405.8086687962   1.731270E-17
 4407.88062148824  1.608752E-17
 4409.95257418029  1.561652E-17
 4412.02452687233  1.504209E-17
 4414.09647956437  1.526101E-17
 4416.16843225641  1.638102E-17
 4418.24038494845  1.611119E-17
 4420.31233764049  1.688309E-17
 4422.38429033253  1.467104E-17
 4424.45624302457  1.560480E-17
 4426.52819571662  1.654783E-17
 4428.60014840866  1.904726E-17
 4430.6721011007   1.704307E-17
 4432.74405379274  1.676154E-17
 4434.81600648478  1.653712E-17
 4436.88795917682  1.464540E-17
 4438.95991186886  1.822611E-17
 4441.03186456091  1.430534E-17
 4443.10381725295  1.184484E-17
 4445.17576994499  1.146405E-17
 4447.24772263703  1.537827E-17
 4449.31967532907  1.539208E-17
 4451.39162802111  1.524664E-17
 4453.46358071315  1.395086E-17
 4455.53553340519  1.487162E-17
 4457.60748609724  1.349790E-17
 4459.67943878928  1.631017E-17
 4461.75139148132  1.714807E-17
 4463.82334417336  1.814001E-17
 4465.8952968654   1.491532E-17
 4467.96724955744  1.332115E-17
 4470.03920224948  1.425854E-17
 4472.11115494152  1.651795E-17
 4474.18310763357  1.431317E-17
 4476.25506032561  1.556366E-17
 4478.32701301765  2.039243E-17
 4480.39896570969  2.171524E-17
 4482.47091840173  2.209760E-17
 4484.54287109377  1.897120E-17
 4486.61482378581  1.810097E-17
 4488.68677647786  1.550635E-17
 4490.7587291699   1.530743E-17
 4492.83068186194  1.413844E-17
 4494.90263455398  1.608607E-17
 4496.97458724602  1.638082E-17
 4499.04653993806  1.694986E-17
 4501.1184926301   1.874667E-17
 4503.19044532214  1.981908E-17
 4505.26239801419  1.824254E-17
 4507.33435070623  1.568642E-17
 4509.40630339827  1.532893E-17
 4511.47825609031  1.645099E-17
 4513.55020878235  1.660805E-17
 4515.62216147439  1.920302E-17
 4517.69411416643  1.835961E-17
 4519.76606685847  1.895619E-17
 4521.83801955052  2.123256E-17
 4523.90997224256  2.156980E-17
 4525.9819249346   1.901524E-17
 4528.05387762664  1.775164E-17
 4530.12583031868  2.109117E-17
 4532.19778301072  1.875600E-17
 4534.26973570276  1.870620E-17
 4536.3416883948   1.801407E-17
 4538.41364108685  1.835011E-17
 4540.48559377889  1.846016E-17
 4542.55754647093  1.497209E-17
 4544.62949916297  1.511805E-17
 4546.70145185501  1.870691E-17
 4548.77340454705  2.047376E-17
 4550.84535723909  1.683804E-17
 4552.91730993114  1.377132E-17
 4554.98926262318  1.574250E-17
 4557.06121531522  1.566870E-17
 4559.13316800726  1.581651E-17
 4561.2051206993   1.702720E-17
 4563.27707339134  1.827394E-17
 4565.34902608338  1.737898E-17
 4567.42097877542  1.771072E-17
 4569.49293146747  1.887027E-17
 4571.56488415951  1.869072E-17
 4573.63683685155  1.640678E-17
 4575.70878954359  1.728948E-17
 4577.78074223563  1.927145E-17
 4579.85269492767  1.964289E-17
 4581.92464761971  1.915445E-17
 4583.99660031175  2.198417E-17
 4586.0685530038   2.186272E-17
 4588.14050569584  1.999547E-17
 4590.21245838788  1.925300E-17
 4592.28441107992  1.853674E-17
 4594.35636377196  2.197841E-17
 4596.428316464    2.062945E-17
 4598.50026915604  2.093101E-17
 4600.57222184808  1.881002E-17
 4602.64417454013  1.909739E-17
 4604.71612723217  1.954817E-17
 4606.78807992421  1.682499E-17
 4608.86003261625  1.779927E-17
 4610.93198530829  1.707328E-17
 4613.00393800033  1.434886E-17
 4615.07589069238  1.497497E-17
 4617.14784338442  1.709785E-17
 4619.21979607646  1.571266E-17
 4621.2917487685   1.464447E-17
 4623.36370146054  1.574286E-17
 4625.43565415258  1.440477E-17
 4627.50760684462  1.650962E-17
 4629.57955953666  1.761930E-17
 4631.6515122287   1.751423E-17
 4633.72346492075  1.759884E-17
 4635.79541761279  1.515923E-17
 4637.86737030483  1.633929E-17
 4639.93932299687  1.742462E-17
 4642.01127568891  1.691313E-17
 4644.08322838095  1.993244E-17
 4646.15518107299  1.864283E-17
 4648.22713376503  1.883004E-17
 4650.29908645708  1.839371E-17
 4652.37103914912  1.674541E-17
 4654.44299184116  1.542067E-17
 4656.5149445332   1.538736E-17
 4658.58689722524  1.387932E-17
 4660.65884991728  1.722812E-17
 4662.73080260932  1.566978E-17
 4664.80275530136  1.270519E-17
 4666.87470799341  1.374122E-17
 4668.94666068545  1.544743E-17
 4671.01861337749  1.606965E-17
 4673.09056606953  1.387626E-17
 4675.16251876157  1.565221E-17
 4677.23447145361  1.273976E-17
 4679.30642414566  1.396547E-17
 4681.3783768377   1.528505E-17
 4683.45032952974  1.491824E-17
 4685.52228222178  1.514761E-17
 4687.59423491382  1.606015E-17
 4689.66618760586  1.555967E-17
 4691.7381402979   1.424545E-17
 4693.81009298994  1.432831E-17
 4695.88204568199  1.722117E-17
 4697.95399837403  1.583599E-17
 4700.02595106607  1.518168E-17
 4702.09790375811  1.495013E-17
 4704.16985645015  1.493748E-17
 4706.24180914219  1.576503E-17
 4708.31376183423  1.595880E-17
 4710.38571452628  1.486323E-17
 4712.45766721831  1.398283E-17
 4714.52961991036  1.553753E-17
 4716.6015726024   1.323219E-17
 4718.67352529444  1.281474E-17
 4720.74547798648  1.229615E-17
 4722.81743067852  1.309995E-17
 4724.88938337056  1.503376E-17
 4726.9613360626   1.488064E-17
 4729.03328875465  1.481829E-17
 4731.10524144669  1.572243E-17
 4733.17719413873  1.427023E-17
 4735.24914683077  1.533981E-17
 4737.32109952281  1.739655E-17
 4739.39305221485  1.645411E-17
 4741.46500490689  1.544709E-17
 4743.53695759894  1.740581E-17
 4745.60891029098  1.595439E-17
 4747.68086298302  1.569757E-17
 4749.75281567506  1.412546E-17
 4751.8247683671   1.415520E-17
 4753.89672105914  1.530216E-17
 4755.96867375118  1.491221E-17
 4758.04062644322  1.499033E-17
 4760.11257913527  1.510722E-17
 4762.18453182731  1.648953E-17
 4764.25648451935  1.557839E-17
 4766.32843721139  1.542655E-17
 4768.40038990343  1.589527E-17
 4770.47234259547  1.533907E-17
 4772.54429528751  1.388875E-17
 4774.61624797956  1.442511E-17
 4776.6882006716   1.653458E-17
 4778.76015336364  1.630378E-17
 4780.83210605568  1.560258E-17
 4782.90405874772  1.565964E-17
 4784.97601143976  1.487882E-17
 4787.0479641318   1.387708E-17
 4789.11991682384  1.753789E-17
 4791.19186951589  1.717509E-17
 4793.26382220793  1.496681E-17
 4795.33577489997  1.679141E-17
 4797.40772759201  1.527275E-17
 4799.47968028405  1.569610E-17
 4801.55163297609  1.623401E-17
 4803.62358566813  1.473590E-17
 4805.69553836017  1.388344E-17
 4807.76749105222  1.665232E-17
 4809.83944374426  1.633010E-17
 4811.9113964363   1.438789E-17
 4813.98334912834  1.501256E-17
 4816.05530182038  1.379854E-17
 4818.12725451242  1.351905E-17
 4820.19920720446  1.582017E-17
 4822.2711598965   1.537660E-17
 4824.34311258855  1.813230E-17
 4826.41506528059  1.867475E-17
 4828.48701797263  1.709245E-17
 4830.55897066467  1.616405E-17
 4832.63092335671  1.478362E-17
 4834.70287604875  1.569700E-17
 4836.77482874079  1.554595E-17
 4838.84678143284  1.620248E-17
 4840.91873412488  1.728632E-17
 4842.99068681692  1.830745E-17
 4845.06263950896  1.591713E-17
 4847.134592201    1.552954E-17
 4849.20654489304  1.685925E-17
 4851.27849758508  1.728351E-17
 4853.35045027712  1.672662E-17
 4855.42240296917  1.699540E-17
 4857.49435566121  1.931383E-17
 4859.56630835325  1.814334E-17
 4861.63826104529  2.423473E-17
 4863.71021373733  3.279199E-17
 4865.78216642937  4.261745E-17
 4867.85411912141  5.086327E-17
 4869.92607181345  6.473846E-17
 4871.9980245055   7.812090E-17
 4874.06997719754  8.435754E-17
 4876.14192988958  1.025581E-16
 4878.21388258162  1.022837E-16
 4880.28583527366  8.285834E-17
 4882.3577879657   5.906682E-17
 4884.42974065774  4.677069E-17
 4886.50169334979  3.660970E-17
 4888.57364604183  3.274807E-17
 4890.64559873387  2.711535E-17
 4892.71755142591  2.374954E-17
 4894.78950411795  2.479500E-17
 4896.86145680999  2.507749E-17
 4898.93340950203  2.402123E-17
 4901.00536219407  2.355210E-17
 4903.07731488612  2.358727E-17
 4905.14926757816  2.183555E-17
 4907.2212202702   2.170493E-17
 4909.29317296224  1.805454E-17
 4911.36512565428  1.784905E-17
 4913.43707834632  1.675599E-17
 4915.50903103836  1.799448E-17
 4917.5809837304   1.823773E-17
 4919.65293642245  1.825824E-17
 4921.72488911449  1.766561E-17
 4923.79684180653  1.776801E-17
 4925.86879449857  1.636928E-17
 4927.94074719061  1.618072E-17
 4930.01269988265  1.699516E-17
 4932.08465257469  1.866741E-17
 4934.15660526673  1.899580E-17
 4936.22855795878  2.246264E-17
 4938.30051065082  2.585240E-17
 4940.37246334286  2.282148E-17
 4942.4444160349   1.983908E-17
 4944.51636872694  1.747492E-17
 4946.58832141898  1.699864E-17
 4948.66027411102  1.679382E-17
 4950.73222680307  1.689027E-17
 4952.80417949511  1.728878E-17
 4954.87613218715  1.808842E-17
 4956.94808487919  1.821942E-17
 4959.02003757123  1.820557E-17
 4961.09199026327  1.867505E-17
 4963.16394295531  1.864891E-17
 4965.23589564736  1.876805E-17
 4967.3078483394   1.700907E-17
 4969.37980103144  1.432197E-17
 4971.45175372348  1.525401E-17
 4973.52370641552  1.579033E-17
 4975.59565910756  1.476203E-17
 4977.6676117996   1.633974E-17
 4979.73956449164  1.770611E-17
 4981.81151718368  1.769568E-17
 4983.88346987573  1.568136E-17
 4985.95542256777  1.467606E-17
 4988.02737525981  1.635949E-17
 4990.09932795185  1.693467E-17
 4992.17128064389  1.653698E-17
 4994.24323333593  1.557568E-17
 4996.31518602797  1.324206E-17
 4998.38713872002  1.470988E-17
 5000.45909141206  1.663384E-17
 5002.5310441041   1.536854E-17
 5004.60299679614  1.298923E-17
 5006.67494948818  1.476841E-17
 5008.74690218022  1.644368E-17
 5010.81885487226  1.650556E-17
 5012.89080756431  1.579262E-17
 5014.96276025635  1.367148E-17
 5017.03471294839  1.466149E-17
 5019.10666564043  1.284333E-17
 5021.17861833247  5.115465E-18
 5023.25057102451  2.624257E-18
 5025.32252371655  1.213353E-17
 5027.39447640859  1.608656E-17
 5029.46642910064  1.992082E-17
 5031.53838179268  2.370449E-17
 5033.61033448472  2.434745E-17
 5035.68228717676  2.284263E-17
 5037.7542398688   2.171001E-17
 5039.82619256084  1.851799E-17
 5041.89814525288  1.768940E-17
 5043.97009794492  1.775318E-17
 5046.04205063697  1.462585E-17
 5048.11400332901  1.493854E-17
 5050.18595602105  1.714285E-17
 5052.25790871309  1.653693E-17
 5054.32986140513  1.845886E-17
 5056.40181409717  1.963091E-17
 5058.47376678921  2.102251E-17
 5060.54571948125  2.056330E-17
 5062.6176721733   1.940938E-17
 5064.68962486534  1.769021E-17
 5066.76157755738  1.621771E-17
 5068.83353024942  1.538907E-17
 5070.90548294146  1.718165E-17
 5072.9774356335   1.583269E-17
 5075.04938832554  1.435290E-17
 5077.12134101759  1.496121E-17
 5079.19329370963  1.585476E-17
 5081.26524640167  1.676835E-17
 5083.33719909371  1.713782E-17
 5085.40915178575  1.642247E-17
 5087.48110447779  1.813364E-17
 5089.55305716983  1.899959E-17
 5091.62500986187  1.629640E-17
 5093.69696255392  1.496265E-17
 5095.76891524596  1.497080E-17
 5097.840867938    1.628858E-17
 5099.91282063004  1.611016E-17
 5101.98477332208  1.618925E-17
 5104.05672601412  1.804309E-17
 5106.12867870616  1.749290E-17
 5108.20063139821  1.633218E-17
 5110.27258409025  1.703381E-17
 5112.34453678229  1.664370E-17
 5114.41648947433  1.678178E-17
 5116.48844216637  1.635187E-17
 5118.56039485841  1.651405E-17
 5120.63234755045  1.735079E-17
 5122.70430024249  1.704789E-17
 5124.77625293453  1.786620E-17
 5126.84820562658  1.806706E-17
 5128.92015831862  1.908715E-17
 5130.99211101066  1.856506E-17
 5133.0640637027   1.710837E-17
 5135.13601639474  1.662495E-17
 5137.20796908678  1.664924E-17
 5139.27992177882  1.553808E-17
 5141.35187447087  1.514354E-17
 5143.42382716291  1.632257E-17
 5145.49577985495  1.916142E-17
 5147.56773254699  1.922974E-17
 5149.63968523903  1.742199E-17
 5151.71163793107  1.673806E-17
 5153.78359062311  1.819977E-17
 5155.85554331515  1.799769E-17
 5157.9274960072   1.720637E-17
 5159.99944869924  1.657138E-17
 5162.07140139128  1.692094E-17
 5164.14335408332  1.780843E-17
 5166.21530677536  2.120049E-17
 5168.2872594674   2.398371E-17
 5170.35921215944  2.389790E-17
 5172.43116485148  2.288152E-17
 5174.50311754353  1.985016E-17
 5176.57507023557  1.796300E-17
 5178.64702292761  1.739516E-17
 5180.71897561965  1.919400E-17
 5182.79092831169  2.086658E-17
 5184.86288100373  2.013405E-17
 5186.93483369577  2.173935E-17
 5189.00678638782  2.157999E-17
 5191.07873907986  1.997773E-17
 5193.1506917719   1.896326E-17
 5195.22264446394  1.644139E-17
 5197.29459715598  1.508364E-17
 5199.36654984802  1.606513E-17
 5201.43850254006  1.728985E-17
 5203.5104552321   1.743193E-17
 5205.58240792415  1.768034E-17
 5207.65436061619  1.909235E-17
 5209.72631330823  1.974889E-17
 5211.79826600027  1.982034E-17
 5213.87021869231  1.862614E-17
 5215.94217138435  1.590762E-17
 5218.01412407639  1.540959E-17
 5220.08607676844  1.482469E-17
 5222.15802946048  1.548154E-17
 5224.22998215252  1.801315E-17
 5226.30193484456  1.801608E-17
 5228.3738875366   1.776674E-17
 5230.44584022864  1.858080E-17
 5232.51779292068  1.801650E-17
 5234.58974561272  1.732859E-17
 5236.66169830477  1.685766E-17
 5238.73365099681  1.680675E-17
 5240.80560368885  1.827869E-17
 5242.87755638089  1.947402E-17
 5244.94950907293  1.960040E-17
 5247.02146176497  2.022417E-17
 5249.09341445701  2.049652E-17
 5251.16536714905  2.054678E-17
 5253.2373198411   1.882967E-17
 5255.30927253314  1.804485E-17
 5257.38122522518  1.710452E-17
 5259.45317791722  1.515990E-17
 5261.52513060926  1.643635E-17
 5263.5970833013   1.691167E-17
 5265.66903599335  1.577808E-17
 5267.74098868538  1.526714E-17
 5269.81294137743  1.716094E-17
 5271.88489406947  1.875273E-17
 5273.95684676151  1.957304E-17
 5276.02879945355  1.901554E-17
 5278.10075214559  1.879355E-17
 5280.17270483763  1.758285E-17
 5282.24465752968  1.738474E-17
 5284.31661022172  1.727616E-17
 5286.38856291376  1.910930E-17
 5288.4605156058   2.198700E-17
 5290.53246829784  2.234916E-17
 5292.60442098988  2.283146E-17
 5294.67637368192  2.162163E-17
 5296.74832637396  2.006157E-17
 5298.82027906601  1.914500E-17
 5300.89223175805  1.932564E-17
 5302.96418445009  1.874382E-17
 5305.03613714213  1.818251E-17
 5307.10808983417  1.840553E-17
 5309.18004252621  1.747048E-17
 5311.25199521825  1.742371E-17
 5313.32394791029  1.949374E-17
 5315.39590060234  1.962350E-17
 5317.46785329438  1.698861E-17
 5319.53980598642  1.744973E-17
 5321.61175867846  1.918961E-17
 5323.6837113705   1.909595E-17
 5325.75566406254  2.106099E-17
 5327.82761675458  2.266425E-17
 5329.89956944662  2.241146E-17
 5331.97152213867  2.273617E-17
 5334.04347483071  2.206601E-17
 5336.11542752275  2.009852E-17
 5338.18738021479  1.734508E-17
 5340.25933290683  1.714504E-17
 5342.33128559887  1.818190E-17
 5344.40323829091  1.792348E-17
 5346.47519098295  1.769235E-17
 5348.547143675    1.861481E-17
 5350.61909636704  1.935922E-17
 5352.69104905908  1.839665E-17
 5354.76300175112  1.847258E-17
 5356.83495444316  1.903704E-17
 5358.9069071352   2.033316E-17
 5360.97885982724  2.168014E-17
 5363.05081251928  2.050785E-17
 5365.12276521133  1.859399E-17
 5367.19471790337  1.863227E-17
 5369.26667059541  1.842535E-17
 5371.33862328745  1.858292E-17
 5373.41057597949  1.846297E-17
 5375.48252867153  1.978895E-17
 5377.55448136358  1.833266E-17
 5379.62643405561  1.846758E-17
 5381.69838674766  1.791497E-17
 5383.7703394397   1.854651E-17
 5385.84229213174  1.775058E-17
 5387.91424482378  1.863991E-17
 5389.98619751582  2.037476E-17
 5392.05815020786  1.927920E-17
 5394.13010289991  2.025010E-17
 5396.20205559195  1.918839E-17
 5398.27400828399  1.806646E-17
 5400.34596097603  1.968205E-17
 5402.41791366807  2.128208E-17
 5404.48986636011  1.949774E-17
 5406.56181905215  1.678029E-17
 5408.63377174419  1.646148E-17
 5410.70572443624  1.647240E-17
 5412.77767712828  1.594736E-17
 5414.84962982032  1.549408E-17
 5416.92158251236  1.448639E-17
 5418.9935352044   1.592762E-17
 5421.06548789644  1.651294E-17
 5423.13744058848  1.750264E-17
 5425.20939328052  1.840019E-17
 5427.28134597257  1.727357E-17
 5429.35329866461  1.848477E-17
 5431.42525135665  1.889148E-17
 5433.49720404869  1.813974E-17
 5435.56915674073  1.823714E-17
 5437.64110943277  1.798896E-17
 5439.71306212481  1.806996E-17
 5441.78501481685  1.633264E-17
 5443.8569675089   1.549445E-17
 5445.92892020094  1.755506E-17
 5448.00087289298  1.798660E-17
 5450.07282558502  1.871685E-17
 5452.14477827706  1.870236E-17
 5454.2167309691   1.687330E-17
 5456.28868366115  1.669285E-17
 5458.36063635319  1.571091E-17
 5460.43258904523  1.526124E-17
 5462.50454173727  1.540521E-17
 5464.57649442931  1.682175E-17
 5466.64844712135  1.710193E-17
 5468.72039981339  1.812673E-17
 5470.79235250543  1.790418E-17
 5472.86430519747  1.724298E-17
 5474.93625788951  1.838114E-17
 5477.00821058156  1.993645E-17
 5479.0801632736   1.863708E-17
 5481.15211596564  1.859295E-17
 5483.22406865768  1.885502E-17
 5485.29602134972  1.864541E-17
 5487.36797404176  1.733545E-17
 5489.43992673381  1.775586E-17
 5491.51187942585  1.602638E-17
 5493.58383211789  1.787499E-17
 5495.65578480993  1.928380E-17
 5497.72773750197  1.893997E-17
 5499.79969019401  1.853141E-17
 5501.87164288605  1.777555E-17
 5503.94359557809  1.858477E-17
 5506.01554827014  1.816979E-17
 5508.08750096218  1.729170E-17
 5510.15945365422  1.862418E-17
 5512.23140634626  1.839205E-17
 5514.3033590383   1.714240E-17
 5516.37531173034  1.648957E-17
 5518.44726442238  1.621226E-17
 5520.51921711442  1.689836E-17
 5522.59116980647  1.611236E-17
 5524.66312249851  1.590757E-17
 5526.73507519055  1.783263E-17
 5528.80702788259  1.846317E-17
 5530.87898057463  1.937209E-17
 5532.95093326667  1.957164E-17
 5535.02288595871  1.829398E-17
 5537.09483865075  1.664673E-17
 5539.1667913428   1.761441E-17
 5541.23874403484  1.851407E-17
 5543.31069672688  1.878234E-17
 5545.38264941892  2.036504E-17
 5547.45460211096  1.885986E-17
 5549.526554803    1.995565E-17
 5551.59850749504  2.006505E-17
 5553.67046018708  2.016901E-17
 5555.74241287913  2.007837E-17
 5557.81436557117  1.935869E-17
 5559.88631826321  1.904014E-17
 5561.95827095525  1.922962E-17
 5564.03022364729  1.816730E-17
 5566.10217633933  1.916290E-17
 5568.17412903138  2.090833E-17
 5570.24608172342  1.761830E-17
 5572.31803441546  1.683915E-17
 5574.3899871075   2.014598E-17
 5576.46193979954  1.813731E-17
 5578.53389249158  2.140024E-17
 5580.60584518362  2.685917E-17
 5582.67779787566  2.102913E-17
 5584.74975056771  1.708419E-17
 5586.82170325975  1.905235E-17
 5588.89365595179  1.929874E-17
 5590.96560864383  2.092406E-17
 5593.03756133587  2.141716E-17
 5595.10951402791  1.914485E-17
 5597.18146671995  1.814978E-17
 5599.25341941199  1.958171E-17
 5601.32537210404  1.880968E-17
 5603.39732479608  1.742699E-17
 5605.46927748812  1.705705E-17
 5607.54123018016  1.730738E-17
 5609.6131828722   1.825913E-17
 5611.68513556424  1.961890E-17
 5613.75708825628  1.803886E-17
 5615.82904094832  1.774419E-17
 5617.90099364037  1.767594E-17
 5619.97294633241  1.854670E-17
 5622.04489902445  1.931409E-17
 5624.11685171649  1.840381E-17
 5626.18880440853  1.827773E-17
 5628.26075710057  1.717714E-17
 5630.33270979261  1.688839E-17
 5632.40466248465  1.778053E-17
 5634.4766151767   1.716106E-17
 5636.54856786874  1.637134E-17
 5638.62052056078  1.745476E-17
 5640.69247325282  1.842303E-17
 5642.76442594486  1.768182E-17
 5644.8363786369   1.780925E-17
 5646.90833132894  1.902742E-17
 5648.98028402099  1.924352E-17
 5651.05223671303  1.727575E-17
 5653.12418940507  1.673677E-17
 5655.19614209711  1.783769E-17
 5657.26809478915  1.776241E-17
 5659.34004748119  1.849775E-17
 5661.41200017323  1.881452E-17
 5663.48395286527  1.979535E-17
 5665.55590555731  1.688326E-17
 5667.62785824936  1.678787E-17
 5669.6998109414   1.725938E-17
 5671.77176363344  1.480644E-17
 5673.84371632548  1.592702E-17
 5675.91566901752  1.606945E-17
 5677.98762170956  1.549700E-17
 5680.05957440161  1.680555E-17
 5682.13152709365  1.761165E-17
 5684.20347978569  1.744698E-17
 5686.27543247773  1.783064E-17
 5688.34738516977  1.898450E-17
 5690.41933786181  1.891298E-17
 5692.49129055385  1.790738E-17
 5694.56324324589  1.820772E-17
 5696.63519593794  1.757170E-17
 5698.70714862998  1.656444E-17
 5700.77910132202  1.871395E-17
 5702.85105401406  1.766482E-17
 5704.9230067061   1.859795E-17
 5706.99495939814  1.924556E-17
 5709.06691209018  1.878251E-17
 5711.13886478222  1.832382E-17
 5713.21081747427  1.891857E-17
 5715.28277016631  1.782250E-17
 5717.35472285835  1.779830E-17
 5719.42667555039  1.735824E-17
 5721.49862824243  1.639349E-17
 5723.57058093447  1.742383E-17
 5725.64253362651  1.827291E-17
 5727.71448631855  1.865388E-17
 5729.7864390106   1.863072E-17
 5731.85839170264  1.799571E-17
 5733.93034439468  1.833155E-17
 5736.00229708672  1.828608E-17
 5738.07424977876  1.772468E-17
 5740.1462024708   1.808923E-17
 5742.21815516284  1.869839E-17
 5744.29010785489  1.928008E-17
 5746.36206054693  1.831373E-17
 5748.43401323897  1.791111E-17
 5750.50596593101  1.871016E-17
 5752.57791862305  1.786243E-17
 5754.64987131509  1.747060E-17
 5756.72182400713  1.773020E-17
 5758.79377669917  1.913959E-17
 5760.86572939122  1.818156E-17
 5762.93768208326  1.861326E-17
 5765.0096347753   1.967283E-17
 5767.08158746734  1.999263E-17
 5769.15354015938  1.936460E-17
 5771.22549285142  1.844284E-17
 5773.29744554346  1.916432E-17
 5775.36939823551  1.981352E-17
 5777.44135092755  1.904643E-17
 5779.51330361959  1.918609E-17
 5781.58525631163  1.978315E-17
 5783.65720900367  1.902254E-17
 5785.72916169571  1.929550E-17
 5787.80111438775  1.900549E-17
 5789.87306707979  2.010998E-17
 5791.94501977184  1.945936E-17
 5794.01697246388  1.971452E-17
 5796.08892515592  1.906690E-17
 5798.16087784796  1.942587E-17
 5800.23283054     1.900111E-17
 5802.30478323204  1.813994E-17
 5804.37673592408  1.982986E-17
 5806.44868861612  2.167725E-17
 5808.52064130817  2.034053E-17
 5810.59259400021  1.875874E-17
 5812.66454669225  1.890772E-17
 5814.73649938429  1.900640E-17
 5816.80845207633  1.891910E-17
 5818.88040476837  1.871120E-17
 5820.95235746041  1.867426E-17
 5823.02431015245  1.872998E-17
 5825.0962628445   1.856274E-17
 5827.16821553654  1.929731E-17
 5829.24016822858  1.989404E-17
 5831.31212092062  1.926408E-17
 5833.38407361266  1.889425E-17
 5835.4560263047   1.872999E-17
 5837.52797899674  1.962755E-17
 5839.59993168879  1.983589E-17
 5841.67188438083  1.956929E-17
 5843.74383707287  1.880102E-17
 5845.81578976491  1.951738E-17
 5847.88774245695  2.057823E-17
 5849.95969514899  2.005730E-17
 5852.03164784103  1.891497E-17
 5854.10360053307  1.780825E-17
 5856.17555322511  1.746407E-17
 5858.24750591716  1.513229E-17
 5860.3194586092   1.343396E-17
 5862.39141130124  1.242092E-17
 5864.46336399328  1.033841E-17
 5866.53531668532  1.231114E-17
 5868.60726937736  1.394797E-17
 5870.67922206941  1.440300E-17
 5872.75117476145  1.668052E-17
 5874.82312745349  1.955991E-17
 5876.89508014553  2.084811E-17
 5878.96703283757  2.270524E-17
 5881.03898552961  2.332607E-17
 5883.11093822165  2.324396E-17
 5885.18289091369  2.459983E-17
 5887.25484360573  2.500648E-17
 5889.32679629778  2.450995E-17
 5891.39874898982  2.433467E-17
 5893.47070168186  2.328804E-17
 5895.5426543739   2.062643E-17
 5897.61460706594  1.722691E-17
 5899.68655975798  1.362692E-17
 5901.75851245002  1.260966E-17
 5903.83046514207  1.149217E-17
 5905.90241783411  1.185764E-17
 5907.97437052615  1.476446E-17
 5910.04632321819  1.833604E-17
 5912.11827591023  2.154415E-17
 5914.19022860227  2.451429E-17
 5916.26218129431  2.469263E-17
 5918.33413398635  2.404213E-17
 5920.4060866784   2.290448E-17
 5922.47803937044  1.968421E-17
 5924.54999206248  1.905703E-17
 5926.62194475452  1.922746E-17
 5928.69389744656  1.884831E-17
 5930.7658501386   1.820257E-17
 5932.83780283064  1.963496E-17
 5934.90975552268  1.950564E-17
 5936.98170821473  1.886366E-17
 5939.05366090677  2.063400E-17
 5941.12561359881  2.107810E-17
 5943.19756629085  2.048973E-17
 5945.26951898289  2.006068E-17
 5947.34147167493  2.158590E-17
 5949.41342436697  2.274632E-17
 5951.48537705902  2.162964E-17
 5953.55732975106  2.020160E-17
 5955.6292824431   1.928490E-17
 5957.70123513514  1.954282E-17
 5959.77318782718  2.010275E-17
 5961.84514051922  1.997113E-17
 5963.91709321126  1.831758E-17
 5965.98904590331  1.887157E-17
 5968.06099859535  1.877416E-17
 5970.13295128739  1.885354E-17
 5972.20490397943  1.663477E-17
 5974.27685667147  1.714287E-17
 5976.34880936351  1.854755E-17
 5978.42076205555  1.859246E-17
 5980.49271474759  1.703037E-17
 5982.56466743964  1.744806E-17
 5984.63662013168  1.983150E-17
 5986.70857282372  2.006320E-17
 5988.78052551576  2.034746E-17
 5990.8524782078   1.947725E-17
 5992.92443089984  1.804424E-17
 5994.99638359188  1.831186E-17
 5997.06833628392  1.888007E-17
 5999.14028897597  1.945923E-17
 6001.21224166801  1.856866E-17
 6003.28419436005  1.879890E-17
 6005.35614705209  2.008363E-17
 6007.42809974413  2.106543E-17
 6009.50005243617  2.071917E-17
 6011.57200512821  2.022350E-17
 6013.64395782025  1.949201E-17
 6015.7159105123   1.924539E-17
 6017.78786320434  2.023702E-17
 6019.85981589638  1.962105E-17
 6021.93176858842  1.912770E-17
 6024.00372128046  1.840135E-17
 6026.0756739725   1.812566E-17
 6028.14762666454  1.908352E-17
 6030.21957935659  1.797594E-17
 6032.29153204863  1.881883E-17
 6034.36348474067  1.905178E-17
 6036.43543743271  1.936715E-17
 6038.50739012475  1.866800E-17
 6040.57934281679  1.844131E-17
 6042.65129550883  1.940895E-17
 6044.72324820087  1.885556E-17
 6046.79520089291  1.854762E-17
 6048.86715358496  1.968475E-17
 6050.939106277    1.917683E-17
 6053.01105896904  1.836767E-17
 6055.08301166108  1.915188E-17
 6057.15496435312  1.920179E-17
 6059.22691704516  1.890903E-17
 6061.29886973721  2.009840E-17
 6063.37082242925  1.883972E-17
 6065.44277512129  1.818477E-17
 6067.51472781333  1.840999E-17
 6069.58668050537  1.808759E-17
 6071.65863319741  1.847531E-17
 6073.73058588945  1.892029E-17
 6075.80253858149  1.819875E-17
 6077.87449127354  1.776883E-17
 6079.94644396558  1.905323E-17
 6082.01839665762  2.073822E-17
 6084.09034934966  1.962555E-17
 6086.1623020417   1.977723E-17
 6088.23425473374  1.901516E-17
 6090.30620742578  1.817965E-17
 6092.37816011782  1.942311E-17
 6094.45011280987  1.972001E-17
 6096.52206550191  1.951917E-17
 6098.59401819395  1.989105E-17
 6100.66597088599  1.928570E-17
 6102.73792357803  1.870248E-17
 6104.80987627007  1.929226E-17
 6106.88182896211  1.977324E-17
 6108.95378165415  1.989149E-17
 6111.0257343462   1.872096E-17
 6113.09768703824  1.978891E-17
 6115.16963973028  1.898177E-17
 6117.24159242232  1.912828E-17
 6119.31354511436  1.871595E-17
 6121.3854978064   1.972456E-17
 6123.45745049844  2.015996E-17
 6125.52940319048  1.995586E-17
 6127.60135588253  1.969190E-17
 6129.67330857457  1.943649E-17
 6131.74526126661  1.938959E-17
 6133.81721395865  1.825478E-17
 6135.88916665069  1.851522E-17
 6137.96111934273  1.736075E-17
 6140.03307203477  1.921319E-17
 6142.10502472682  2.112126E-17
 6144.17697741886  2.024201E-17
 6146.2489301109   2.012604E-17
 6148.32088280294  1.991617E-17
 6150.39283549498  1.796725E-17
 6152.46478818702  1.519476E-17
 6154.53674087906  1.396005E-17
 6156.6086935711   1.549047E-17
 6158.68064626315  1.741624E-17
 6160.75259895519  1.787031E-17
 6162.82455164723  1.876047E-17
 6164.89650433927  2.010370E-17
 6166.96845703131  2.152111E-17
 6169.04040972335  2.151998E-17
 6171.11236241539  2.035980E-17
 6173.18431510744  2.010774E-17
 6175.25626779948  1.928851E-17
 6177.32822049152  1.875794E-17
 6179.40017318356  2.043610E-17
 6181.4721258756   2.082804E-17
 6183.54407856764  2.020270E-17
 6185.61603125968  2.156078E-17
 6187.68798395172  2.094541E-17
 6189.75993664377  2.045564E-17
 6191.83188933581  2.088738E-17
 6193.90384202785  2.205627E-17
 6195.97579471989  2.055016E-17
 6198.04774741193  1.949788E-17
 6200.11970010397  2.036827E-17
 6202.19165279601  2.020078E-17
 6204.26360548805  1.926414E-17
 6206.3355581801   1.954574E-17
 6208.40751087214  1.945956E-17
 6210.47946356418  1.869241E-17
 6212.55141625622  1.973465E-17
 6214.62336894826  2.082010E-17
 6216.6953216403   2.042409E-17
 6218.76727433234  2.009925E-17
 6220.83922702438  2.137172E-17
 6222.91117971643  2.214463E-17
 6224.98313240847  1.944202E-17
 6227.05508510051  1.945153E-17
 6229.12703779255  1.976754E-17
 6231.19899048459  1.923291E-17
 6233.27094317663  1.915138E-17
 6235.34289586867  1.855221E-17
 6237.41484856071  1.901138E-17
 6239.48680125276  1.853048E-17
 6241.5587539448   1.942753E-17
 6243.63070663684  1.886391E-17
 6245.70265932888  1.803098E-17
 6247.77461202092  1.882632E-17
 6249.84656471296  1.938115E-17
 6251.918517405    1.977533E-17
 6253.99047009704  1.933969E-17
 6256.06242278909  1.873298E-17
 6258.13437548113  1.856559E-17
 6260.20632817317  1.887418E-17
 6262.27828086521  1.991273E-17
 6264.35023355725  1.950935E-17
 6266.42218624929  1.975204E-17
 6268.49413894133  1.972535E-17
 6270.56609163338  1.821609E-17
 6272.63804432542  1.683156E-17
 6274.70999701746  1.790253E-17
 6276.7819497095   1.851681E-17
 6278.85390240154  1.856415E-17
 6280.92585509358  1.884426E-17
 6282.99780778562  1.896072E-17
 6285.06976047766  1.924844E-17
 6287.14171316971  1.929319E-17
 6289.21366586175  1.948569E-17
 6291.28561855379  1.908338E-17
 6293.35757124583  1.796461E-17
 6295.42952393787  1.756849E-17
 6297.50147662991  2.147810E-17
 6299.57342932195  2.088699E-17
 6301.645382014    1.799158E-17
 6303.71733470604  2.089947E-17
 6305.78928739808  2.435286E-17
 6307.86124009012  2.269495E-17
 6309.93319278216  2.135047E-17
 6312.0051454742   2.329577E-17
 6314.07709816624  2.672357E-17
 6316.14905085828  2.901119E-17
 6318.22100355033  2.842955E-17
 6320.29295624237  2.757013E-17
 6322.36490893441  2.546526E-17
 6324.43686162645  2.489910E-17
 6326.50881431849  2.321746E-17
 6328.58076701053  2.025435E-17
 6330.65271970257  1.928509E-17
 6332.72467239461  1.964322E-17
 6334.79662508666  2.013236E-17
 6336.8685777787   1.944179E-17
 6338.94053047074  1.930940E-17
 6341.01248316278  1.947457E-17
 6343.08443585482  2.116088E-17
 6345.15638854686  2.126999E-17
 6347.2283412389   2.045449E-17
 6349.30029393095  1.961653E-17
 6351.37224662299  1.910112E-17
 6353.44419931503  1.895233E-17
 6355.51615200707  1.913539E-17
 6357.58810469911  2.067996E-17
 6359.66005739115  2.220973E-17
 6361.73201008319  2.063964E-17
 6363.80396277523  1.875617E-17
 6365.87591546728  1.908455E-17
 6367.94786815932  2.092254E-17
 6370.01982085136  2.097131E-17
 6372.0917735434   2.030321E-17
 6374.16372623544  2.082921E-17
 6376.23567892748  2.174746E-17
 6378.30763161952  2.210804E-17
 6380.37958431157  2.196903E-17
 6382.45153700361  2.227972E-17
 6384.52348969565  2.335371E-17
 6386.59544238769  2.200796E-17
 6388.66739507973  2.093767E-17
 6390.73934777177  2.222251E-17
 6392.81130046381  2.212073E-17
 6394.88325315585  2.205941E-17
 6396.9552058479   2.030178E-17
 6399.02715853994  1.911653E-17
 6401.09911123198  2.045756E-17
 6403.17106392402  1.928039E-17
 6405.24301661606  1.950924E-17
 6407.3149693081   1.870712E-17
 6409.38692200014  1.874849E-17
 6411.45887469218  1.996562E-17
 6413.53082738423  2.035419E-17
 6415.60278007627  1.991560E-17
 6417.67473276831  1.968702E-17
 6419.74668546035  2.003826E-17
 6421.81863815239  1.984894E-17
 6423.89059084443  1.958471E-17
 6425.96254353647  2.056371E-17
 6428.03449622851  2.010242E-17
 6430.10644892056  1.906495E-17
 6432.1784016126   1.980371E-17
 6434.25035430464  1.974043E-17
 6436.32230699668  1.879763E-17
 6438.39425968872  1.857513E-17
 6440.46621238076  1.972849E-17
 6442.5381650728   2.004855E-17
 6444.61011776484  1.994904E-17
 6446.68207045689  2.113287E-17
 6448.75402314893  2.111309E-17
 6450.82597584097  2.104950E-17
 6452.89792853301  2.071715E-17
 6454.96988122505  2.080227E-17
 6457.04183391709  2.125168E-17
 6459.11378660913  2.000113E-17
 6461.18573930117  2.009909E-17
 6463.25769199322  2.126750E-17
 6465.32964468526  2.140431E-17
 6467.4015973773   2.123276E-17
 6469.47355006934  2.098763E-17
 6471.54550276138  2.130526E-17
 6473.61745545342  2.142763E-17
 6475.68940814547  2.130592E-17
 6477.76136083751  2.173572E-17
 6479.83331352955  2.184029E-17
 6481.90526622159  2.133240E-17
 6483.97721891363  2.057085E-17
 6486.04917160567  2.081654E-17
 6488.12112429771  2.163846E-17
 6490.19307698975  2.181987E-17
 6492.26502968179  2.192216E-17
 6494.33698237384  2.080015E-17
 6496.40893506588  2.113484E-17
 6498.48088775792  2.009428E-17
 6500.55284044996  1.945626E-17
 6502.624793142    2.145105E-17
 6504.69674583404  2.136067E-17
 6506.76869852609  1.876225E-17
 6508.84065121813  1.702124E-17
 6510.91260391017  1.682245E-17
 6512.98455660221  1.811403E-17
 6515.05650929425  1.910849E-17
 6517.12846198629  2.140939E-17
 6519.20041467833  2.281839E-17
 6521.27236737037  2.437690E-17
 6523.34432006241  2.447253E-17
 6525.41627275446  2.414359E-17
 6527.4882254465   2.452298E-17
 6529.56017813854  2.464277E-17
 6531.63213083058  2.558883E-17
 6533.70408352262  2.797281E-17
 6535.77603621466  2.865128E-17
 6537.8479889067   2.912904E-17
 6539.91994159875  2.958455E-17
 6541.99189429079  3.079424E-17
 6544.06384698283  3.176833E-17
 6546.13579967487  3.225990E-17
 6548.20775236691  3.353226E-17
 6550.27970505895  3.688491E-17
 6552.35165775099  4.172475E-17
 6554.42361044303  4.597769E-17
 6556.49556313507  5.059599E-17
 6558.56751582712  5.969579E-17
 6560.63946851916  7.165367E-17
 6562.7114212112   9.322870E-17
 6564.78337390324  1.346622E-16
 6566.85532659528  1.973683E-16
 6568.92727928732  2.741666E-16
 6570.99923197937  3.311604E-16
 6573.07118467141  3.281621E-16
 6575.14313736345  2.850832E-16
 6577.21509005549  2.948159E-16
 6579.28704274753  4.379631E-16
 6581.35899543957  6.502265E-16
 6583.43094813161  8.328149E-16
 6585.50290082365  8.362716E-16
 6587.57485351569  6.756211E-16
 6589.64680620774  5.005751E-16
 6591.71875889978  3.802314E-16
 6593.79071159182  2.909710E-16
 6595.86266428386  2.234313E-16
 6597.9346169759   1.743350E-16
 6600.00656966794  1.384767E-16
 6602.07852235998  1.129533E-16
 6604.15047505203  9.324092E-17
 6606.22242774407  7.787601E-17
 6608.29438043611  6.719399E-17
 6610.36633312815  6.149334E-17
 6612.43828582019  5.720899E-17
 6614.51023851223  5.158870E-17
 6616.58219120427  4.673727E-17
 6618.65414389631  4.135649E-17
 6620.72609658836  3.810262E-17
 6622.7980492804   3.475258E-17
 6624.87000197244  3.129312E-17
 6626.94195466448  3.015292E-17
 6629.01390735652  2.960548E-17
 6631.08586004856  2.829016E-17
 6633.1578127406   2.678837E-17
 6635.22976543265  2.542189E-17
 6637.30171812469  2.597933E-17
 6639.37367081673  2.655438E-17
 6641.44562350877  2.466858E-17
 6643.51757620081  2.530480E-17
 6645.58952889285  2.499044E-17
 6647.66148158489  2.349857E-17
 6649.73343427693  2.319876E-17
 6651.80538696898  2.297898E-17
 6653.87733966102  2.272730E-17
 6655.94929235306  2.348575E-17
 6658.0212450451   2.288861E-17
 6660.09319773714  2.266253E-17
 6662.16515042918  2.116784E-17
 6664.23710312122  2.082848E-17
 6666.30905581327  2.092424E-17
 6668.38100850531  2.047464E-17
 6670.45296119735  2.020547E-17
 6672.52491388939  2.038394E-17
 6674.59686658143  2.096924E-17
 6676.66881927347  2.159591E-17
 6678.74077196551  2.135890E-17
 6680.81272465755  2.231692E-17
 6682.8846773496   2.199184E-17
 6684.95663004164  2.157575E-17
 6687.02858273368  2.138716E-17
 6689.10053542572  2.143144E-17
 6691.17248811776  2.135418E-17
 6693.2444408098   2.048128E-17
 6695.31639350184  2.004893E-17
 6697.38834619388  2.048184E-17
 6699.46029888593  2.109872E-17
 6701.53225157797  2.041239E-17
 6703.60420427001  1.914650E-17
 6705.67615696205  2.057469E-17
 6707.74810965409  2.032539E-17
 6709.82006234613  1.858071E-17
 6711.89201503817  1.961761E-17
 6713.96396773021  2.058019E-17
 6716.03592042226  2.082824E-17
 6718.1078731143   2.050993E-17
 6720.17982580634  1.987991E-17
 6722.25177849838  1.986482E-17
 6724.32373119042  1.983654E-17
 6726.39568388246  2.004609E-17
 6728.4676365745   1.959567E-17
 6730.53958926654  1.940188E-17
 6732.61154195859  2.149212E-17
 6734.68349465063  2.466417E-17
 6736.75544734267  2.889786E-17
 6738.82740003471  2.465419E-17
 6740.89935272675  1.968540E-17
 6742.97130541879  1.852405E-17
 6745.04325811083  1.879278E-17
 6747.11521080287  2.069584E-17
 6749.18716349492  2.307688E-17
 6751.25911618696  2.278085E-17
 6753.331068879    2.150818E-17
 6755.40302157104  1.980673E-17
 6757.47497426308  1.892552E-17
 6759.54692695512  2.004749E-17
 6761.61887964716  1.989851E-17
 6763.69083233921  1.890014E-17
 6765.76278503125  1.912392E-17
 6767.83473772329  1.948081E-17
 6769.90669041533  1.934038E-17
 6771.97864310737  1.983717E-17
 6774.05059579941  1.960216E-17
 6776.12254849145  1.937355E-17
 6778.19450118349  1.870041E-17
 6780.26645387554  1.978540E-17
 6782.33840656758  2.039460E-17
 6784.41035925962  1.963681E-17
 6786.48231195166  1.920422E-17
 6788.5542646437   1.919063E-17
 6790.62621733574  1.924535E-17
 6792.69817002778  1.961842E-17
 6794.77012271983  2.015293E-17
 6796.84207541187  1.949571E-17
 6798.91402810391  1.852311E-17
 6800.98598079595  1.869555E-17
 6803.05793348799  1.945799E-17
 6805.12988618003  1.978381E-17
 6807.20183887207  1.948754E-17
 6809.27379156411  1.863249E-17
 6811.34574425616  1.801458E-17
 6813.4176969482   1.832484E-17
 6815.48964964024  2.020351E-17
 6817.56160233228  1.987580E-17
 6819.63355502432  1.981734E-17
 6821.70550771636  2.018111E-17
 6823.7774604084   1.985801E-17
 6825.84941310044  1.993705E-17
 6827.92136579249  1.960299E-17
 6829.99331848453  2.028284E-17
 6832.06527117657  1.969860E-17
 6834.13722386861  1.831560E-17
 6836.20917656065  1.930817E-17
 6838.28112925269  2.107981E-17
 6840.35308194474  2.048572E-17
 6842.42503463678  1.933030E-17
 6844.49698732882  1.990881E-17
 6846.56894002086  1.989687E-17
 6848.6408927129   1.933814E-17
 6850.71284540494  1.961927E-17
 6852.78479809698  1.985375E-17
 6854.85675078902  1.978027E-17
 6856.92870348106  1.944732E-17
 6859.0006561731   1.967231E-17
 6861.07260886515  2.063176E-17
 6863.14456155719  2.044809E-17
 6865.21651424923  1.961910E-17
 6867.28846694127  1.901796E-17
 6869.36041963331  1.997889E-17
 6871.43237232536  2.016903E-17
 6873.5043250174   2.106354E-17
 6875.57627770944  2.128192E-17
 6877.64823040148  2.023093E-17
 6879.72018309352  2.060982E-17
 6881.79213578556  2.082824E-17
 6883.8640884776   1.999090E-17
 6885.93604116964  1.953282E-17
 6888.00799386168  2.056793E-17
 6890.07994655372  2.076168E-17
 6892.15189924577  2.021013E-17
 6894.22385193781  2.045466E-17
 6896.29580462985  2.065691E-17
 6898.36775732189  1.914141E-17
 6900.43971001393  1.885710E-17
 6902.51166270597  1.966354E-17
 6904.58361539802  2.076181E-17
 6906.65556809006  2.043014E-17
 6908.7275207821   2.084369E-17
 6910.79947347414  2.078688E-17
 6912.87142616618  2.022015E-17
 6914.94337885822  1.961457E-17
 6917.01533155026  1.932021E-17
 6919.0872842423   1.883379E-17
 6921.15923693434  1.833761E-17
 6923.23118962639  2.065078E-17
 6925.30314231843  2.051846E-17
 6927.37509501047  1.910410E-17
 6929.44704770251  1.978482E-17
 6931.51900039455  1.987633E-17
 6933.59095308659  1.933726E-17
 6935.66290577863  1.985717E-17
 6937.73485847067  1.836934E-17
 6939.80681116272  1.919913E-17
 6941.87876385476  2.009844E-17
 6943.9507165468   1.948553E-17
 6946.02266923884  1.997457E-17
 6948.09462193088  2.034255E-17
 6950.16657462292  1.936348E-17
 6952.23852731496  1.901599E-17
 6954.310480007    1.928416E-17
 6956.38243269905  1.873978E-17
 6958.45438539109  1.995297E-17
 6960.52633808313  1.958549E-17
 6962.59829077517  2.069663E-17
 6964.67024346721  2.029575E-17
 6966.74219615926  1.792242E-17
 6968.8141488513   1.772555E-17
 6970.88610154334  1.893384E-17
 6972.95805423538  1.950435E-17
 6975.03000692742  1.994354E-17
 6977.10195961946  2.081192E-17
 6979.1739123115   2.014509E-17
 6981.24586500354  2.019559E-17
 6983.31781769558  2.035430E-17
 6985.38977038762  1.989003E-17
 6987.46172307967  2.010019E-17
 6989.53367577171  1.922581E-17
 6991.60562846375  2.020429E-17
 6993.67758115579  2.020071E-17
 6995.74953384783  1.947144E-17
 6997.82148653987  2.025009E-17
 6999.89343923192  1.995649E-17
 7001.96539192396  1.916227E-17
 7004.037344616    2.007751E-17
 7006.10929730804  1.997599E-17
 7008.18125000008  1.981851E-17
 7010.25320269212  1.967393E-17
 7012.32515538416  1.948389E-17
 7014.3971080762   1.906840E-17
 7016.46906076825  1.927783E-17
 7018.54101346029  1.952734E-17
 7020.61296615233  1.929383E-17
 7022.68491884437  1.983962E-17
 7024.75687153641  2.051285E-17
 7026.82882422845  1.975609E-17
 7028.90077692049  1.958930E-17
 7030.97272961253  1.998112E-17
 7033.04468230458  1.963565E-17
 7035.11663499662  1.949217E-17
 7037.18858768866  1.923327E-17
 7039.2605403807   1.889319E-17
 7041.33249307274  2.054056E-17
 7043.40444576478  2.014566E-17
 7045.47639845682  2.022061E-17
 7047.54835114887  2.036067E-17
 7049.62030384091  1.999174E-17
 7051.69225653295  1.971872E-17
 7053.76420922499  1.967083E-17
 7055.83616191703  1.917437E-17
 7057.90811460907  1.881532E-17
 7059.98006730111  2.014358E-17
 7062.05201999315  2.065041E-17
 7064.1239726852   2.017203E-17
 7066.19592537723  1.954608E-17
 7068.26787806928  1.905440E-17
 7070.33983076132  1.875345E-17
 7072.41178345336  1.845497E-17
 7074.4837361454   1.792568E-17
 7076.55568883744  1.770134E-17
 7078.62764152948  1.812600E-17
 7080.69959422153  1.921262E-17
 7082.77154691357  1.885657E-17
 7084.84349960561  1.743955E-17
 7086.91545229765  1.731716E-17
 7088.98740498969  1.837141E-17
 7091.05935768173  1.816760E-17
 7093.13131037377  1.678799E-17
 7095.20326306582  1.683562E-17
 7097.27521575786  1.760994E-17
 7099.3471684499   1.706556E-17
 7101.41912114194  1.690032E-17
 7103.49107383398  1.792927E-17
 7105.56302652602  1.844697E-17
 7107.63497921806  1.802978E-17
 7109.7069319101   1.777498E-17
 7111.77888460215  1.816009E-17
 7113.85083729419  1.853051E-17
 7115.92278998623  1.852919E-17
 7117.99474267827  1.852415E-17
 7120.06669537031  1.875840E-17
 7122.13864806235  1.879012E-17
 7124.21060075439  1.859965E-17
 7126.28255344643  1.895182E-17
 7128.35450613848  1.920169E-17
 7130.42645883052  1.935034E-17
 7132.49841152256  1.899255E-17
 7134.5703642146   1.872235E-17
 7136.64231690664  1.798158E-17
 7138.71426959868  1.723308E-17
 7140.78622229072  1.740404E-17
 7142.85817498277  1.691558E-17
 7144.93012767481  1.674291E-17
 7147.00208036685  1.612874E-17
 7149.07403305889  1.644617E-17
 7151.14598575093  1.764413E-17
 7153.21793844297  1.847656E-17
 7155.28989113501  1.878458E-17
 7157.36184382705  1.931682E-17
 7159.4337965191   1.932610E-17
 7161.50574921114  1.745953E-17
 7163.57770190318  1.795971E-17
 7165.64965459522  1.853423E-17
 7167.72160728726  1.911543E-17
 7169.7935599793   2.130412E-17
 7171.86551267134  2.271416E-17
 7173.93746536339  2.264688E-17
 7176.00941805543  2.281200E-17
 7178.08137074747  2.118765E-17
 7180.15332343951  2.097360E-17
 7182.22527613155  2.094302E-17
 7184.29722882359  1.999423E-17
 7186.36918151563  2.073711E-17
 7188.44113420767  2.161696E-17
 7190.51308689971  2.013901E-17
 7192.58503959176  1.956291E-17
 7194.6569922838   1.869717E-17
 7196.72894497584  1.884854E-17
 7198.80089766788  1.889970E-17
 7200.87285035992  1.924189E-17
 7202.94480305196  1.909008E-17
 7205.016755744    1.792341E-17
 7207.08870843605  1.751542E-17
 7209.16066112809  1.821698E-17
 7211.23261382013  1.807797E-17
 7213.30456651217  1.916104E-17
 7215.37651920421  1.883543E-17
 7217.44847189625  1.797833E-17
 7219.52042458829  1.810065E-17
 7221.59237728033  1.871403E-17
 7223.66432997238  1.900272E-17
 7225.73628266442  1.874206E-17
 7227.80823535646  1.895701E-17
 7229.8801880485   1.836145E-17
 7231.95214074054  1.713392E-17
 7234.02409343258  1.822452E-17
 7236.09604612462  1.884085E-17
 7238.16799881666  1.732261E-17
 7240.23995150871  1.854392E-17
 7242.31190420075  1.870851E-17
 7244.38385689279  1.824285E-17
 7246.45580958483  1.887797E-17
 7248.52776227687  1.820599E-17
 7250.59971496891  1.752416E-17
 7252.67166766095  1.810735E-17
 7254.743620353    1.874110E-17
 7256.81557304504  1.923845E-17
 7258.88752573708  1.912077E-17
 7260.95947842912  1.965854E-17
 7263.03143112116  1.942320E-17
 7265.1033838132   1.782038E-17
 7267.17533650524  1.829870E-17
 7269.24728919728  2.069699E-17
 7271.31924188933  2.005440E-17
 7273.39119458137  1.760944E-17
 7275.46314727341  1.984138E-17
 7277.53509996545  2.052618E-17
 7279.60705265749  2.054468E-17
 7281.67900534953  2.015981E-17
 7283.75095804157  1.989970E-17
 7285.82291073362  1.997140E-17
 7287.89486342566  1.919540E-17
 7289.9668161177   1.847091E-17
 7292.03876880974  1.917624E-17
 7294.11072150178  2.002668E-17
 7296.18267419382  2.076125E-17
 7298.25462688586  2.032966E-17
 7300.3265795779   1.980824E-17
 7302.39853226995  2.087350E-17
 7304.47048496199  2.378701E-17
 7306.54243765403  2.623485E-17
 7308.61439034607  2.821664E-17
 7310.68634303811  2.917704E-17
 7312.75829573015  2.769040E-17
 7314.83024842219  2.606895E-17
 7316.90220111423  2.560429E-17
 7318.97415380628  2.430877E-17
 7321.04610649832  2.277314E-17
 7323.11805919036  2.120354E-17
 7325.1900118824   1.968766E-17
 7327.26196457444  2.061982E-17
 7329.33391726648  2.064120E-17
 7331.40586995852  1.979262E-17
 7333.47782265056  2.017647E-17
 7335.54977534261  2.150303E-17
 7337.62172803465  2.484249E-17
 7339.69368072669  2.650948E-17
 7341.76563341873  2.611494E-17
 7343.83758611077  2.663559E-17
 7345.90953880281  2.550784E-17
 7347.98149149485  2.365635E-17
 7350.0534441869   2.323060E-17
 7352.12539687894  2.301614E-17
 7354.19734957098  2.222980E-17
 7356.26930226302  1.981392E-17
 7358.34125495506  1.952402E-17
 7360.4132076471   1.984469E-17
 7362.48516033914  1.914047E-17
 7364.55711303118  1.814691E-17
 7366.62906572323  1.839267E-17
 7368.70101841527  1.953306E-17
 7370.77297110731  1.802813E-17
 7372.84492379935  1.815968E-17
 7374.91687649139  1.821004E-17
 7376.98882918343  1.770662E-17
 7379.06078187547  1.797512E-17
 7381.13273456751  1.857066E-17
 7383.20468725956  1.868514E-17
 7385.2766399516   1.888817E-17
 7387.34859264364  1.842674E-17
 7389.42054533568  1.892198E-17
 7391.49249802772  1.734956E-17
 7393.56445071976  1.784786E-17
 7395.6364034118   1.983923E-17
 7397.70835610384  2.008333E-17
 7399.78030879589  2.136175E-17
 7401.85226148793  2.011168E-17
 7403.92421417997  1.982437E-17
 7405.99616687201  1.889882E-17
 7408.06811956405  1.778843E-17
 7410.14007225609  1.828058E-17
 7412.21202494813  1.917686E-17
 7414.28397764018  1.859758E-17
 7416.35593033222  1.762895E-17
 7418.42788302426  1.717111E-17
 7420.4998357163   1.700118E-17
 7422.57178840834  1.707505E-17
 7424.64374110038  1.760048E-17
 7426.71569379242  1.806113E-17
 7428.78764648446  1.796607E-17
 7430.85959917651  1.772686E-17
 7432.93155186855  1.773274E-17
 7435.00350456059  1.855707E-17
 7437.07545725263  1.870258E-17
 7439.14740994467  1.740667E-17
 7441.21936263671  1.671041E-17
 7443.29131532875  1.701297E-17
 7445.3632680208   1.683675E-17
 7447.43522071284  1.699348E-17
 7449.50717340488  1.702928E-17
 7451.57912609692  1.682886E-17
 7453.65107878896  1.718748E-17
 7455.723031481    1.696853E-17
 7457.79498417304  1.614486E-17
 7459.86693686508  1.607128E-17
 7461.93888955713  1.681410E-17
 7464.01084224917  1.798933E-17
 7466.08279494121  1.775587E-17
 7468.15474763325  1.764806E-17
 7470.22670032529  1.737340E-17
 7472.29865301733  1.723076E-17
 7474.37060570937  1.784371E-17
 7476.44255840141  1.802484E-17
 7478.51451109346  1.744909E-17
 7480.5864637855   1.737107E-17
 7482.65841647754  1.781532E-17
 7484.73036916958  1.769575E-17
 7486.80232186162  1.751193E-17
 7488.87427455366  1.732030E-17
 7490.9462272457   1.726646E-17
 7493.01817993774  1.815471E-17
 7495.09013262979  1.749230E-17
 7497.16208532183  1.680749E-17
 7499.23403801387  1.701616E-17
 7501.30599070591  1.686891E-17
 7503.37794339795  1.607203E-17
 7505.44989608999  1.590786E-17
 7507.52184878203  1.658589E-17
 7509.59380147408  1.698261E-17
 7511.66575416612  1.740627E-17
 7513.73770685816  1.743554E-17
 7515.8096595502   1.811270E-17
 7517.88161224224  1.789168E-17
 7519.95356493428  1.687103E-17
 7522.02551762632  1.747084E-17
 7524.09747031836  1.789796E-17
 7526.1694230104   1.695391E-17
 7528.24137570245  1.719517E-17
 7530.31332839449  1.662655E-17
 7532.38528108653  1.698778E-17
 7534.45723377857  1.780063E-17
 7536.52918647061  1.680951E-17
 7538.60113916265  1.644548E-17
 7540.6730918547   1.654507E-17
 7542.74504454674  1.679528E-17
 7544.81699723878  1.714187E-17
 7546.88894993082  1.669936E-17
 7548.96090262286  1.591403E-17
 7551.0328553149   1.625903E-17
 7553.10480800694  1.725378E-17
 7555.17676069898  1.719343E-17
 7557.24871339102  1.706521E-17
 7559.32066608307  1.681181E-17
 7561.39261877511  1.675748E-17
 7563.46457146715  1.715005E-17
 7565.53652415919  1.677450E-17
 7567.60847685123  1.572480E-17
 7569.68042954327  1.604318E-17
 7571.75238223532  1.533529E-17
 7573.82433492736  1.614041E-17
 7575.8962876194   1.809767E-17
 7577.96824031144  1.815703E-17
 7580.04019300348  1.732450E-17
 7582.11214569552  1.773391E-17
 7584.18409838756  1.747396E-17
 7586.2560510796   1.711451E-17
 7588.32800377165  1.664917E-17
 7590.39995646369  1.620937E-17
 7592.47190915573  1.609382E-17
 7594.54386184777  1.683787E-17
 7596.61581453981  1.633794E-17
 7598.68776723185  1.355976E-17
 7600.75971992389  1.327791E-17
 7602.83167261593  1.422748E-17
 7604.90362530798  1.255527E-17
 7606.97557800002  1.196797E-17
 7609.04753069206  1.515428E-17
 7611.1194833841   1.726147E-17
 7613.19143607614  1.750716E-17
 7615.26338876818  1.858334E-17
 7617.33534146022  1.823872E-17
 7619.40729415226  1.636976E-17
 7621.47924684431  1.648069E-17
 7623.55119953635  1.728444E-17
 7625.62315222839  1.660779E-17
 7627.69510492043  1.659681E-17
 7629.76705761247  1.693298E-17
 7631.83901030451  1.872130E-17
 7633.91096299655  1.895041E-17
 7635.98291568859  1.749902E-17
 7638.05486838064  1.705165E-17
 7640.12682107268  1.809288E-17
 7642.19877376472  1.797584E-17
 7644.27072645676  1.673095E-17
 7646.3426791488   1.703278E-17
 7648.41463184084  1.825880E-17
 7650.48658453288  1.739651E-17
 7652.55853722493  1.687723E-17
 7654.63048991697  1.956995E-17
 7656.70244260901  2.066773E-17
 7658.77439530105  1.829013E-17
 7660.84634799309  1.873124E-17
 7662.91830068513  1.948000E-17
 7664.99025337717  1.977591E-17
 7667.06220606921  1.851303E-17
 7669.13415876126  1.688377E-17
 7671.2061114533   1.779781E-17
 7673.27806414534  1.702118E-17
 7675.35001683738  1.444263E-17
 7677.42196952942  1.224708E-17
 7679.49392222146  1.034360E-17
 7681.5658749135   9.935429E-18
 7683.63782760554  1.233261E-17
 7685.70978029759  1.629365E-17
 7687.78173298963  1.923902E-17
 7689.85368568167  1.989340E-17
 7691.92563837371  1.930764E-17
 7693.99759106575  2.061980E-17
 7696.06954375779  2.085161E-17
 7698.14149644983  1.915878E-17
 7700.21344914188  1.869194E-17
 7702.28540183392  1.925733E-17
 7704.35735452596  1.861127E-17
 7706.429307218    1.832814E-17
 7708.50125991004  1.607200E-17
 7710.57321260208  1.314147E-17
 7712.64516529412  1.100653E-17
 7714.71711798616  1.004902E-17
 7716.78907067821  1.122065E-17
 7718.86102337025  1.517266E-17
 7720.93297606229  1.961889E-17
 7723.00492875433  2.007709E-17
 7725.07688144637  1.857664E-17
 7727.14883413841  1.910445E-17
 7729.22078683045  1.965518E-17
 7731.29273952249  1.888571E-17
 7733.36469221454  1.896143E-17
 7735.43664490658  1.942357E-17
 7737.50859759862  2.019832E-17
 7739.58055029066  2.002493E-17
 7741.6525029827   1.928517E-17
 7743.72445567474  1.899782E-17
 7745.79640836678  1.832565E-17
 7747.86836105883  1.757691E-17
 7749.94031375087  1.714421E-17
 7752.01226644291  1.740557E-17
 7754.08421913495  1.803540E-17
 7756.15617182699  1.817055E-17
 7758.22812451903  1.733130E-17
 7760.30007721107  1.664044E-17
 7762.37202990311  1.735396E-17
 7764.44398259516  1.749562E-17
 7766.5159352872   1.816817E-17
 7768.58788797924  1.784959E-17
 7770.65984067128  1.771042E-17
 7772.73179336332  1.706088E-17
 7774.80374605536  1.665864E-17
 7776.8756987474   1.982935E-17
 7778.94765143944  1.812151E-17
 7781.01960413149  1.683925E-17
 7783.09155682353  1.721720E-17
 7785.16350951557  1.628460E-17
 7787.23546220761  1.534302E-17
 7789.30741489965  1.551925E-17
 7791.37936759169  1.435882E-17
 7793.45132028373  1.614130E-17
 7795.52327297577  1.786008E-17
 7797.59522566782  1.735245E-17
 7799.66717835986  1.676765E-17
 7801.7391310519   1.718980E-17
 7803.81108374394  1.729259E-17
 7805.88303643598  1.699620E-17
 7807.95498912802  1.712929E-17
 7810.02694182006  1.867132E-17
 7812.09889451211  1.923175E-17
 7814.17084720415  1.829338E-17
 7816.24279989619  1.759341E-17
 7818.31475258823  1.701047E-17
 7820.38670528027  1.570451E-17
 7822.45865797231  1.675028E-17
 7824.53061066435  1.848078E-17
 7826.60256335639  1.854869E-17
 7828.67451604844  1.679318E-17
 7830.74646874048  1.572179E-17
 7832.81842143252  1.631464E-17
 7834.89037412456  1.680516E-17
 7836.9623268166   1.813084E-17
 7839.03427950864  1.801031E-17
 7841.10623220068  1.763326E-17
 7843.17818489272  1.795176E-17
 7845.25013758477  1.733714E-17
 7847.32209027681  1.639174E-17
 7849.39404296885  1.778310E-17
