 3345.675          4.227429E-17
 3347.97909740103  3.381204E-16
 3350.28319480207  3.941103E-16
 3352.5872922031   3.779651E-16
 3354.89138960413  3.708838E-16
 3357.19548700517  1.372805E-16
 3359.4995844062   3.860483E-16
 3361.80368180724  3.716276E-16
 3364.10777920827  3.144800E-16
 3366.4118766093   6.436130E-17
 3368.71597401034  3.672097E-16
 3371.02007141137  1.978754E-16
 3373.3241688124   -2.538094E-16
 3375.62826621344  4.021968E-16
 3377.93236361447  4.655348E-16
 3380.2364610155   2.695542E-16
 3382.54055841654  1.373344E-17
 3384.84465581757  1.233652E-16
 3387.14875321861  5.122886E-16
 3389.45285061964  3.017711E-16
 3391.75694802067  -1.909652E-16
 3394.06104542171  3.222451E-17
 3396.36514282274  -3.509268E-17
 3398.66924022377  1.066493E-16
 3400.97333762481  2.351043E-16
 3403.27743502584  2.869428E-16
 3405.58153242687  2.321569E-16
 3407.88562982791  3.217469E-16
 3410.18972722894  2.072500E-16
 3412.49382462998  3.050292E-16
 3414.79792203101  1.292599E-16
 3417.10201943204  2.317221E-16
 3419.40611683308  6.908227E-17
 3421.71021423411  1.223477E-16
 3424.01431163514  2.325295E-16
 3426.31840903618  4.571547E-16
 3428.62250643721  -7.814484E-17
 3430.92660383824  5.585417E-18
 3433.23070123928  3.114287E-16
 3435.53479864031  3.932059E-17
 3437.83889604134  2.505519E-16
 3440.14299344238  8.030448E-17
 3442.44709084341  3.224564E-16
 3444.75118824445  1.460993E-16
 3447.05528564548  1.382384E-16
 3449.35938304651  9.203695E-17
 3451.66348044755  1.058395E-16
 3453.96757784858  3.091553E-16
 3456.27167524961  4.180164E-17
 3458.57577265065  2.100693E-17
 3460.87987005168  7.321380E-17
 3463.18396745271  1.233279E-16
 3465.48806485375  7.985147E-17
 3467.79216225478  1.846010E-16
 3470.09625965581  4.104287E-16
 3472.40035705685  1.490115E-16
 3474.70445445788  2.252589E-16
 3477.00855185892  2.726171E-16
 3479.31264925995  2.277417E-16
 3481.61674666098  2.157644E-19
 3483.92084406202  2.150349E-16
 3486.22494146305  1.335026E-16
 3488.52903886408  1.203526E-16
 3490.83313626512  6.003969E-17
 3493.13723366615  -1.587126E-16
 3495.44133106719  1.095296E-17
 3497.74542846822  1.836837E-16
 3500.04952586925  8.945784E-17
 3502.35362327029  1.057320E-16
 3504.65772067132  2.331041E-16
 3506.96181807235  1.028920E-16
 3509.26591547339  1.782544E-16
 3511.57001287442  1.072668E-16
 3513.87411027545  1.212757E-16
 3516.17820767649  2.556498E-17
 3518.48230507752  3.595955E-16
 3520.78640247855  1.160972E-16
 3523.09049987959  2.339735E-16
 3525.39459728062  4.149239E-16
 3527.69869468165  9.697105E-17
 3530.00279208269  2.271666E-16
 3532.30688948372  1.716516E-16
 3534.61098688476  1.394868E-16
 3536.91508428579  1.925970E-16
 3539.21918168682  2.001744E-16
 3541.52327908786  9.928339E-17
 3543.82737648889  1.423758E-16
 3546.13147388992  3.874311E-16
 3548.43557129096  3.216963E-16
 3550.73966869199  1.024959E-16
 3553.04376609302  1.124324E-16
 3555.34786349406  -5.727168E-17
 3557.65196089509  1.841622E-16
 3559.95605829613  2.947272E-16
 3562.26015569716  8.793709E-17
 3564.56425309819  2.283494E-16
 3566.86835049923  2.639696E-16
 3569.17244790026  1.279930E-16
 3571.47654530129  7.628317E-17
 3573.78064270233  1.475547E-16
 3576.08474010336  2.557280E-16
 3578.38883750439  1.166904E-16
 3580.69293490543  1.247065E-16
 3582.99703230646  1.710185E-16
 3585.3011297075   1.113203E-16
 3587.60522710853  6.357737E-17
 3589.90932450956  1.318362E-16
 3592.2134219106   1.544068E-16
 3594.51751931163  1.119497E-16
 3596.82161671266  2.471080E-16
 3599.1257141137   7.311843E-17
 3601.42981151473  6.575325E-17
 3603.73390891576  1.042523E-16
 3606.0380063168   8.650637E-17
 3608.34210371783  1.048811E-16
 3610.64620111886  2.243362E-17
 3612.9502985199   1.616533E-16
 3615.25439592093  1.549579E-16
 3617.55849332197  1.186697E-16
 3619.862590723    5.085712E-17
 3622.16668812403  2.115686E-16
 3624.47078552507  3.619560E-16
 3626.7748829261   2.309044E-16
 3629.07898032713  6.985050E-17
 3631.38307772817  -3.095705E-17
 3633.6871751292   8.752752E-17
 3635.99127253024  1.389836E-16
 3638.29536993127  1.339992E-16
 3640.5994673323   1.199946E-16
 3642.90356473334  1.148849E-16
 3645.20766213437  2.511862E-16
 3647.5117595354   2.318502E-16
 3649.81585693644  3.654618E-16
 3652.11995433747  3.582455E-16
 3654.4240517385   4.512715E-17
 3656.72814913954  -1.265071E-16
 3659.03224654057  1.056970E-16
 3661.3363439416   3.764750E-16
 3663.64044134264  3.544318E-16
 3665.94453874367  2.154445E-16
 3668.2486361447   3.392088E-16
 3670.55273354574  3.571920E-16
 3672.85683094677  1.811511E-16
 3675.16092834781  1.097922E-16
 3677.46502574884  4.242124E-17
 3679.76912314987  1.327934E-16
 3682.07322055091  1.896044E-16
 3684.37731795194  2.098344E-16
 3686.68141535297  1.652063E-16
 3688.98551275401  1.763957E-16
 3691.28961015504  2.182009E-16
 3693.59370755607  1.907280E-16
 3695.89780495711  1.215199E-16
 3698.20190235814  5.380769E-17
 3700.50599975918  1.525870E-16
 3702.81009716021  8.367291E-17
 3705.11419456124  6.536966E-17
 3707.41829196228  1.694024E-16
 3709.72238936331  2.437583E-16
 3712.02648676434  7.098301E-17
 3714.33058416538  1.448237E-16
 3716.63468156641  2.227101E-17
 3718.93877896744  5.853057E-17
 3721.24287636848  1.677146E-16
 3723.54697376951  2.161466E-16
 3725.85107117055  1.983189E-16
 3728.15516857158  6.606565E-17
 3730.45926597261  1.107573E-16
 3732.76336337365  3.271632E-16
 3735.06746077468  4.569983E-16
 3737.37155817571  4.525687E-16
 3739.67565557675  4.370685E-16
 3741.97975297778  4.888380E-16
 3744.28385037881  4.048280E-16
 3746.58794777985  2.800618E-16
 3748.89204518088  1.861974E-16
 3751.19614258192  1.518801E-16
 3753.50023998295  1.679893E-16
 3755.80433738398  2.801218E-17
 3758.10843478502  3.808657E-18
 3760.41253218605  1.062680E-16
 3762.71662958708  1.828361E-16
 3765.02072698812  1.259256E-16
 3767.32482438915  1.344161E-16
 3769.62892179018  1.415771E-16
 3771.93301919122  4.647471E-17
 3774.23711659225  1.612206E-16
 3776.54121399328  1.459822E-16
 3778.84531139432  2.269572E-16
 3781.14940879535  2.468599E-16
 3783.45350619638  8.544033E-17
 3785.75760359742  1.534145E-16
 3788.06170099845  5.810173E-17
 3790.36579839949  1.135276E-16
 3792.66989580052  1.591759E-17
 3794.97399320155  1.000764E-16
 3797.27809060259  9.988167E-17
 3799.58218800362  2.388790E-16
 3801.88628540465  3.688156E-16
 3804.19038280569  1.402509E-16
 3806.49448020672  2.204119E-16
 3808.79857760776  2.303463E-16
 3811.10267500879  1.178458E-16
 3813.40677240982  -9.323032E-19
 3815.71086981086  2.157854E-16
 3818.01496721189  1.120204E-16
 3820.31906461292  1.078794E-16
 3822.62316201396  1.972961E-16
 3824.92725941499  2.818729E-16
 3827.23135681602  1.715406E-16
 3829.53545421706  1.190255E-16
 3831.83955161809  1.037646E-16
 3834.14364901912  8.552627E-17
 3836.44774642016  2.397798E-16
 3838.75184382119  1.448078E-16
 3841.05594122223  8.441618E-17
 3843.36003862326  7.293950E-17
 3845.66413602429  1.890936E-16
 3847.96823342533  1.859123E-16
 3850.27233082636  5.396565E-17
 3852.57642822739  1.227811E-16
 3854.88052562843  2.080096E-16
 3857.18462302946  2.318248E-16
 3859.48872043049  2.131388E-16
 3861.79281783153  1.642665E-16
 3864.09691523256  8.570547E-17
 3866.4010126336   1.769668E-16
 3868.70511003463  1.174681E-16
 3871.00920743566  1.760870E-16
 3873.3133048367   1.927513E-16
 3875.61740223773  1.089952E-16
 3877.92149963876  6.751068E-17
 3880.2255970398   8.739475E-17
 3882.52969444083  1.735497E-16
 3884.83379184186  1.911123E-16
 3887.1378892429   1.738444E-16
 3889.44198664393  1.147642E-16
 3891.74608404496  2.164207E-16
 3894.050181446    1.843150E-16
 3896.35427884703  1.411602E-16
 3898.65837624807  2.682523E-16
 3900.9624736491   1.963738E-16
 3903.26657105013  3.739745E-17
 3905.57066845117  1.031784E-16
 3907.8747658522   2.309608E-16
 3910.17886325323  2.132313E-16
 3912.48296065427  2.792813E-16
 3914.7870580553   1.639324E-16
 3917.09115545633  2.162413E-16
 3919.39525285737  2.142481E-16
 3921.6993502584   1.724405E-16
 3924.00344765943  1.690018E-16
 3926.30754506047  1.802414E-16
 3928.6116424615   2.263174E-16
 3930.91573986254  2.437924E-16
 3933.21983726357  1.381876E-16
 3935.5239346646   1.475040E-16
 3937.82803206564  1.696778E-16
 3940.13212946667  1.654783E-16
 3942.4362268677   2.546987E-16
 3944.74032426874  2.196940E-16
 3947.04442166977  1.910312E-16
 3949.3485190708   1.953705E-16
 3951.65261647184  2.333390E-16
 3953.95671387287  2.700381E-16
 3956.26081127391  2.509478E-16
 3958.56490867494  1.344971E-16
 3960.86900607597  4.890425E-17
 3963.17310347701  1.365502E-16
 3965.47720087804  1.666131E-16
 3967.78129827907  1.528616E-16
 3970.08539568011  1.422486E-16
 3972.38949308114  1.447686E-16
 3974.69359048217  2.165897E-16
 3976.99768788321  1.758208E-16
 3979.30178528424  1.381729E-16
 3981.60588268527  2.016761E-16
 3983.90998008631  2.353326E-16
 3986.21407748734  1.806993E-16
 3988.51817488838  8.955265E-17
 3990.82227228941  1.741459E-16
 3993.12636969044  1.299357E-16
 3995.43046709148  4.382166E-17
 3997.73456449251  7.741931E-17
 4000.03866189354  9.318563E-17
 4002.34275929458  1.477125E-16
 4004.64685669561  1.323279E-16
 4006.95095409665  1.913794E-16
 4009.25505149768  1.947529E-16
 4011.55914889871  1.884004E-16
 4013.86324629975  1.912642E-16
 4016.16734370078  2.546984E-16
 4018.47144110181  1.846712E-16
 4020.77553850285  1.333414E-16
 4023.07963590388  2.046718E-16
 4025.38373330491  2.561691E-16
 4027.68783070595  2.200659E-16
 4029.99192810698  2.121072E-16
 4032.29602550801  1.873950E-16
 4034.60012290905  1.600909E-16
 4036.90422031008  1.165740E-16
 4039.20831771112  2.214690E-16
 4041.51241511215  3.227099E-16
 4043.81651251318  2.120157E-16
 4046.12060991422  3.264531E-17
 4048.42470731525  1.825839E-16
 4050.72880471628  3.606075E-16
 4053.03290211732  1.832908E-16
 4055.33699951835  1.604104E-16
 4057.64109691938  1.266234E-16
 4059.94519432042  5.304137E-17
 4062.24929172145  2.901963E-17
 4064.55338912249  1.187786E-16
 4066.85748652352  2.326932E-16
 4069.16158392455  2.790279E-16
 4071.46568132559  2.113843E-16
 4073.76977872662  8.229179E-17
 4076.07387612765  1.062181E-16
 4078.37797352869  1.475883E-16
 4080.68207092972  1.793034E-16
 4082.98616833075  2.390761E-16
 4085.29026573179  2.996441E-16
 4087.59436313282  2.359536E-16
 4089.89846053385  1.172390E-16
 4092.20255793489  9.372307E-17
 4094.50665533592  1.796800E-16
 4096.81075273696  2.620205E-16
 4099.11485013799  2.105353E-16
 4101.41894753902  1.967506E-16
 4103.72304494006  1.529166E-16
 4106.02714234109  2.388519E-16
 4108.33123974212  2.189513E-16
 4110.63533714316  1.333241E-16
 4112.93943454419  6.021809E-17
 4115.24353194522  1.520445E-16
 4117.54762934626  2.283454E-16
 4119.85172674729  1.764969E-16
 4122.15582414832  9.724654E-17
 4124.45992154936  1.372538E-16
 4126.76401895039  1.956689E-16
 4129.06811635143  2.220122E-16
 4131.37221375246  2.186381E-16
 4133.67631115349  1.429547E-16
 4135.98040855453  1.843408E-16
 4138.28450595556  2.206967E-16
 4140.58860335659  2.348641E-16
 4142.89270075763  2.063586E-16
 4145.19679815866  2.289101E-16
 4147.50089555969  9.067944E-17
 4149.80499296073  2.480704E-16
 4152.10909036176  2.892888E-16
 4154.41318776279  1.843389E-16
 4156.71728516383  8.110984E-17
 4159.02138256486  2.062080E-16
 4161.3254799659   1.680747E-16
 4163.62957736693  1.166036E-16
 4165.93367476796  1.651301E-16
 4168.237772169    2.022923E-16
 4170.54186957003  1.433221E-16
 4172.84596697106  1.902691E-16
 4175.1500643721   1.002439E-16
 4177.45416177313  1.969652E-16
 4179.75825917417  2.712737E-16
 4182.0623565752   2.053799E-16
 4184.36645397623  1.205106E-16
 4186.67055137727  1.560705E-16
 4188.9746487783   1.444456E-16
 4191.27874617933  9.758275E-17
 4193.58284358037  1.685545E-16
 4195.8869409814   2.057612E-16
 4198.19103838243  2.152494E-16
 4200.49513578347  2.803857E-16
 4202.7992331845   1.055036E-16
 4205.10333058553  1.115156E-16
 4207.40742798657  1.736910E-16
 4209.7115253876   1.113026E-16
 4212.01562278864  1.160120E-16
 4214.31972018967  8.902643E-17
 4216.6238175907   1.865271E-16
 4218.92791499174  1.713105E-16
 4221.23201239277  1.566740E-16
 4223.5361097938   2.958952E-16
 4225.84020719484  2.862075E-16
 4228.14430459587  1.871663E-16
 4230.4484019969   1.617874E-16
 4232.75249939794  1.416780E-16
 4235.05659679897  1.966725E-16
 4237.3606942      1.734835E-16
 4239.66479160104  9.824977E-17
 4241.96888900207  1.307141E-16
 4244.27298640311  1.458338E-16
 4246.57708380414  3.993352E-17
 4248.88118120517  5.421266E-17
 4251.18527860621  1.418040E-16
 4253.48937600724  1.910473E-16
 4255.79347340827  6.178568E-17
 4258.09757080931  1.716810E-16
 4260.40166821034  1.900671E-16
 4262.70576561137  1.489228E-16
 4265.00986301241  1.258902E-16
 4267.31396041344  1.225345E-16
 4269.61805781448  1.429063E-16
 4271.92215521551  1.653740E-16
 4274.22625261654  2.497956E-16
 4276.53035001758  2.173259E-16
 4278.83444741861  8.177909E-17
 4281.13854481964  1.804596E-16
 4283.44264222068  1.647477E-16
 4285.74673962171  1.938961E-16
 4288.05083702274  2.618589E-16
 4290.35493442378  2.008641E-16
 4292.65903182481  1.906758E-16
 4294.96312922584  1.977511E-16
 4297.26722662688  1.925413E-16
 4299.57132402791  1.516914E-16
 4301.87542142895  2.049920E-16
 4304.17951882998  2.283066E-16
 4306.48361623101  1.491375E-16
 4308.78771363205  1.482427E-16
 4311.09181103308  8.680728E-17
 4313.39590843411  4.086504E-17
 4315.70000583515  1.410223E-16
 4318.00410323618  1.459709E-16
 4320.30820063722  1.789342E-16
 4322.61229803825  1.657053E-16
 4324.91639543928  2.348798E-16
 4327.22049284032  2.349112E-16
 4329.52459024135  1.207964E-16
 4331.82868764238  1.354778E-16
 4334.13278504342  1.559885E-16
 4336.43688244445  1.599043E-16
 4338.74097984548  1.432474E-16
 4341.04507724652  1.920515E-16
 4343.34917464755  1.556648E-16
 4345.65327204859  2.063695E-16
 4347.95736944962  2.190724E-16
 4350.26146685065  1.286617E-16
 4352.56556425168  1.847206E-16
 4354.86966165272  4.267990E-17
 4357.17375905375  5.931376E-17
 4359.47785645479  1.369598E-16
 4361.78195385582  3.298193E-16
 4364.08605125685  2.467078E-16
 4366.39014865789  1.436556E-16
 4368.69424605892  7.454773E-17
 4370.99834345995  -5.106310E-18
 4373.30244086099  1.077570E-16
 4375.60653826202  3.135432E-16
 4377.91063566305  2.459781E-16
 4380.21473306409  2.403056E-16
 4382.51883046512  1.755569E-16
 4384.82292786616  4.617358E-17
 4387.12702526719  -1.322333E-17
 4389.43112266822  1.918973E-16
 4391.73522006926  2.031164E-16
 4394.03931747029  6.977738E-17
 4396.34341487132  1.079640E-16
 4398.64751227236  1.676624E-16
 4400.95160967339  7.403565E-17
 4403.25570707442  1.164345E-16
 4405.55980447546  1.892640E-16
 4407.86390187649  2.215928E-16
 4410.16799927753  2.837861E-16
 4412.47209667856  1.011562E-16
 4414.77619407959  7.804362E-17
 4417.08029148063  1.814809E-16
 4419.38438888166  1.542167E-16
 4421.68848628269  2.186213E-16
 4423.99258368373  2.505581E-16
 4426.29668108476  2.249968E-16
 4428.60077848579  2.210035E-16
 4430.90487588683  6.358563E-17
 4433.20897328786  1.825859E-16
 4435.5130706889   1.890443E-16
 4437.81716808993  1.150361E-16
 4440.12126549096  2.395700E-16
 4442.425362892    2.810275E-16
 4444.72946029303  1.168261E-16
 4447.03355769406  1.695505E-16
 4449.3376550951   1.824234E-16
 4451.64175249613  1.585621E-16
 4453.94584989716  1.115448E-16
 4456.2499472982   6.033628E-17
 4458.55404469923  1.477525E-16
 4460.85814210026  5.203832E-17
 4463.1622395013   1.032325E-16
 4465.46633690233  2.263311E-16
 4467.77043430337  2.667818E-16
 4470.0745317044   1.586634E-16
 4472.37862910543  2.101376E-16
 4474.68272650647  2.216425E-16
 4476.9868239075   1.988722E-16
 4479.29092130853  7.033726E-17
 4481.59501870957  3.653523E-17
 4483.8991161106   8.017687E-17
 4486.20321351163  2.361710E-16
 4488.50731091267  1.782715E-16
 4490.8114083137   1.965433E-16
 4493.11550571474  2.512135E-16
 4495.41960311577  2.393090E-16
 4497.7237005168   1.396500E-16
 4500.02779791784  1.059185E-16
 4502.33189531887  1.334811E-16
 4504.6359927199   1.863643E-16
 4506.94009012094  2.576416E-16
 4509.24418752197  1.399280E-16
 4511.548284923    1.786010E-16
 4513.85238232404  2.282880E-16
 4516.15647972507  1.625102E-16
 4518.4605771261   1.788497E-16
 4520.76467452714  1.390417E-16
 4523.06877192817  1.740512E-16
 4525.37286932921  1.921002E-16
 4527.67696673024  2.305938E-16
 4529.98106413127  2.528978E-16
 4532.28516153231  2.433694E-16
 4534.58925893334  1.704520E-16
 4536.89335633437  1.778832E-16
 4539.19745373541  2.214318E-16
 4541.50155113644  1.214573E-16
 4543.80564853747  1.085030E-16
 4546.10974593851  2.697440E-16
 4548.41384333954  2.392391E-16
 4550.71794074058  1.894129E-16
 4553.02203814161  1.819715E-16
 4555.32613554264  1.822749E-16
 4557.63023294368  1.637400E-16
 4559.93433034471  1.383694E-16
 4562.23842774574  1.667835E-16
 4564.54252514678  2.344946E-16
 4566.84662254781  1.626797E-16
 4569.15071994884  1.607839E-16
 4571.45481734988  1.672433E-16
 4573.75891475091  2.048669E-16
 4576.06301215194  2.658066E-16
 4578.36710955298  2.060812E-16
 4580.67120695401  1.717348E-16
 4582.97530435505  1.605667E-16
 4585.27940175608  2.434627E-16
 4587.58349915711  2.217681E-16
 4589.88759655815  1.283535E-16
 4592.19169395918  2.070213E-16
 4594.49579136021  1.440566E-16
 4596.79988876125  9.691756E-17
 4599.10398616228  1.855040E-16
 4601.40808356331  2.027137E-16
 4603.71218096435  1.368637E-16
 4606.01627836538  1.606831E-16
 4608.32037576642  2.210576E-16
 4610.62447316745  3.929835E-16
 4612.92857056848  3.221530E-16
 4615.23266796952  1.714361E-16
 4617.53676537055  1.288362E-16
 4619.84086277158  2.001343E-16
 4622.14496017262  2.084971E-16
 4624.44905757365  1.586893E-16
 4626.75315497468  1.318460E-16
 4629.05725237572  1.713371E-16
 4631.36134977675  2.372564E-16
 4633.66544717778  1.701431E-16
 4635.96954457882  1.480071E-16
 4638.27364197985  1.327508E-16
 4640.57773938089  1.380932E-16
 4642.88183678192  1.068186E-16
 4645.18593418295  1.439693E-16
 4647.49003158399  1.646820E-16
 4649.79412898502  2.206491E-16
 4652.09822638605  1.444781E-16
 4654.40232378709  1.733624E-16
 4656.70642118812  1.176937E-16
 4659.01051858915  2.521874E-16
 4661.31461599019  1.587160E-16
 4663.61871339122  1.769897E-16
 4665.92281079225  2.207356E-16
 4668.22690819329  1.697937E-16
 4670.53100559432  1.307367E-16
 4672.83510299536  1.474668E-16
 4675.13920039639  1.192364E-16
 4677.44329779742  1.311052E-16
 4679.74739519846  1.911136E-16
 4682.05149259949  1.265979E-16
 4684.35559000052  2.130919E-16
 4686.65968740156  1.786547E-16
 4688.96378480259  7.292422E-17
 4691.26788220363  1.432504E-16
 4693.57197960466  1.954867E-16
 4695.87607700569  1.985309E-16
 4698.18017440673  1.038973E-16
 4700.48427180776  7.382502E-17
 4702.78836920879  1.326460E-16
 4705.09246660983  7.152461E-17
 4707.39656401086  7.763070E-17
 4709.70066141189  1.355704E-16
 4712.00475881293  2.187382E-16
 4714.30885621396  1.743184E-16
 4716.61295361499  1.774902E-16
 4718.91705101603  9.109176E-17
 4721.22114841706  6.934795E-17
 4723.5252458181   1.125609E-16
 4725.82934321913  2.024072E-16
 4728.13344062016  1.591850E-16
 4730.4375380212   9.641151E-17
 4732.74163542223  9.054151E-17
 4735.04573282326  1.680076E-16
 4737.3498302243   1.611281E-16
 4739.65392762533  1.419494E-16
 4741.95802502636  1.863784E-16
 4744.2621224274   1.282259E-16
 4746.56621982843  2.122486E-16
 4748.87031722946  2.248862E-16
 4751.1744146305   9.991059E-17
 4753.47851203153  1.301240E-16
 4755.78260943257  1.919350E-16
 4758.0867068336   1.343585E-16
 4760.39080423463  7.797507E-17
 4762.69490163567  1.686105E-16
 4764.9989990367   1.326283E-16
 4767.30309643773  6.598102E-17
 4769.60719383877  9.132321E-17
 4771.9112912398   2.252358E-16
 4774.21538864083  1.931340E-16
 4776.51948604187  1.403054E-16
 4778.8235834429   9.313435E-17
 4781.12768084394  1.205191E-16
 4783.43177824497  9.650746E-17
 4785.735875646    1.255314E-16
 4788.03997304704  2.035738E-16
 4790.34407044807  1.912533E-16
 4792.6481678491   1.159861E-16
 4794.95226525014  2.112990E-16
 4797.25636265117  2.090943E-16
 4799.5604600522   1.263539E-16
 4801.86455745324  8.622749E-17
 4804.16865485427  1.298987E-16
 4806.4727522553   1.918868E-16
 4808.77684965634  1.964061E-16
 4811.08094705737  1.644305E-16
 4813.38504445841  1.742408E-16
 4815.68914185944  1.892685E-16
 4817.99323926047  1.338105E-16
 4820.29733666151  1.850172E-16
 4822.60143406254  1.957044E-16
 4824.90553146357  1.310754E-16
 4827.20962886461  1.509124E-16
 4829.51372626564  1.449264E-16
 4831.81782366667  1.510157E-16
 4834.12192106771  1.507128E-16
 4836.42601846874  1.668407E-16
 4838.73011586977  1.234531E-16
 4841.03421327081  1.627984E-16
 4843.33831067184  1.729903E-16
 4845.64240807288  1.518494E-16
 4847.94650547391  2.077836E-16
 4850.25060287494  1.351901E-16
 4852.55470027598  1.379328E-16
 4854.85879767701  1.954031E-16
 4857.16289507804  1.889948E-16
 4859.46699247908  1.822903E-16
 4861.77108988011  1.333643E-16
 4864.07518728114  1.793560E-16
 4866.37928468218  1.457410E-16
 4868.68338208321  2.091683E-16
 4870.98747948425  2.282913E-16
 4873.29157688528  1.798340E-16
 4875.59567428631  2.189364E-16
 4877.89977168735  2.639423E-16
 4880.20386908838  2.502113E-16
 4882.50796648941  1.659715E-16
 4884.81206389045  1.786016E-16
 4887.11616129148  1.722565E-16
 4889.42025869252  1.407585E-16
 4891.72435609355  1.469018E-16
 4894.02845349458  2.051235E-16
 4896.33255089562  1.226418E-16
 4898.63664829665  6.450368E-17
 4900.94074569768  1.255075E-16
 4903.24484309872  1.686830E-16
 4905.54894049975  1.836455E-16
 4907.85303790078  1.883457E-16
 4910.15713530182  1.885530E-16
 4912.46123270285  1.919193E-16
 4914.76533010388  2.029436E-16
 4917.06942750492  2.208324E-16
 4919.37352490595  1.447246E-16
 4921.67762230699  9.716958E-17
 4923.98171970802  1.179989E-16
 4926.28581710905  9.979672E-17
 4928.58991451009  1.395568E-16
 4930.89401191112  9.439348E-17
 4933.19810931215  8.071724E-17
 4935.50220671319  1.257858E-16
 4937.80630411422  1.046419E-16
 4940.11040151525  1.059630E-16
 4942.41449891629  2.224909E-16
 4944.71859631732  2.441345E-16
 4947.02269371836  1.581243E-16
 4949.32679111939  1.759169E-16
 4951.63088852042  2.199080E-16
 4953.93498592145  1.205163E-16
 4956.23908332249  1.259431E-16
 4958.54318072352  1.383598E-16
 4960.84727812456  1.270324E-16
 4963.15137552559  1.148909E-16
 4965.45547292662  1.494025E-16
 4967.75957032766  2.322216E-16
 4970.06366772869  2.758600E-16
 4972.36776512972  2.588539E-16
 4974.67186253076  2.864363E-16
 4976.97595993179  2.905543E-16
 4979.28005733282  1.842379E-16
 4981.58415473386  2.575336E-16
 4983.88825213489  2.025968E-16
 4986.19234953593  1.117319E-16
 4988.49644693696  1.409808E-16
 4990.80054433799  1.736785E-16
 4993.10464173903  1.546821E-16
 4995.40873914006  1.361563E-16
 4997.71283654109  1.701205E-16
 5000.01693394213  1.806508E-16
 5002.32103134316  8.172051E-17
 5004.6251287442   1.342415E-16
 5006.92922614523  1.557209E-16
 5009.23332354626  1.741706E-16
 5011.5374209473   1.156283E-16
 5013.84151834833  2.981931E-16
 5016.14561574936  3.535911E-16
 5018.4497131504   3.174446E-16
 5020.75381055143  3.366854E-16
 5023.05790795247  3.485535E-16
 5025.3620053535   4.024072E-16
 5027.66610275453  2.148391E-16
 5029.97020015557  1.398852E-16
 5032.2742975566   1.320368E-16
 5034.57839495763  1.453340E-16
 5036.88249235867  1.637195E-16
 5039.1865897597   1.568448E-16
 5041.49068716073  1.623828E-16
 5043.79478456177  1.868914E-16
 5046.0988819628   1.639019E-16
 5048.40297936383  7.978188E-17
 5050.70707676487  9.725990E-17
 5053.0111741659   1.549581E-16
 5055.31527156694  1.039477E-16
 5057.61936896797  1.455436E-16
 5059.923466369    1.651971E-16
 5062.22756377004  1.395481E-16
 5064.53166117107  1.449473E-16
 5066.8357585721   1.016421E-16
 5069.13985597314  1.498375E-16
 5071.44395337417  1.460076E-16
 5073.7480507752   8.115441E-17
 5076.05214817624  1.050755E-16
 5078.35624557727  1.069800E-16
 5080.6603429783   1.419660E-16
 5082.96444037934  2.284979E-16
 5085.26853778037  1.984203E-16
 5087.5726351814   9.824571E-17
 5089.87673258244  1.148581E-16
 5092.18082998347  1.094013E-16
 5094.48492738451  6.263524E-17
 5096.78902478554  9.983887E-17
 5099.09312218657  1.283343E-16
 5101.39721958761  7.537769E-17
 5103.70131698864  1.736036E-16
 5106.00541438967  1.331647E-16
 5108.30951179071  1.568238E-16
 5110.61360919174  1.719295E-16
 5112.91770659277  1.508384E-16
 5115.22180399381  1.313660E-16
 5117.52590139484  1.406659E-16
 5119.82999879588  1.088635E-16
 5122.13409619691  7.611307E-17
 5124.43819359794  6.781901E-17
 5126.74229099898  1.079001E-16
 5129.04638840001  1.103353E-16
 5131.35048580104  1.784240E-16
 5133.65458320208  1.594268E-16
 5135.95868060311  1.521703E-16
 5138.26277800414  2.014985E-16
 5140.56687540518  2.270622E-16
 5142.87097280621  1.532342E-16
 5145.17507020724  1.170364E-16
 5147.47916760828  1.104832E-16
 5149.78326500931  1.716701E-16
 5152.08736241035  1.615913E-16
 5154.39145981138  1.984472E-16
 5156.69555721241  1.216653E-16
 5158.99965461345  1.093040E-16
 5161.30375201448  1.311430E-16
 5163.60784941552  1.531862E-16
 5165.91194681655  1.374936E-16
 5168.21604421758  8.167857E-17
 5170.52014161862  8.568043E-17
 5172.82423901965  1.531759E-16
 5175.12833642068  1.091357E-16
 5177.43243382172  9.302059E-17
 5179.73653122275  9.241986E-17
 5182.04062862378  -4.936774E-17
 5184.34472602482  1.995402E-17
 5186.64882342585  2.057654E-16
 5188.95292082688  1.929495E-16
 5191.25701822792  1.907872E-16
 5193.56111562895  2.054184E-16
 5195.86521302998  1.353885E-16
 5198.16931043102  1.088189E-16
 5200.47340783205  5.274129E-17
 5202.77750523309  1.570626E-16
 5205.08160263412  1.688959E-16
 5207.38570003515  9.279636E-17
 5209.68979743619  1.551905E-16
 5211.99389483722  9.047195E-17
 5214.29799223825  1.658198E-16
 5216.60208963929  1.147498E-16
 5218.90618704032  9.847340E-17
 5221.21028444135  5.842000E-17
 5223.51438184239  1.668054E-16
 5225.81847924342  2.208206E-16
 5228.12257664445  1.597616E-16
 5230.42667404549  1.757893E-16
 5232.73077144652  1.830231E-16
 5235.03486884756  1.277293E-16
 5237.33896624859  1.595562E-16
 5239.64306364962  1.938440E-16
 5241.94716105066  1.180363E-16
 5244.25125845169  1.895334E-16
 5246.55535585272  1.255271E-16
 5248.85945325376  1.274165E-16
 5251.16355065479  9.307531E-17
 5253.46764805582  1.699742E-16
 5255.77174545686  1.151564E-16
 5258.07584285789  1.561052E-16
 5260.37994025893  1.162906E-16
 5262.68403765996  6.681974E-17
 5264.98813506099  7.601389E-17
 5267.29223246203  2.288737E-16
 5269.59632986306  1.668565E-16
 5271.90042726409  1.305773E-16
 5274.20452466513  1.154040E-16
 5276.50862206616  1.282976E-16
 5278.81271946719  6.692446E-17
 5281.11681686823  1.069861E-16
 5283.42091426926  2.207736E-16
 5285.7250116703   1.841131E-16
 5288.02910907133  9.838813E-17
 5290.33320647236  5.995868E-17
 5292.6373038734   1.642112E-16
 5294.94140127443  1.967387E-16
 5297.24549867546  1.200514E-16
 5299.5495960765   1.198603E-16
 5301.85369347753  1.977127E-16
 5304.15779087856  1.494945E-16
 5306.4618882796   1.126445E-16
 5308.76598568063  1.060231E-16
 5311.07008308166  1.402057E-16
 5313.3741804827   1.578975E-16
 5315.67827788373  1.226115E-16
 5317.98237528477  1.009880E-16
 5320.2864726858   1.149188E-16
 5322.59057008683  1.033982E-16
 5324.89466748787  1.132681E-16
 5327.1987648889   1.546248E-16
 5329.50286228993  1.512363E-16
 5331.80695969097  1.521207E-16
 5334.111057092    1.226184E-16
 5336.41515449303  1.557781E-16
 5338.71925189407  1.436782E-16
 5341.0233492951   1.298706E-16
 5343.32744669614  1.377809E-16
 5345.63154409717  1.153078E-16
 5347.9356414982   1.297204E-16
 5350.23973889924  1.693703E-16
 5352.54383630027  2.029280E-16
 5354.8479337013   1.775862E-16
 5357.15203110234  1.279669E-16
 5359.45612850337  9.632118E-17
 5361.7602259044   1.074809E-16
 5364.06432330544  1.153302E-16
 5366.36842070647  1.748549E-16
 5368.6725181075   1.489328E-16
 5370.97661550854  1.637471E-16
 5373.28071290957  2.064896E-16
 5375.58481031061  1.398481E-16
 5377.88890771164  1.561569E-16
 5380.19300511267  1.266286E-16
 5382.49710251371  1.347134E-16
 5384.80119991474  8.923863E-17
 5387.10529731577  7.443360E-17
 5389.40939471681  1.271417E-16
 5391.71349211784  1.152899E-16
 5394.01758951887  6.742177E-17
 5396.32168691991  1.058931E-16
 5398.62578432094  1.427609E-16
 5400.92988172197  1.813377E-16
 5403.23397912301  1.080027E-16
 5405.53807652404  1.274401E-16
 5407.84217392508  1.463147E-16
 5410.14627132611  1.235428E-16
 5412.45036872714  1.159637E-16
 5414.75446612818  1.641178E-16
 5417.05856352921  1.508709E-16
 5419.36266093025  1.216672E-16
 5421.66675833128  8.513559E-17
 5423.97085573231  1.093597E-16
 5426.27495313335  9.864635E-17
 5428.57905053438  1.462220E-16
 5430.88314793541  1.254247E-16
 5433.18724533645  1.133589E-16
 5435.49134273748  1.603950E-16
 5437.79544013851  1.147636E-16
 5440.09953753955  1.122959E-16
 5442.40363494058  1.150229E-16
 5444.70773234161  1.706546E-16
 5447.01182974265  1.451962E-16
 5449.31592714368  1.334984E-16
 5451.62002454471  1.124507E-16
 5453.92412194575  7.129944E-17
 5456.22821934678  1.253358E-16
 5458.53231674782  1.605562E-16
 5460.83641414885  1.735258E-16
 5463.14051154988  9.662865E-17
 5465.44460895092  1.541831E-16
 5467.74870635195  9.711003E-17
 5470.05280375298  1.161329E-16
 5472.35690115402  1.060900E-16
 5474.66099855505  1.626129E-16
 5476.96509595608  8.376605E-17
 5479.26919335712  1.321515E-16
 5481.57329075815  7.973261E-17
 5483.87738815918  1.249372E-16
 5486.18148556022  7.203515E-17
 5488.48558296125  1.332613E-16
 5490.78968036229  6.910640E-17
 5493.09377776332  5.747605E-17
 5495.39787516435  1.393305E-16
 5497.70197256539  1.683254E-16
 5500.00606996642  1.930971E-16
 5502.31016736745  2.436687E-16
 5504.61426476849  1.409496E-16
 5506.91836216952  6.092706E-17
 5509.22245957055  1.815727E-16
 5511.52655697159  1.121965E-16
 5513.83065437262  7.377842E-17
 5516.13475177365  1.304792E-16
 5518.43884917469  9.497835E-17
 5520.74294657572  8.065244E-17
 5523.04704397676  6.119179E-17
 5525.35114137779  8.712316E-17
 5527.65523877882  1.103087E-16
 5529.95933617986  1.577903E-16
 5532.26343358089  9.705372E-17
 5534.56753098192  5.319011E-17
 5536.87162838296  1.157012E-16
 5539.17572578399  1.459041E-16
 5541.47982318503  1.234997E-16
 5543.78392058606  1.449300E-16
 5546.08801798709  1.606102E-16
 5548.39211538813  1.693376E-16
 5550.69621278916  1.707040E-16
 5553.00031019019  1.496638E-16
 5555.30440759123  1.954619E-16
 5557.60850499226  1.651051E-16
 5559.91260239329  8.217129E-17
 5562.21669979433  1.060645E-16
 5564.52079719536  1.605576E-16
 5566.8248945964   9.970808E-17
 5569.12899199743  5.022756E-17
 5571.43308939846  1.099946E-16
 5573.7371867995   1.116729E-16
 5576.04128420053  2.090120E-17
 5578.34538160156  7.630814E-17
 5580.6494790026   1.173616E-16
 5582.95357640363  7.932661E-17
 5585.25767380466  1.048704E-16
 5587.5617712057   1.055149E-16
 5589.86586860673  6.996024E-17
 5592.16996600776  1.578063E-16
 5594.4740634088   1.766473E-16
 5596.77816080983  1.097032E-16
 5599.08225821087  8.239148E-17
 5601.3863556119   4.936017E-17
 5603.69045301293  9.390972E-17
 5605.99455041397  1.394443E-16
 5608.298647815    1.284350E-16
 5610.60274521603  9.597693E-17
 5612.90684261707  8.990986E-17
 5615.2109400181   1.739304E-16
 5617.51503741913  2.043470E-16
 5619.81913482017  1.929158E-16
 5622.1232322212   1.960808E-16
 5624.42732962224  1.428679E-16
 5626.73142702327  5.382534E-17
 5629.0355244243   4.826864E-17
 5631.33962182534  9.047262E-17
 5633.64371922637  1.542984E-16
 5635.9478166274   1.024721E-16
 5638.25191402844  8.321754E-17
 5640.55601142947  1.369856E-16
 5642.8601088305   1.271947E-16
 5645.16420623154  1.788698E-16
 5647.46830363257  1.634281E-16
 5649.7724010336   1.509475E-16
 5652.07649843464  1.283184E-16
 5654.38059583567  1.579209E-16
 5656.6846932367   1.359139E-16
 5658.98879063774  1.212207E-16
 5661.29288803877  1.217222E-16
 5663.59698543981  8.084796E-17
 5665.90108284084  1.053455E-16
 5668.20518024187  1.033808E-16
 5670.50927764291  1.008453E-16
 5672.81337504394  7.184194E-17
 5675.11747244497  9.248472E-17
 5677.42156984601  1.093322E-16
 5679.72566724704  9.652164E-17
 5682.02976464807  1.351331E-16
 5684.33386204911  1.177573E-16
 5686.63795945014  2.509863E-16
 5688.94205685118  2.521208E-16
 5691.24615425221  1.068853E-16
 5693.55025165324  1.473003E-16
 5695.85434905428  2.181709E-16
 5698.15844645531  1.621940E-16
 5700.46254385634  9.176232E-17
 5702.76664125738  1.272051E-16
 5705.07073865841  1.621324E-16
 5707.37483605944  1.211449E-16
 5709.67893346048  1.001717E-16
 5711.98303086151  9.599268E-17
 5714.28712826255  1.204143E-16
 5716.59122566358  1.172764E-16
 5718.89532306461  8.459900E-17
 5721.19942046565  1.207935E-16
 5723.50351786668  1.344872E-16
 5725.80761526771  1.789841E-16
 5728.11171266875  1.609799E-16
 5730.41581006978  1.146648E-16
 5732.71990747081  1.411542E-16
 5735.02400487185  1.664858E-16
 5737.32810227288  1.361118E-16
 5739.63219967391  1.164897E-16
 5741.93629707495  1.575582E-16
 5744.24039447598  1.554256E-16
 5746.54449187702  1.250256E-16
 5748.84858927805  1.061982E-16
 5751.15268667908  6.843999E-17
 5753.45678408012  9.257811E-17
 5755.76088148115  9.464266E-17
 5758.06497888218  8.636164E-17
 5760.36907628322  1.233737E-16
 5762.67317368425  1.236624E-16
 5764.97727108528  1.123774E-16
 5767.28136848632  1.387997E-16
 5769.58546588735  9.859617E-17
 5771.88956328839  7.683885E-17
 5774.19366068942  1.539893E-16
 5776.49775809045  1.583836E-16
 5778.80185549149  1.387856E-16
 5781.10595289252  1.502663E-16
 5783.41005029355  1.636046E-16
 5785.71414769459  2.208340E-16
 5788.01824509562  1.813998E-16
 5790.32234249665  1.883383E-16
 5792.62643989769  1.609926E-16
 5794.93053729872  1.245458E-16
 5797.23463469976  1.352049E-16
 5799.53873210079  1.333488E-16
 5801.84282950182  1.356008E-16
 5804.14692690286  1.309299E-16
 5806.45102430389  6.411958E-17
 5808.75512170492  5.073651E-17
 5811.05921910596  1.220724E-16
 5813.36331650699  1.023595E-16
 5815.66741390802  5.946273E-17
 5817.97151130906  6.328227E-17
 5820.27560871009  1.056264E-16
 5822.57970611112  9.951722E-17
 5824.88380351216  1.183063E-16
 5827.18790091319  1.562593E-16
 5829.49199831423  1.902820E-16
 5831.79609571526  1.423345E-16
 5834.10019311629  1.251541E-16
 5836.40429051733  9.991984E-17
 5838.70838791836  1.071594E-16
 5841.01248531939  1.485267E-16
 5843.31658272043  2.488275E-16
 5845.62068012146  1.079794E-16
 5847.92477752249  1.704992E-16
 5850.22887492353  1.956105E-16
 5852.53297232456  1.582111E-16
 5854.83706972559  1.190348E-16
 5857.14116712663  1.028324E-16
 5859.44526452766  1.480891E-16
 5861.74936192869  1.560132E-16
 5864.05345932973  1.356117E-16
 5866.35755673076  1.563708E-16
 5868.6616541318   1.533775E-16
 5870.96575153283  1.535435E-16
 5873.26984893386  2.474830E-16
 5875.5739463349   1.905499E-16
 5877.87804373593  7.956325E-17
 5880.18214113696  1.091461E-16
 5882.486238538    1.421685E-16
 5884.79033593903  2.227023E-16
 5887.09443334006  1.977680E-16
 5889.3985307411   2.018774E-16
 5891.70262814213  1.387606E-16
 5894.00672554317  1.555114E-16
 5896.3108229442   1.969344E-16
 5898.61492034523  1.949814E-16
 5900.91901774627  1.569781E-16
 5903.2231151473   1.425156E-16
 5905.52721254833  9.794398E-17
 5907.83130994937  1.357590E-16
 5910.1354073504   1.037748E-16
 5912.43950475143  7.995515E-17
 5914.74360215247  7.973924E-17
 5917.0476995535   1.669193E-16
 5919.35179695454  1.006991E-16
 5921.65589435557  7.189563E-17
 5923.9599917566   1.553370E-16
 5926.26408915764  7.008355E-17
 5928.56818655867  1.137395E-16
 5930.8722839597   7.907010E-17
 5933.17638136074  1.887952E-16
 5935.48047876177  1.368969E-16
 5937.78457616281  1.247257E-16
 5940.08867356384  1.070542E-16
 5942.39277096487  1.724362E-16
 5944.69686836591  1.406490E-16
 5947.00096576694  1.035697E-16
 5949.30506316797  2.044970E-16
 5951.60916056901  2.159140E-16
 5953.91325797004  1.910968E-16
 5956.21735537107  1.000905E-16
 5958.52145277211  7.036631E-17
 5960.82555017314  1.509451E-16
 5963.12964757417  1.555248E-16
 5965.43374497521  1.201678E-16
 5967.73784237624  9.767472E-17
 5970.04193977728  1.428281E-16
 5972.34603717831  9.759648E-17
 5974.65013457934  1.954214E-16
 5976.95423198038  1.185243E-16
 5979.25832938141  1.635152E-16
 5981.56242678244  1.377467E-16
 5983.86652418348  1.646476E-16
 5986.17062158451  1.591355E-16
 5988.47471898554  1.083954E-16
 5990.77881638658  1.214961E-16
 5993.08291378761  2.154242E-16
 5995.38701118864  1.711964E-16
 5997.69110858968  9.452061E-17
 5999.99520599071  1.180607E-16
 6002.29930339175  1.302163E-16
 6004.60340079278  5.499610E-17
 6006.90749819381  7.302191E-18
 6009.21159559485  1.473922E-16
 6011.51569299588  1.537031E-16
 6013.81979039691  5.257265E-17
 6016.12388779795  8.215271E-17
 6018.42798519898  1.344296E-16
 6020.73208260001  9.513198E-17
 6023.03618000105  8.460616E-17
 6025.34027740208  6.877696E-17
 6027.64437480312  1.537294E-16
 6029.94847220415  2.084119E-16
 6032.25256960518  1.758813E-16
 6034.55666700622  1.407419E-16
 6036.86076440725  8.934570E-17
 6039.16486180828  1.084476E-16
 6041.46895920932  1.092904E-16
 6043.77305661035  1.780256E-16
 6046.07715401138  1.399365E-16
 6048.38125141242  1.568297E-16
 6050.68534881345  8.290119E-17
 6052.98944621449  1.432109E-16
 6055.29354361552  1.410506E-16
 6057.59764101655  1.062008E-16
 6059.90173841759  8.800482E-17
 6062.20583581862  1.533299E-16
 6064.50993321965  1.415982E-16
 6066.81403062069  1.522969E-16
 6069.11812802172  1.976056E-16
 6071.42222542275  8.177099E-17
 6073.72632282379  1.061291E-16
 6076.03042022482  1.585434E-16
 6078.33451762586  1.556836E-16
 6080.63861502689  1.123286E-16
 6082.94271242792  8.395515E-17
 6085.24680982896  9.682529E-17
 6087.55090722999  2.028243E-16
 6089.85500463102  1.903225E-16
 6092.15910203206  1.725326E-16
 6094.46319943309  8.193009E-17
 6096.76729683412  9.381346E-17
 6099.07139423516  9.715717E-17
 6101.37549163619  1.249328E-16
 6103.67958903722  1.804050E-16
 6105.98368643826  1.291803E-16
 6108.28778383929  9.833283E-17
 6110.59188124032  1.400899E-16
 6112.89597864136  1.485593E-16
 6115.20007604239  1.247921E-16
 6117.50417344343  1.504053E-16
 6119.80827084446  1.782772E-16
 6122.11236824549  1.808329E-16
 6124.41646564653  1.414077E-16
 6126.72056304756  1.587304E-16
 6129.02466044859  6.168147E-17
 6131.32875784963  7.482710E-17
 6133.63285525066  1.692339E-16
 6135.93695265169  1.278764E-16
 6138.24105005273  1.277457E-16
 6140.54514745376  1.153049E-16
 6142.84924485479  1.092732E-16
 6145.15334225583  1.382285E-16
 6147.45743965686  1.253317E-16
 6149.7615370579   1.183087E-16
 6152.06563445893  7.357685E-17
 6154.36973185996  1.358419E-16
 6156.673829261    1.677715E-16
 6158.97792666203  1.134553E-16
 6161.28202406306  1.564764E-16
 6163.5861214641   1.304375E-16
 6165.89021886513  1.448354E-16
 6168.19431626617  1.251082E-16
 6170.4984136672   1.306894E-16
 6172.80251106823  1.218291E-16
 6175.10660846927  1.110503E-16
 6177.4107058703   1.174231E-16
 6179.71480327133  1.893032E-16
 6182.01890067237  1.075805E-16
 6184.3229980734   4.452376E-17
 6186.62709547443  8.068271E-17
 6188.93119287547  1.177668E-16
 6191.2352902765   1.029293E-16
 6193.53938767753  1.269837E-16
 6195.84348507857  5.716027E-17
 6198.1475824796   7.188502E-17
 6200.45167988064  1.110143E-16
 6202.75577728167  9.629247E-17
 6205.0598746827   8.840112E-17
 6207.36397208374  7.967535E-17
 6209.66806948477  9.689692E-17
 6211.9721668858   1.415877E-16
 6214.27626428684  8.480653E-17
 6216.58036168787  1.267198E-16
 6218.8844590889   1.301623E-16
 6221.18855648994  1.229524E-16
 6223.49265389097  1.554336E-16
 6225.796751292    8.174951E-17
 6228.10084869304  9.788345E-17
 6230.40494609407  1.013550E-16
 6232.7090434951   1.129552E-16
 6235.01314089614  1.525993E-16
 6237.31723829717  1.590623E-16
 6239.62133569821  1.455376E-16
 6241.92543309924  1.005877E-16
 6244.22953050027  9.239910E-17
 6246.53362790131  1.271761E-16
 6248.83772530234  1.504405E-16
 6251.14182270337  1.527319E-16
 6253.44592010441  1.005455E-16
 6255.75001750544  1.084434E-16
 6258.05411490647  1.005033E-16
 6260.35821230751  9.789426E-17
 6262.66230970854  1.065712E-16
 6264.96640710958  1.101869E-16
 6267.27050451061  1.238868E-16
 6269.57460191164  1.240840E-16
 6271.87869931268  9.179823E-17
 6274.18279671371  1.593763E-16
 6276.48689411475  1.434126E-16
 6278.79099151578  1.567658E-16
 6281.09508891681  9.489440E-17
 6283.39918631785  7.428584E-17
 6285.70328371888  1.402104E-16
 6288.00738111991  1.124729E-16
 6290.31147852095  1.559849E-16
 6292.61557592198  9.009522E-17
 6294.91967332301  1.421381E-16
 6297.22377072405  1.158739E-16
 6299.52786812508  1.157583E-16
 6301.83196552612  1.165756E-16
 6304.13606292715  1.272733E-16
 6306.44016032818  1.573806E-16
 6308.74425772922  1.218121E-16
 6311.04835513025  1.695674E-16
 6313.35245253128  9.566361E-17
 6315.65654993232  9.190902E-17
 6317.96064733335  1.108437E-16
 6320.26474473438  1.333540E-16
 6322.56884213542  1.782123E-16
 6324.87293953645  1.808127E-16
 6327.17703693748  1.498433E-16
 6329.48113433852  1.266527E-16
 6331.78523173955  1.066528E-16
 6334.08932914058  1.190557E-16
 6336.39342654162  1.739773E-16
 6338.69752394265  1.773919E-16
 6341.00162134369  1.503167E-16
 6343.30571874472  1.647475E-16
 6345.60981614575  1.186632E-16
 6347.91391354679  1.560208E-16
 6350.21801094782  1.675262E-16
 6352.52210834885  1.867183E-16
 6354.82620574989  1.288935E-16
 6357.13030315092  1.835755E-16
 6359.43440055195  1.720334E-16
 6361.73849795299  1.166363E-16
 6364.04259535402  9.346081E-17
 6366.34669275505  9.971261E-17
 6368.65079015609  1.048158E-16
 6370.95488755712  1.204509E-16
 6373.25898495816  1.038124E-16
 6375.56308235919  1.311888E-16
 6377.86717976022  1.857014E-16
 6380.17127716126  1.521283E-16
 6382.47537456229  9.204966E-17
 6384.77947196332  1.115003E-16
 6387.08356936436  1.444153E-16
 6389.38766676539  1.553717E-16
 6391.69176416642  8.241668E-17
 6393.99586156746  8.340960E-17
 6396.29995896849  1.358363E-16
 6398.60405636953  9.541133E-17
 6400.90815377056  5.928544E-17
 6403.21225117159  9.273667E-17
 6405.51634857263  1.803694E-16
 6407.82044597366  1.875441E-16
 6410.12454337469  1.692147E-16
 6412.42864077573  1.499242E-16
 6414.73273817676  2.025105E-16
 6417.03683557779  1.762410E-16
 6419.34093297883  1.128289E-16
 6421.64503037986  6.877422E-17
 6423.9491277809   1.318077E-16
 6426.25322518193  1.674677E-16
 6428.55732258296  1.163008E-16
 6430.861419984    1.401083E-16
 6433.16551738503  1.138843E-16
 6435.46961478606  6.305469E-17
 6437.7737121871   9.357106E-17
 6440.07780958813  9.502317E-17
 6442.38190698916  1.667466E-16
 6444.6860043902   1.233084E-16
 6446.99010179123  1.106606E-16
 6449.29419919227  1.724398E-16
 6451.5982965933   1.075842E-16
 6453.90239399433  1.120095E-16
 6456.20649139537  1.169763E-16
 6458.5105887964   1.070750E-16
 6460.81468619743  9.154257E-17
 6463.11878359847  1.310771E-16
 6465.4228809995   1.122006E-16
 6467.72697840053  1.232602E-16
 6470.03107580157  1.093335E-16
 6472.3351732026   8.971548E-17
 6474.63927060364  9.697832E-17
 6476.94336800467  9.717396E-17
 6479.2474654057   1.282996E-16
 6481.55156280673  1.041282E-16
 6483.85566020777  5.620772E-17
 6486.1597576088   1.109789E-16
 6488.46385500984  1.092766E-16
 6490.76795241087  1.661208E-16
 6493.0720498119   1.291677E-16
 6495.37614721294  1.548872E-16
 6497.68024461397  3.705035E-17
 6499.984342015    1.181109E-16
 6502.28843941604  1.167227E-16
 6504.59253681707  6.347524E-17
 6506.8966342181   7.743860E-17
 6509.20073161914  4.821414E-17
 6511.50482902017  8.234115E-17
 6513.8089264212   8.091431E-18
 6516.11302382224  8.699640E-17
 6518.41712122327  1.227141E-16
 6520.72121862431  1.125378E-16
 6523.02531602534  1.140703E-16
 6525.32941342637  1.149386E-16
 6527.63351082741  1.411673E-16
 6529.93760822844  1.307324E-16
 6532.24170562947  8.429684E-17
 6534.54580303051  1.060552E-16
 6536.84990043154  8.825834E-17
 6539.15399783258  9.882923E-17
 6541.45809523361  8.275235E-17
 6543.76219263464  1.538295E-16
 6546.06629003568  9.974297E-17
 6548.37038743671  1.708888E-16
 6550.67448483774  1.384363E-16
 6552.97858223878  1.146764E-16
 6555.28267963981  1.242424E-16
 6557.58677704084  1.463518E-16
 6559.89087444188  1.790449E-16
 6562.19497184291  2.179027E-16
 6564.49906924395  2.041949E-16
 6566.80316664498  2.757172E-16
 6569.10726404601  2.733234E-16
 6571.41136144705  2.305458E-16
 6573.71545884808  2.981614E-16
 6576.01955624911  2.475869E-16
 6578.32365365015  2.576509E-16
 6580.62775105118  5.737216E-16
 6582.93184845221  9.839591E-16
 6585.23594585325  1.106981E-15
 6587.54004325428  7.024286E-16
 6589.84414065531  4.406132E-16
 6592.14823805635  3.028893E-16
 6594.45233545738  2.004242E-16
 6596.75643285842  2.328720E-16
 6599.06053025945  1.994706E-16
 6601.36462766048  1.902082E-16
 6603.66872506152  1.889415E-16
 6605.97282246255  1.622098E-16
 6608.27691986358  1.334371E-16
 6610.58101726462  1.885675E-16
 6612.88511466565  1.123748E-16
 6615.18921206668  8.283168E-17
 6617.49330946772  1.847476E-16
 6619.79740686875  1.480855E-16
 6622.10150426978  8.264625E-17
 6624.40560167082  1.014179E-16
 6626.70969907185  1.471888E-16
 6629.01379647289  1.186236E-16
 6631.31789387392  1.255540E-16
 6633.62199127495  1.048058E-16
 6635.92608867599  1.347391E-16
 6638.23018607702  1.603260E-16
 6640.53428347805  8.765003E-17
 6642.83838087909  4.072565E-17
 6645.14247828012  1.073807E-16
 6647.44657568115  1.096021E-16
 6649.75067308219  6.747073E-17
 6652.05477048322  5.434991E-17
 6654.35886788426  7.249561E-17
 6656.66296528529  1.489098E-16
 6658.96706268632  1.493728E-16
 6661.27116008736  1.682392E-16
 6663.57525748839  9.258008E-17
 6665.87935488942  1.256371E-16
 6668.18345229046  1.283795E-16
 6670.48754969149  7.458341E-17
 6672.79164709252  7.872815E-17
 6675.09574449356  1.406337E-16
 6677.39984189459  8.019629E-17
 6679.70393929563  1.171440E-16
 6682.00803669666  1.036739E-16
 6684.31213409769  5.323698E-17
 6686.61623149873  8.194532E-17
 6688.92032889976  1.091873E-16
 6691.22442630079  1.347699E-16
 6693.52852370183  1.064023E-16
 6695.83262110286  1.314432E-16
 6698.13671850389  8.271218E-17
 6700.44081590493  1.294517E-16
 6702.74491330596  1.426537E-16
 6705.049010707    8.287830E-17
 6707.35310810803  5.080927E-17
 6709.65720550906  1.009288E-16
 6711.96130291009  1.254511E-16
 6714.26540031113  8.913121E-17
 6716.56949771216  5.277951E-17
 6718.8735951132   9.188029E-17
 6721.17769251423  1.607198E-16
 6723.48178991526  1.554817E-16
 6725.7858873163   1.004633E-16
 6728.08998471733  1.352050E-16
 6730.39408211836  1.432765E-16
 6732.6981795194   1.184911E-16
 6735.00227692043  1.337822E-16
 6737.30637432147  1.436114E-16
 6739.6104717225   9.931488E-17
 6741.91456912353  9.181368E-17
 6744.21866652457  7.845353E-17
 6746.5227639256   1.128071E-16
 6748.82686132663  1.105177E-16
 6751.13095872767  1.329530E-16
 6753.4350561287   1.327236E-16
 6755.73915352973  1.022245E-16
 6758.04325093077  7.736953E-17
 6760.3473483318   8.615835E-17
 6762.65144573283  1.050382E-16
 6764.95554313387  9.066143E-17
 6767.2596405349   8.690932E-17
 6769.56373793593  9.793263E-17
 6771.86783533697  1.023366E-16
 6774.171932738    1.224166E-16
 6776.47603013904  7.389564E-17
 6778.78012754007  5.305598E-17
 6781.0842249411   1.026209E-16
 6783.38832234214  7.040501E-17
 6785.69241974317  5.220741E-17
 6787.9965171442   6.143660E-17
 6790.30061454524  1.135512E-16
 6792.60471194627  1.064550E-16
 6794.90880934731  1.339205E-16
 6797.21290674834  1.024112E-16
 6799.51700414937  7.581370E-17
 6801.82110155041  9.665621E-17
 6804.12519895144  7.157935E-17
 6806.42929635247  1.393715E-16
 6808.73339375351  1.148836E-16
 6811.03749115454  7.819792E-17
 6813.34158855557  7.587932E-17
 6815.64568595661  4.904909E-17
 6817.94978335764  6.754820E-17
 6820.25388075868  1.220297E-16
 6822.55797815971  1.386405E-16
 6824.86207556074  1.016379E-16
 6827.16617296178  5.503720E-17
 6829.47027036281  7.353939E-17
 6831.77436776384  1.228694E-16
 6834.07846516488  1.006928E-16
 6836.38256256591  1.029335E-16
 6838.68665996694  1.229223E-16
 6840.99075736798  1.173081E-16
 6843.29485476901  1.231697E-16
 6845.59895217004  1.062521E-16
 6847.90304957108  7.120582E-17
 6850.20714697211  9.093969E-17
 6852.51124437315  1.112207E-16
 6854.81534177418  1.096734E-16
 6857.11943917521  1.295635E-16
 6859.42353657625  1.129255E-16
 6861.72763397728  8.361263E-17
 6864.03173137831  6.538597E-17
 6866.33582877935  4.453145E-17
 6868.63992618038  6.758747E-17
 6870.94402358141  9.236047E-17
 6873.24812098245  9.253740E-17
 6875.55221838348  7.890168E-17
 6877.85631578451  8.249604E-17
 6880.16041318555  5.995032E-17
 6882.46451058658  7.589444E-17
 6884.76860798762  8.443011E-17
 6887.07270538865  8.551314E-17
 6889.37680278968  9.351535E-17
 6891.68090019072  7.503102E-17
 6893.98499759175  8.928350E-17
 6896.28909499278  6.773199E-17
 6898.59319239382  7.120462E-17
 6900.89728979485  1.013409E-16
 6903.20138719588  9.751174E-17
 6905.50548459692  1.122159E-16
 6907.80958199795  6.968529E-17
 6910.11367939899  6.162156E-17
 6912.41777680002  1.289541E-16
 6914.72187420105  1.136217E-16
 6917.02597160209  6.898604E-17
 6919.33006900312  8.409025E-17
 6921.63416640415  9.878358E-17
 6923.93826380519  4.917853E-17
 6926.24236120622  6.885012E-17
 6928.54645860726  6.128700E-17
 6930.85055600829  9.593469E-17
 6933.15465340932  1.317848E-16
 6935.45875081036  5.305619E-17
 6937.76284821139  6.271976E-17
 6940.06694561242  4.494374E-17
 6942.37104301345  8.121556E-17
 6944.67514041449  7.244279E-17
 6946.97923781552  2.643244E-17
 6949.28333521656  5.399398E-17
 6951.58743261759  4.487694E-17
 6953.89153001862  1.123609E-16
 6956.19562741966  1.228184E-16
 6958.49972482069  7.872772E-17
 6960.80382222172  5.933858E-17
 6963.10791962276  1.521012E-16
 6965.41201702379  5.581198E-17
 6967.71611442483  6.297031E-17
 6970.02021182586  1.440690E-16
 6972.32430922689  1.098883E-16
 6974.62840662793  1.114900E-16
 6976.93250402896  6.657747E-17
 6979.23660142999  7.490696E-17
 6981.54069883103  1.184830E-16
 6983.84479623206  1.007927E-16
 6986.14889363309  7.725955E-17
 6988.45299103413  5.742966E-17
 6990.75708843516  1.166829E-16
 6993.0611858362   1.154516E-16
 6995.36528323723  8.623238E-17
 6997.66938063826  1.033978E-16
 6999.9734780393   8.852081E-17
 7002.27757544033  6.364706E-17
 7004.58167284136  8.168376E-17
 7006.8857702424   8.304216E-17
 7009.18986764343  5.614580E-17
 7011.49396504446  8.738889E-17
 7013.7980624455   9.684989E-17
 7016.10215984653  5.667703E-17
 7018.40625724757  1.001492E-16
 7020.7103546486   1.120287E-16
 7023.01445204963  5.925344E-17
 7025.31854945067  6.551752E-17
 7027.6226468517   9.010513E-17
 7029.92674425273  1.336358E-16
 7032.23084165377  1.053590E-16
 7034.5349390548   5.799448E-17
 7036.83903645583  8.508954E-17
 7039.14313385687  8.106693E-17
 7041.4472312579   9.719278E-17
 7043.75132865893  1.055110E-16
 7046.05542605997  1.129573E-16
 7048.359523461    1.243419E-16
 7050.66362086203  1.268216E-16
 7052.96771826307  1.256416E-16
 7055.2718156641   9.353277E-17
 7057.57591306514  7.088980E-17
 7059.88001046617  3.811153E-17
 7062.1841078672   2.252273E-17
 7064.48820526824  5.630188E-17
 7066.79230266927  7.145152E-17
 7069.0964000703   5.606856E-17
 7071.40049747134  1.008658E-16
 7073.70459487237  9.222479E-17
 7076.00869227341  9.765642E-17
 7078.31278967444  8.485503E-17
 7080.61688707547  7.738836E-17
 7082.92098447651  1.403108E-16
 7085.22508187754  1.586531E-16
 7087.52917927857  1.352695E-16
 7089.83327667961  6.901231E-17
 7092.13737408064  7.779903E-17
 7094.44147148167  1.191775E-16
 7096.74556888271  9.416361E-17
 7099.04966628374  7.612746E-17
 7101.35376368478  8.512230E-17
 7103.65786108581  8.877872E-17
 7105.96195848684  6.436755E-17
 7108.26605588788  6.614269E-17
 7110.57015328891  5.808884E-17
 7112.87425068994  5.977949E-17
 7115.17834809098  9.010374E-17
 7117.48244549201  8.322258E-17
 7119.78654289304  8.842670E-17
 7122.09064029408  8.985672E-17
 7124.39473769511  5.232616E-17
 7126.69883509615  4.924926E-17
 7129.00293249718  1.102173E-16
 7131.30702989821  1.070620E-16
 7133.61112729924  1.561774E-17
 7135.91522470028  6.214648E-17
 7138.21932210131  1.050790E-16
 7140.52341950234  1.223102E-16
 7142.82751690338  1.269902E-16
 7145.13161430441  7.722636E-17
 7147.43571170545  1.262140E-16
 7149.73980910648  1.083706E-16
 7152.04390650751  1.148783E-16
 7154.34800390855  1.029100E-16
 7156.65210130958  1.310986E-16
 7158.95619871061  1.114496E-16
 7161.26029611165  5.049168E-17
 7163.56439351268  4.449345E-17
 7165.86849091372  9.050994E-17
 7168.17258831475  1.030433E-16
 7170.47668571578  1.025579E-16
 7172.78078311682  8.172210E-17
 7175.08488051785  1.020089E-16
 7177.38897791888  9.658663E-17
 7179.69307531992  7.983977E-17
 7181.99717272095  8.988665E-17
 7184.30127012198  9.098477E-17
 7186.60536752302  1.130125E-16
 7188.90946492405  1.134845E-16
 7191.21356232509  9.864194E-17
 7193.51765972612  9.190356E-17
 7195.82175712715  4.519630E-17
 7198.12585452819  4.960148E-17
 7200.42995192922  7.441760E-17
 7202.73404933025  1.385614E-16
 7205.03814673129  1.248812E-16
 7207.34224413232  4.923372E-17
 7209.64634153335  7.283789E-17
 7211.95043893439  7.960715E-17
 7214.25453633542  2.087471E-17
 7216.55863373645  8.410538E-17
 7218.86273113749  1.369801E-16
 7221.16682853852  1.149258E-16
 7223.47092593956  1.077591E-16
 7225.77502334059  1.243555E-16
 7228.07912074162  1.097121E-16
 7230.38321814266  8.601790E-17
 7232.68731554369  6.916172E-17
 7234.99141294472  8.812813E-17
 7237.29551034576  1.254942E-16
 7239.59960774679  9.631292E-17
 7241.90370514782  8.868409E-17
 7244.20780254886  1.145681E-16
 7246.51189994989  9.932576E-17
 7248.81599735092  9.287343E-17
 7251.12009475196  7.203991E-17
 7253.42419215299  6.202777E-17
 7255.72828955403  7.927608E-17
 7258.03238695506  1.284345E-16
 7260.33648435609  1.128190E-16
 7262.64058175713  7.441317E-17
 7264.94467915816  1.125780E-16
 7267.24877655919  1.553334E-16
 7269.55287396023  9.204471E-17
 7271.85697136126  7.597794E-17
 7274.16106876229  5.941922E-17
 7276.46516616333  2.117193E-17
 7278.76926356436  4.474618E-17
 7281.0733609654   5.167928E-17
 7283.37745836643  8.795582E-17
 7285.68155576746  9.586413E-17
 7287.9856531685   3.768656E-17
 7290.28975056953  4.170460E-17
 7292.59384797056  7.901582E-17
 7294.8979453716   4.574884E-17
 7297.20204277263  3.295138E-17
 7299.50614017367  6.046110E-17
 7301.8102375747   7.586345E-17
 7304.11433497573  1.059174E-16
 7306.41843237677  9.411672E-17
 7308.7225297778   1.171108E-16
 7311.02662717883  1.233860E-16
 7313.33072457987  1.259965E-16
 7315.6348219809   9.458623E-17
 7317.93891938193  6.485251E-17
 7320.24301678297  8.363748E-17
 7322.547114184    1.017234E-16
 7324.85121158503  7.003002E-17
 7327.15530898607  4.400830E-17
 7329.4594063871   6.595535E-17
 7331.76350378814  6.283878E-17
 7334.06760118917  5.450325E-17
 7336.3716985902   5.123487E-17
 7338.67579599123  8.278807E-17
 7340.97989339227  1.215762E-16
 7343.2839907933   1.425146E-16
 7345.58808819434  3.565656E-17
 7347.89218559537  9.917982E-17
 7350.1962829964   5.678286E-17
 7352.50038039744  5.727617E-17
 7354.80447779847  5.640510E-17
 7357.10857519951  1.012328E-16
 7359.41267260054  1.384049E-16
 7361.71677000157  1.287676E-16
 7364.0208674026   1.109951E-16
 7366.32496480364  1.220535E-16
 7368.62906220467  1.302483E-16
 7370.93315960571  9.792788E-17
 7373.23725700674  1.506832E-16
 7375.54135440777  6.228338E-17
 7377.84545180881  -3.975493E-16
 7380.14954920984  -1.541617E-16
 7382.45364661087  4.506822E-17
 7384.75774401191  6.554387E-17
 7387.06184141294  7.787019E-17
 7389.36593881397  7.637320E-17
 7391.67003621501  9.948984E-17
 7393.97413361604  9.257893E-17
 7396.27823101708  8.382324E-17
 7398.58232841811  8.848233E-17
 7400.88642581914  5.141495E-17
 7403.19052322018  4.781860E-17
 7405.49462062121  9.605054E-17
 7407.79871802224  1.221248E-16
 7410.10281542328  9.782513E-17
 7412.40691282431  8.031887E-17
 7414.71101022534  4.899172E-17
 7417.01510762638  7.161165E-17
 7419.31920502741  1.015260E-16
 7421.62330242845  7.194082E-17
 7423.92739982948  1.397309E-16
 7426.23149723051  1.627068E-16
 7428.53559463155  8.076879E-17
 7430.83969203258  6.803343E-17
 7433.14378943361  7.439290E-17
 7435.44788683465  4.790663E-17
 7437.75198423568  6.285202E-17
 7440.05608163671  8.254470E-17
 7442.36017903775  5.778854E-17
 7444.66427643878  5.780999E-17
 7446.96837383981  1.148540E-16
 7449.27247124085  9.353476E-17
 7451.57656864188  8.300194E-17
 7453.88066604292  1.167001E-16
 7456.18476344395  8.118797E-17
 7458.48886084498  1.243614E-16
 7460.79295824602  8.602813E-17
 7463.09705564705  8.493476E-17
 7465.40115304808  1.087797E-16
 7467.70525044912  8.105484E-17
 7470.00934785015  8.031997E-17
 7472.31344525118  8.818791E-17
 7474.61754265222  1.141878E-16
 7476.92164005325  8.205626E-17
 7479.22573745429  7.719227E-17
 7481.52983485532  8.893789E-17
 7483.83393225635  9.113894E-17
 7486.13802965739  1.099368E-16
 7488.44212705842  1.253885E-16
 7490.74622445945  1.033620E-16
 7493.05032186049  8.753595E-17
 7495.35441926152  8.829370E-17
 7497.65851666255  1.005143E-16
 7499.96261406359  6.572540E-17
 7502.26671146462  1.218138E-16
 7504.57080886565  1.716672E-16
 7506.87490626669  8.879079E-17
 7509.17900366772  9.511039E-17
 7511.48310106875  9.008649E-17
 7513.78719846979  3.981354E-17
 7516.09129587082  5.178699E-17
 7518.39539327186  7.282470E-17
 7520.69949067289  7.183833E-17
 7523.00358807392  2.540442E-17
 7525.30768547496  4.890536E-17
 7527.61178287599  8.662932E-17
 7529.91588027702  1.229660E-16
 7532.21997767806  1.393599E-16
 7534.52407507909  8.767134E-17
 7536.82817248013  9.469899E-17
 7539.13226988116  9.931678E-17
 7541.43636728219  6.600690E-17
 7543.74046468323  6.222457E-17
 7546.04456208426  7.748268E-17
 7548.34865948529  8.551082E-17
 7550.65275688633  1.203621E-16
 7552.95685428736  1.195270E-16
 7555.26095168839  6.941907E-17
 7557.56504908943  1.037620E-16
 7559.86914649046  1.210661E-16
 7562.1732438915   7.158867E-17
 7564.47734129253  6.979119E-17
 7566.78143869356  8.956781E-17
 7569.0855360946   8.528660E-17
 7571.38963349563  6.710951E-17
 7573.69373089666  8.638979E-17
 7575.9978282977   1.405108E-16
 7578.30192569873  1.567433E-16
 7580.60602309976  1.478982E-16
 7582.9101205008   1.618862E-16
 7585.21421790183  1.429906E-16
 7587.51831530286  8.503388E-17
 7589.8224127039   8.466758E-17
 7592.12651010493  9.563947E-17
 7594.43060750596  1.252314E-16
 7596.734704907    1.036898E-16
 7599.03880230803  1.069462E-16
 7601.34289970907  9.948982E-17
 7603.6469971101   5.653089E-17
 7605.95109451113  5.706369E-17
 7608.25519191217  4.484524E-17
 7610.5592893132   7.959016E-17
 7612.86338671423  7.029853E-17
 7615.16748411527  8.063079E-17
 7617.4715815163   8.065028E-17
 7619.77567891733  8.374380E-17
 7622.07977631837  5.254530E-17
 7624.3838737194   5.980733E-17
 7626.68797112044  1.263240E-16
 7628.99206852147  6.423054E-17
 7631.2961659225   1.580818E-17
 7633.60026332354  5.676827E-17
 7635.90436072457  5.918266E-17
 7638.2084581256   8.594160E-17
 7640.51255552664  8.920228E-17
 7642.81665292767  9.500948E-17
 7645.1207503287   9.729513E-17
 7647.42484772974  8.470897E-17
 7649.72894513077  9.097813E-17
 7652.03304253181  6.507010E-17
 7654.33713993284  3.692621E-17
 7656.64123733387  7.326879E-17
 7658.94533473491  1.290229E-16
 7661.24943213594  1.151874E-16
 7663.55352953697  9.627385E-17
 7665.85762693801  8.026295E-17
 7668.16172433904  8.300243E-17
 7670.46582174008  1.027148E-16
 7672.76991914111  8.743987E-17
 7675.07401654214  9.430582E-17
 7677.37811394318  1.187200E-16
 7679.68221134421  9.426247E-17
 7681.98630874524  8.773821E-17
 7684.29040614628  9.472616E-17
 7686.59450354731  7.987995E-17
 7688.89860094834  5.864496E-17
 7691.20269834938  8.683859E-17
 7693.50679575041  1.357039E-16
 7695.81089315144  1.469088E-16
 7698.11499055248  1.020030E-16
 7700.41908795351  4.297819E-17
 7702.72318535455  1.262924E-16
 7705.02728275558  1.114764E-16
 7707.33138015661  6.596926E-17
 7709.63547755765  7.895237E-17
 7711.93957495868  6.091482E-17
 7714.24367235971  1.598481E-16
 7716.54776976075  9.949365E-17
 7718.85186716178  9.586478E-17
 7721.15596456281  5.513910E-17
 7723.46006196385  1.263898E-16
 7725.76415936488  6.306195E-17
 7728.06825676591  9.338396E-17
 7730.37235416695  1.049352E-16
 7732.67645156798  1.087160E-16
 7734.98054896902  2.207602E-17
 7737.28464637005  6.639961E-17
 7739.58874377108  1.218045E-16
 7741.89284117212  1.286727E-16
 7744.19693857315  1.460641E-16
 7746.50103597418  7.316920E-17
 7748.80513337522  1.011214E-16
 7751.10923077625  4.545570E-17
 7753.41332817728  1.093336E-16
 7755.71742557832  1.066813E-16
 7758.02152297935  2.211963E-17
 7760.32562038039  6.159759E-17
 7762.62971778142  7.405334E-17
 7764.93381518245  6.411227E-17
 7767.23791258349  8.974856E-17
 7769.54200998452  6.391342E-17
 7771.84610738555  8.252623E-17
 7774.15020478659  7.281374E-17
 7776.45430218762  8.118626E-17
 7778.75839958865  5.655277E-17
 7781.06249698969  1.062611E-16
 7783.36659439072  1.311281E-16
 7785.67069179175  6.860643E-17
 7787.97478919279  5.791444E-17
 7790.27888659382  1.160520E-16
 7792.58298399486  1.258742E-16
 7794.88708139589  6.407127E-17
 7797.19117879692  3.702159E-17
 7799.49527619796  8.585578E-17
 7801.79937359899  1.355746E-16
 7804.10347100002  1.128058E-16
 7806.40756840106  9.252838E-17
 7808.71166580209  3.756551E-17
 7811.01576320313  6.567530E-17
 7813.31986060416  9.741355E-17
 7815.62395800519  1.382699E-16
 7817.92805540623  1.345323E-16
 7820.23215280726  1.065247E-16
 7822.53625020829  1.335006E-16
 7824.84034760933  1.337039E-16
 7827.14444501036  9.428701E-17
 7829.44854241139  5.047250E-17
 7831.75263981243  9.696637E-17
 7834.05673721346  1.019082E-16
 7836.36083461449  1.145534E-16
 7838.66493201553  1.256671E-16
 7840.96902941656  5.951176E-17
 7843.2731268176   4.530373E-17
 7845.57722421863  1.184085E-16
 7847.88132161966  1.442224E-16
 7850.1854190207   1.600987E-16
 7852.48951642173  1.168787E-16
 7854.79361382276  2.328271E-17
 7857.0977112238   4.664464E-17
 7859.40180862483  1.415359E-16
 7861.70590602586  1.466695E-16
 7864.0100034269   6.285439E-17
 7866.31410082793  8.542148E-17
 7868.61819822896  1.923280E-16
 7870.92229563     7.947036E-17
 7873.22639303103  2.550709E-17
 7875.53049043206  8.121029E-17
 7877.8345878331   1.229014E-16
 7880.13868523413  1.032278E-16
 7882.44278263517  6.703942E-17
 7884.7468800362   1.360277E-16
 7887.05097743723  1.228997E-16
 7889.35507483827  1.097238E-16
 7891.6591722393   1.356352E-16
 7893.96326964033  6.783444E-17
 7896.26736704137  9.266060E-17
 7898.5714644424   1.427019E-16
 7900.87556184343  1.441360E-16
 7903.17965924447  1.158221E-16
 7905.4837566455   1.002036E-16
 7907.78785404654  1.030789E-16
 7910.09195144757  3.643443E-17
 7912.3960488486   8.314861E-18
 7914.70014624964  9.224528E-17
 7917.00424365067  7.936168E-17
 7919.3083410517   2.078236E-17
 7921.61243845274  9.747534E-17
 7923.91653585377  1.018288E-16
 7926.22063325481  1.190574E-16
 7928.52473065584  9.336010E-17
 7930.82882805687  6.893428E-17
