 3642.5700683594   9.021394E-18
 3644.64170631449  7.459810E-18
 3646.71334426958  1.433669E-17
 3648.78498222467  7.730909E-18
 3650.85662017975  4.535288E-19
 3652.92825813484  1.389572E-19
 3654.99989608993  1.590024E-18
 3657.07153404502  4.423472E-18
 3659.14317200011  2.685345E-18
 3661.21480995519  9.602768E-18
 3663.28644791028  -3.100664E-18
 3665.35808586537  4.860230E-18
 3667.42972382046  1.630675E-18
 3669.50136177554  1.503336E-17
 3671.57299973063  4.109023E-18
 3673.64463768572  5.361326E-19
 3675.71627564081  3.418614E-18
 3677.78791359589  6.877450E-18
 3679.85955155098  2.209980E-18
 3681.93118950607  5.101126E-19
 3684.00282746116  3.965075E-18
 3686.07446541625  2.618781E-18
 3688.14610337133  7.560087E-19
 3690.21774132642  2.973195E-18
 3692.28937928151  5.582243E-19
 3694.3610172366   4.920852E-18
 3696.43265519168  3.056897E-18
 3698.50429314677  2.357355E-18
 3700.57593110186  7.837511E-18
 3702.64756905695  5.392619E-18
 3704.71920701204  4.155762E-18
 3706.79084496712  -5.526182E-19
 3708.86248292221  1.764308E-18
 3710.9341208773   2.750722E-18
 3713.00575883239  9.253526E-18
 3715.07739678747  2.419002E-18
 3717.14903474256  4.873023E-18
 3719.22067269765  1.383978E-17
 3721.29231065274  7.553067E-18
 3723.36394860782  3.212358E-18
 3725.43558656291  4.419556E-18
 3727.507224518    2.112454E-18
 3729.57886247309  3.196323E-18
 3731.65050042818  -1.337447E-17
 3733.72213838326  -4.477301E-17
 3735.79377633835  -4.396157E-17
 3737.86541429344  -7.510516E-17
 3739.93705224853  -2.686269E-17
 3742.00869020361  -4.398765E-18
 3744.0803281587   1.194395E-18
 3746.15196611379  7.300813E-19
 3748.22360406888  2.067759E-18
 3750.29524202397  1.201045E-18
 3752.36687997905  7.755077E-18
 3754.43851793414  2.707062E-18
 3756.51015588923  5.173452E-18
 3758.58179384432  4.737254E-18
 3760.6534317994   2.196594E-18
 3762.72506975449  5.226279E-19
 3764.79670770958  6.970468E-18
 3766.86834566467  4.060260E-18
 3768.93998361975  6.810646E-18
 3771.01162157484  7.702763E-18
 3773.08325952993  3.114661E-18
 3775.15489748502  5.671611E-18
 3777.2265354401   1.031920E-18
 3779.29817339519  3.763353E-18
 3781.36981135028  5.993355E-18
 3783.44144930537  3.949287E-18
 3785.51308726046  3.960849E-18
 3787.58472521554  6.398711E-18
 3789.65636317063  9.705893E-18
 3791.72800112572  8.850134E-18
 3793.79963908081  3.974611E-18
 3795.87127703589  3.273257E-18
 3797.94291499098  5.287245E-18
 3800.01455294607  5.079223E-18
 3802.08619090116  4.125028E-18
 3804.15782885624  6.489216E-19
 3806.22946681133  2.115268E-18
 3808.30110476642  1.146833E-18
 3810.37274272151  2.268458E-18
 3812.4443806766   5.295471E-18
 3814.51601863168  4.795643E-18
 3816.58765658677  3.683123E-18
 3818.65929454186  3.029928E-18
 3820.73093249695  3.571892E-18
 3822.80257045203  8.492787E-18
 3824.87420840712  5.774901E-18
 3826.94584636221  2.332481E-18
 3829.0174843173   1.493504E-18
 3831.08912227238  2.979419E-18
 3833.16076022747  1.895746E-18
 3835.23239818256  2.382543E-18
 3837.30403613765  7.763833E-18
 3839.37567409274  5.629583E-18
 3841.44731204782  3.991817E-18
 3843.51895000291  3.388693E-18
 3845.590587958    4.704922E-18
 3847.66222591309  3.681961E-18
 3849.73386386817  8.515057E-18
 3851.80550182326  3.649636E-18
 3853.87713977835  3.648254E-18
 3855.94877773344  5.494065E-18
 3858.02041568853  8.263414E-18
 3860.09205364361  7.136709E-18
 3862.1636915987   3.316152E-18
 3864.23532955379  3.944052E-18
 3866.30696750888  4.657780E-18
 3868.37860546396  6.212639E-18
 3870.45024341905  7.003399E-18
 3872.52188137414  2.529958E-18
 3874.59351932923  1.263018E-18
 3876.66515728431  2.448383E-18
 3878.7367952394   2.439061E-18
 3880.80843319449  -1.772479E-19
 3882.88007114958  3.101885E-18
 3884.95170910466  3.915369E-18
 3887.02334705975  4.848762E-18
 3889.09498501484  4.869630E-18
 3891.16662296993  4.353733E-18
 3893.23826092502  2.439498E-18
 3895.3098988801   2.822256E-18
 3897.38153683519  -1.068199E-18
 3899.45317479028  -7.544201E-19
 3901.52481274537  2.112208E-18
 3903.59645070046  7.052645E-18
 3905.66808865554  3.719506E-18
 3907.73972661063  6.668607E-18
 3909.81136456572  7.208558E-19
 3911.88300252081  6.567405E-18
 3913.95464047589  9.598716E-18
 3916.02627843098  2.140876E-18
 3918.09791638607  5.212328E-18
 3920.16955434116  5.868597E-18
 3922.24119229624  4.655991E-18
 3924.31283025133  3.791812E-18
 3926.38446820642  6.333861E-18
 3928.45610616151  7.575594E-18
 3930.52774411659  3.136141E-18
 3932.59938207168  2.409385E-18
 3934.67102002677  6.821378E-18
 3936.74265798186  5.985642E-18
 3938.81429593695  6.493282E-18
 3940.88593389203  4.477300E-18
 3942.95757184712  6.242895E-18
 3945.02920980221  6.106771E-18
 3947.1008477573   4.558808E-18
 3949.17248571238  3.348119E-18
 3951.24412366747  9.677835E-18
 3953.31576162256  6.962833E-18
 3955.38739957765  4.789556E-18
 3957.45903753273  6.622583E-18
 3959.53067548782  6.435331E-18
 3961.60231344291  6.675433E-18
 3963.673951398    3.461795E-18
 3965.74558935309  6.148480E-18
 3967.81722730817  5.757392E-18
 3969.88886526326  4.667791E-18
 3971.96050321835  4.681886E-18
 3974.03214117344  5.122445E-18
 3976.10377912852  5.146407E-20
 3978.17541708361  -3.173831E-18
 3980.2470550387   -2.448091E-18
 3982.31869299379  6.920630E-19
 3984.39033094888  3.241423E-18
 3986.46196890396  5.431125E-18
 3988.53360685905  3.924443E-18
 3990.60524481414  4.004855E-18
 3992.67688276923  7.107781E-18
 3994.74852072431  6.532594E-18
 3996.8201586794   4.169724E-18
 3998.89179663449  6.144192E-18
 4000.96343458958  7.170346E-18
 4003.03507254466  5.157452E-18
 4005.10671049975  4.420780E-18
 4007.17834845484  4.547283E-18
 4009.24998640993  6.735849E-18
 4011.32162436502  4.535361E-18
 4013.3932623201   4.777081E-18
 4015.46490027519  5.855186E-18
 4017.53653823028  4.471501E-18
 4019.60817618537  4.169296E-18
 4021.67981414045  3.859538E-18
 4023.75145209554  4.039675E-18
 4025.82309005063  3.079593E-18
 4027.89472800572  3.992431E-18
 4029.9663659608   6.504052E-18
 4032.03800391589  5.221354E-18
 4034.10964187098  2.467586E-18
 4036.18127982607  2.092029E-18
 4038.25291778115  2.965433E-18
 4040.32455573624  3.739141E-18
 4042.39619369133  5.479397E-18
 4044.46783164642  6.360524E-18
 4046.53946960151  1.660874E-18
 4048.61110755659  4.067690E-18
 4050.68274551168  5.666978E-18
 4052.75438346677  2.851198E-18
 4054.82602142186  5.642174E-18
 4056.89765937695  3.543333E-18
 4058.96929733203  2.634180E-18
 4061.04093528712  3.534422E-18
 4063.11257324221  2.726975E-18
 4065.1842111973   4.776523E-18
 4067.25584915238  5.506188E-18
 4069.32748710747  1.869538E-18
 4071.39912506256  4.201008E-18
 4073.47076301765  5.281406E-18
 4075.54240097273  6.606003E-18
 4077.61403892782  7.216481E-18
 4079.68567688291  5.088117E-18
 4081.757314838    5.449059E-18
 4083.82895279308  5.516265E-18
 4085.90059074817  4.830656E-18
 4087.97222870326  3.570187E-18
 4090.04386665835  6.644508E-18
 4092.11550461344  4.586819E-18
 4094.18714256852  4.503829E-18
 4096.25878052361  4.001825E-18
 4098.3304184787   2.510623E-18
 4100.40205643379  4.263624E-18
 4102.47369438887  3.158319E-18
 4104.54533234396  3.732078E-18
 4106.61697029905  1.768858E-18
 4108.68860825414  2.390168E-18
 4110.76024620923  -2.145836E-19
 4112.83188416431  1.934891E-18
 4114.9035221194   4.536578E-19
 4116.97516007449  1.733147E-18
 4119.04679802958  6.177738E-18
 4121.11843598466  5.503492E-18
 4123.19007393975  3.479574E-18
 4125.26171189484  5.499428E-18
 4127.33334984993  3.919866E-18
 4129.40498780501  4.430599E-18
 4131.4766257601   3.650096E-18
 4133.54826371519  6.100582E-18
 4135.61990167028  6.410267E-18
 4137.69153962536  5.861236E-18
 4139.76317758045  3.748355E-18
 4141.83481553554  3.238364E-18
 4143.90645349063  5.379891E-18
 4145.97809144572  5.340782E-18
 4148.0497294008   7.774580E-18
 4150.12136735589  7.839115E-18
 4152.19300531098  5.217543E-18
 4154.26464326607  4.334901E-18
 4156.33628122115  1.866895E-18
 4158.40791917624  5.674603E-18
 4160.47955713133  4.004131E-18
 4162.55119508642  4.432880E-18
 4164.6228330415   4.000400E-18
 4166.69447099659  4.212618E-18
 4168.76610895168  5.799566E-18
 4170.83774690677  6.352291E-18
 4172.90938486186  4.695534E-18
 4174.98102281694  5.884516E-18
 4177.05266077203  4.941032E-18
 4179.12429872712  5.462220E-18
 4181.19593668221  5.445189E-18
 4183.26757463729  4.769636E-18
 4185.33921259238  4.737264E-18
 4187.41085054747  5.865040E-18
 4189.48248850256  6.408567E-18
 4191.55412645764  5.954896E-18
 4193.62576441273  5.026330E-18
 4195.69740236782  7.632340E-18
 4197.76904032291  4.410385E-18
 4199.840678278    4.670840E-18
 4201.91231623308  4.167637E-18
 4203.98395418817  5.320656E-18
 4206.05559214326  6.198525E-18
 4208.12723009835  4.555135E-18
 4210.19886805343  3.563714E-18
 4212.27050600852  3.402973E-18
 4214.34214396361  4.664535E-18
 4216.4137819187   4.508427E-18
 4218.48541987378  2.397956E-18
 4220.55705782887  5.358172E-18
 4222.62869578396  5.778224E-18
 4224.70033373905  4.206028E-18
 4226.77197169414  4.570075E-18
 4228.84360964922  6.890554E-18
 4230.91524760431  4.945922E-18
 4232.9868855594   5.087360E-18
 4235.05852351449  4.816586E-18
 4237.13016146957  4.006175E-18
 4239.20179942466  5.347367E-18
 4241.27343737975  5.458338E-18
 4243.34507533484  6.367831E-18
 4245.41671328993  6.618082E-18
 4247.48835124501  8.494838E-18
 4249.5599892001   7.589458E-18
 4251.63162715519  7.310350E-18
 4253.70326511028  6.970856E-18
 4255.77490306536  7.434159E-18
 4257.84654102045  4.635344E-18
 4259.91817897554  4.073084E-18
 4261.98981693063  4.506686E-18
 4264.06145488571  5.060055E-18
 4266.1330928408   4.697850E-18
 4268.20473079589  5.378691E-18
 4270.27636875098  6.236839E-18
 4272.34800670607  3.753670E-18
 4274.41964466115  3.681029E-18
 4276.49128261624  4.856283E-18
 4278.56292057133  6.641231E-18
 4280.63455852642  5.236993E-18
 4282.7061964815   5.719118E-18
 4284.77783443659  5.449488E-18
 4286.84947239168  6.707316E-18
 4288.92111034677  4.955278E-18
 4290.99274830186  4.779156E-18
 4293.06438625694  7.938432E-18
 4295.13602421203  5.796568E-18
 4297.20766216712  4.254670E-18
 4299.27930012221  5.057498E-18
 4301.35093807729  5.349394E-18
 4303.42257603238  5.091697E-18
 4305.49421398747  6.022428E-18
 4307.56585194256  5.799517E-18
 4309.63748989764  3.537506E-18
 4311.70912785273  7.570619E-18
 4313.78076580782  7.408751E-18
 4315.85240376291  4.128536E-18
 4317.924041718    7.306119E-18
 4319.99567967308  5.816879E-18
 4322.06731762817  5.519780E-18
 4324.13895558326  6.237782E-18
 4326.21059353835  5.064551E-18
 4328.28223149343  6.865693E-18
 4330.35386944852  5.933769E-18
 4332.42550740361  5.709995E-18
 4334.4971453587   4.438983E-18
 4336.56878331378  4.417492E-18
 4338.64042126887  6.949072E-18
 4340.71205922396  6.425499E-18
 4342.78369717905  4.281345E-18
 4344.85533513414  3.257121E-18
 4346.92697308922  4.482094E-18
 4348.99861104431  -2.065980E-18
 4351.0702489994   -7.290901E-18
 4353.14188695449  -2.732829E-18
 4355.21352490957  1.030914E-18
 4357.28516286466  3.652893E-18
 4359.35680081975  4.572436E-18
 4361.42843877484  7.245870E-18
 4363.50007672993  7.543297E-18
 4365.57171468501  8.738092E-18
 4367.6433526401   8.678496E-18
 4369.71499059519  1.011839E-17
 4371.78662855028  8.311800E-18
 4373.85826650536  8.129210E-18
 4375.92990446045  8.545824E-18
 4378.00154241554  6.752928E-18
 4380.07318037063  6.355797E-18
 4382.14481832572  5.887997E-18
 4384.2164562808   5.458035E-18
 4386.28809423589  4.961347E-18
 4388.35973219098  5.260875E-18
 4390.43137014607  5.852792E-18
 4392.50300810115  5.133080E-18
 4394.57464605624  5.189878E-18
 4396.64628401133  6.751327E-18
 4398.71792196642  5.366904E-18
 4400.7895599215   5.221272E-18
 4402.86119787659  5.100401E-18
 4404.93283583168  4.103752E-18
 4407.00447378677  4.896573E-18
 4409.07611174185  4.772411E-18
 4411.14774969694  4.955028E-18
 4413.21938765203  5.238161E-18
 4415.29102560712  4.323396E-18
 4417.3626635622   4.575294E-18
 4419.43430151729  5.825290E-18
 4421.50593947238  7.174477E-18
 4423.57757742747  6.566982E-18
 4425.64921538256  6.521331E-18
 4427.72085333764  7.719777E-18
 4429.79249129273  7.788510E-18
 4431.86412924782  6.164870E-18
 4433.93576720291  5.338475E-18
 4436.00740515799  4.452113E-18
 4438.07904311308  4.537181E-18
 4440.15068106817  5.618959E-18
 4442.22231902326  5.600828E-18
 4444.29395697834  3.257749E-18
 4446.36559493343  4.048119E-18
 4448.43723288852  4.591352E-18
 4450.50887084361  4.051159E-18
 4452.5805087987   3.787244E-18
 4454.65214675378  3.453950E-18
 4456.72378470887  3.991301E-18
 4458.79542266396  4.476700E-18
 4460.86706061905  5.258379E-18
 4462.93869857413  6.058030E-18
 4465.01033652922  6.761651E-18
 4467.08197448431  5.489755E-18
 4469.1536124394   5.355653E-18
 4471.22525039448  5.540379E-18
 4473.29688834957  5.247252E-18
 4475.36852630466  5.671859E-18
 4477.44016425975  5.303340E-18
 4479.51180221484  3.770633E-18
 4481.58344016992  3.890058E-18
 4483.65507812501  4.945720E-18
 4485.7267160801   5.831311E-18
 4487.79835403519  5.668458E-18
 4489.86999199027  5.799892E-18
 4491.94162994536  4.344410E-18
 4494.01326790045  3.726097E-18
 4496.08490585554  4.160615E-18
 4498.15654381062  5.574940E-18
 4500.22818176571  6.517769E-18
 4502.2998197208   6.641573E-18
 4504.37145767589  7.363740E-18
 4506.44309563098  6.919162E-18
 4508.51473358606  5.333368E-18
 4510.58637154115  3.414404E-18
 4512.65800949624  5.620674E-18
 4514.72964745133  5.749208E-18
 4516.80128540641  5.880840E-18
 4518.8729233615   5.873568E-18
 4520.94456131659  5.585799E-18
 4523.01619927168  7.099706E-18
 4525.08783722677  6.730994E-18
 4527.15947518185  5.724285E-18
 4529.23111313694  6.204778E-18
 4531.30275109203  7.719210E-18
 4533.37438904712  5.281798E-18
 4535.4460270022   4.503840E-18
 4537.51766495729  4.769909E-18
 4539.58930291238  4.771260E-18
 4541.66094086747  4.571681E-18
 4543.73257882255  5.048180E-18
 4545.80421677764  5.616953E-18
 4547.87585473273  5.934923E-18
 4549.94749268782  5.921473E-18
 4552.01913064291  4.770227E-18
 4554.09076859799  3.566945E-18
 4556.16240655308  5.353289E-18
 4558.23404450817  5.133076E-18
 4560.30568246326  4.199761E-18
 4562.37732041834  5.660650E-18
 4564.44895837343  4.682542E-18
 4566.52059632852  4.317409E-18
 4568.59223428361  4.643961E-18
 4570.66387223869  5.873466E-18
 4572.73551019378  5.115584E-18
 4574.80714814887  5.124190E-18
 4576.87878610396  5.557982E-18
 4578.95042405905  4.913089E-18
 4581.02206201413  6.131343E-18
 4583.09369996922  6.581124E-18
 4585.16533792431  6.742871E-18
 4587.2369758794   6.960439E-18
 4589.30861383448  7.166485E-18
 4591.38025178957  6.188149E-18
 4593.45188974466  6.435921E-18
 4595.52352769975  6.606725E-18
 4597.59516565484  4.260543E-18
 4599.66680360992  5.802982E-18
 4601.73844156501  5.274866E-18
 4603.8100795201   4.683768E-18
 4605.88171747519  5.591139E-18
 4607.95335543027  5.133269E-18
 4610.02499338536  5.628013E-18
 4612.09663134045  5.501154E-18
 4614.16826929554  3.773839E-18
 4616.23990725062  4.335199E-18
 4618.31154520571  3.585111E-18
 4620.3831831608   3.625148E-18
 4622.45482111589  4.170235E-18
 4624.52645907098  3.210550E-18
 4626.59809702606  4.526041E-18
 4628.66973498115  4.794509E-18
 4630.74137293624  5.724099E-18
 4632.81301089133  4.434750E-18
 4634.88464884641  5.011152E-18
 4636.9562868015   5.472001E-18
 4639.02792475659  5.756388E-18
 4641.09956271168  5.260195E-18
 4643.17120066676  6.419887E-18
 4645.24283862185  7.382317E-18
 4647.31447657694  5.833383E-18
 4649.38611453203  5.142217E-18
 4651.45775248712  5.825339E-18
 4653.5293904422   5.278437E-18
 4655.60102839729  4.471288E-18
 4657.67266635238  4.740192E-18
 4659.74430430747  3.208460E-18
 4661.81594226255  3.030896E-18
 4663.88758021764  4.551405E-18
 4665.95921817273  4.510015E-18
 4668.03085612782  3.895039E-18
 4670.1024940829   5.551157E-18
 4672.17413203799  5.905987E-18
 4674.24576999308  5.098649E-18
 4676.31740794817  4.602436E-18
 4678.38904590326  5.545882E-18
 4680.46068385834  5.175399E-18
 4682.53232181343  4.240372E-18
 4684.60395976852  4.177660E-18
 4686.67559772361  4.581318E-18
 4688.74723567869  4.328132E-18
 4690.81887363378  4.069630E-18
 4692.89051158887  4.169355E-18
 4694.96214954396  4.299566E-18
 4697.03378749904  3.943175E-18
 4699.10542545413  4.838611E-18
 4701.17706340922  4.401377E-18
 4703.24870136431  4.114769E-18
 4705.3203393194   4.834292E-18
 4707.39197727448  5.148366E-18
 4709.46361522957  4.674880E-18
 4711.53525318466  4.024330E-18
 4713.60689113975  4.283819E-18
 4715.67852909483  5.308004E-18
 4717.75016704992  4.826325E-18
 4719.82180500501  4.288463E-18
 4721.8934429601   4.019246E-18
 4723.96508091519  3.736581E-18
 4726.03671887027  5.276818E-18
 4728.10835682536  4.796152E-18
 4730.17999478045  4.160756E-18
 4732.25163273554  5.413633E-18
 4734.32327069062  5.034803E-18
 4736.39490864571  5.113891E-18
 4738.4665466008   5.260502E-18
 4740.53818455589  5.684795E-18
 4742.60982251097  4.870425E-18
 4744.68146046606  4.937145E-18
 4746.75309842115  5.483646E-18
 4748.82473637624  5.603367E-18
 4750.89637433132  4.149092E-18
 4752.96801228641  3.682116E-18
 4755.0396502415   4.514025E-18
 4757.11128819659  5.193293E-18
 4759.18292615168  4.870385E-18
 4761.25456410676  4.836352E-18
 4763.32620206185  5.165789E-18
 4765.39784001694  4.825154E-18
 4767.46947797203  5.437992E-18
 4769.54111592711  4.705085E-18
 4771.6127538822   3.898929E-18
 4773.68439183729  4.323292E-18
 4775.75602979238  5.653803E-18
 4777.82766774746  5.240597E-18
 4779.89930570255  4.297908E-18
 4781.97094365764  4.366568E-18
 4784.04258161273  4.313830E-18
 4786.11421956782  4.620384E-18
 4788.1858575229   4.483095E-18
 4790.25749547799  4.609949E-18
 4792.32913343308  4.374865E-18
 4794.40077138817  5.587622E-18
 4796.47240934325  5.654572E-18
 4798.54404729834  4.848800E-18
 4800.61568525343  4.850806E-18
 4802.68732320852  5.590460E-18
 4804.75896116361  5.563438E-18
 4806.83059911869  4.566461E-18
 4808.90223707378  5.629839E-18
 4810.97387502887  5.122117E-18
 4813.04551298396  4.727500E-18
 4815.11715093904  4.321591E-18
 4817.18878889413  4.405344E-18
 4819.26042684922  4.737023E-18
 4821.33206480431  4.979948E-18
 4823.40370275939  6.805727E-18
 4825.47534071448  6.802462E-18
 4827.54697866957  6.354135E-18
 4829.61861662466  6.420761E-18
 4831.69025457975  5.928955E-18
 4833.76189253483  5.452225E-18
 4835.83353048992  5.255797E-18
 4837.90516844501  6.389872E-18
 4839.9768064001   5.078385E-18
 4842.04844435518  4.445025E-18
 4844.12008231027  5.059018E-18
 4846.19172026536  5.149872E-18
 4848.26335822045  4.517173E-18
 4850.33499617553  4.797562E-18
 4852.40663413062  4.582454E-18
 4854.47827208571  4.879834E-18
 4856.5499100408   5.978518E-18
 4858.62154799589  5.194899E-18
 4860.69318595097  5.319063E-18
 4862.76482390606  5.679877E-18
 4864.83646186115  7.310203E-18
 4866.90809981624  7.845508E-18
 4868.97973777132  3.940087E-18
 4871.05137572641  1.515293E-19
 4873.1230136815   3.392177E-18
 4875.19465163659  3.650643E-18
 4877.26628959168  5.164777E-18
 4879.33792754676  1.095923E-17
 4881.40956550185  1.198958E-17
 4883.48120345694  9.758985E-18
 4885.55284141203  8.955742E-18
 4887.62447936711  7.572637E-18
 4889.6961173222   8.977515E-18
 4891.76775527729  7.863846E-18
 4893.83939323238  7.781875E-18
 4895.91103118746  7.582704E-18
 4897.98266914255  7.208301E-18
 4900.05430709764  8.327416E-18
 4902.12594505273  8.854565E-18
 4904.19758300782  8.404922E-18
 4906.2692209629   8.124306E-18
 4908.34085891799  6.809166E-18
 4910.41249687308  6.770022E-18
 4912.48413482817  7.428006E-18
 4914.55577278325  8.412826E-18
 4916.62741073834  8.352312E-18
 4918.69904869343  7.668774E-18
 4920.77068664852  6.521112E-18
 4922.8423246036   6.414075E-18
 4924.91396255869  6.168392E-18
 4926.98560051378  5.642888E-18
 4929.05723846887  7.250345E-18
 4931.12887642396  7.607256E-18
 4933.20051437904  6.564459E-18
 4935.27215233413  7.426074E-18
 4937.34379028922  8.601010E-18
 4939.41542824431  9.540747E-18
 4941.48706619939  7.384470E-18
 4943.55870415448  6.455109E-18
 4945.63034210957  6.187277E-18
 4947.70198006466  5.628845E-18
 4949.77361801974  4.442594E-18
 4951.84525597483  5.753561E-18
 4953.91689392992  5.124578E-18
 4955.98853188501  5.688771E-18
 4958.0601698401   5.636505E-18
 4960.13180779518  5.999907E-18
 4962.20344575027  6.159568E-18
 4964.27508370536  5.064824E-18
 4966.34672166045  3.112407E-18
 4968.41835961553  -5.488323E-19
 4970.48999757062  -3.111346E-18
 4972.56163552571  -7.297905E-18
 4974.6332734808   -4.548651E-18
 4976.70491143588  1.857614E-18
 4978.77654939097  4.945006E-18
 4980.84818734606  5.584203E-18
 4982.91982530115  4.557067E-18
 4984.99146325624  5.358329E-18
 4987.06310121132  5.403706E-18
 4989.13473916641  5.375307E-18
 4991.2063771215   5.341118E-18
 4993.27801507659  3.727204E-18
 4995.34965303167  3.838465E-18
 4997.42129098676  4.463276E-18
 4999.49292894185  5.532895E-18
 5001.56456689694  4.985545E-18
 5003.63620485202  3.901038E-18
 5005.70784280711  4.544805E-18
 5007.7794807622   3.698800E-18
 5009.85111871729  4.459540E-18
 5011.92275667238  3.749302E-18
 5013.99439462746  2.641328E-18
 5016.06603258255  -1.373168E-18
 5018.13767053764  -1.214221E-17
 5020.20930849273  -5.132281E-18
 5022.28094644782  -5.304201E-18
 5024.3525844029   -4.861957E-18
 5026.42422235799  2.658759E-18
 5028.49586031308  6.594037E-18
 5030.56749826817  7.868988E-18
 5032.63913622325  8.032199E-18
 5034.71077417834  7.416780E-18
 5036.78241213343  6.552816E-18
 5038.85405008852  5.482380E-18
 5040.92568804361  5.314066E-18
 5042.99732599869  5.555426E-18
 5045.06896395378  5.414436E-18
 5047.14060190887  4.503532E-18
 5049.21223986396  4.244536E-18
 5051.28387781904  4.816033E-18
 5053.35551577413  5.749886E-18
 5055.42715372922  4.941113E-18
 5057.49879168431  5.346827E-18
 5059.57042963939  5.921106E-18
 5061.64206759448  5.039328E-18
 5063.71370554957  4.960007E-18
 5065.78534350466  4.671652E-18
 5067.85698145974  4.882731E-18
 5069.92861941483  5.162343E-18
 5072.00025736992  5.101648E-18
 5074.07189532501  5.625319E-18
 5076.1435332801   5.786962E-18
 5078.21517123518  5.021656E-18
 5080.28680919027  5.312975E-18
 5082.35844714536  6.131079E-18
 5084.43008510045  6.456246E-18
 5086.50172305553  5.292736E-18
 5088.57336101062  5.540837E-18
 5090.64499896571  5.798864E-18
 5092.7166369208   4.094964E-18
 5094.78827487588  5.020250E-18
 5096.85991283097  5.108310E-18
 5098.93155078606  4.767481E-18
 5101.00318874115  4.189261E-18
 5103.07482669624  5.392475E-18
 5105.14646465132  6.167495E-18
 5107.21810260641  6.041496E-18
 5109.2897405615   6.041679E-18
 5111.36137851659  5.794472E-18
 5113.43301647167  5.162310E-18
 5115.50465442676  5.637550E-18
 5117.57629238185  5.324644E-18
 5119.64793033694  4.702794E-18
 5121.71956829202  5.299393E-18
 5123.79120624711  5.112364E-18
 5125.8628442022   5.664192E-18
 5127.93448215729  6.790578E-18
 5130.00612011238  6.659377E-18
 5132.07775806746  6.245274E-18
 5134.14939602255  5.127374E-18
 5136.22103397764  4.810714E-18
 5138.29267193273  5.147993E-18
 5140.36430988781  5.299522E-18
 5142.4359478429   6.930895E-18
 5144.50758579799  7.222978E-18
 5146.57922375308  5.903535E-18
 5148.65086170816  5.908839E-18
 5150.72249966325  5.759341E-18
 5152.79413761834  5.978656E-18
 5154.86577557343  4.985012E-18
 5156.93741352852  4.539403E-18
 5159.0090514836   5.211907E-18
 5161.08068943869  6.363201E-18
 5163.15232739378  5.325332E-18
 5165.22396534887  7.421409E-18
 5167.29560330395  8.220699E-18
 5169.36724125904  8.388783E-18
 5171.43887921413  9.922990E-18
 5173.51051716922  9.419839E-18
 5175.58215512431  7.924369E-18
 5177.65379307939  6.809068E-18
 5179.72543103448  6.179874E-18
 5181.79706898957  6.654759E-18
 5183.86870694466  7.169886E-18
 5185.94034489974  7.535338E-18
 5188.01198285483  6.257482E-18
 5190.08362080992  5.923826E-18
 5192.15525876501  5.874769E-18
 5194.22689672009  4.860346E-18
 5196.29853467518  4.417039E-18
 5198.37017263027  4.920659E-18
 5200.44181058536  5.015929E-18
 5202.51344854045  4.612015E-18
 5204.58508649553  5.636341E-18
 5206.65672445062  7.078121E-18
 5208.72836240571  6.776745E-18
 5210.8000003608   7.023521E-18
 5212.87163831588  5.709168E-18
 5214.94327627097  5.316117E-18
 5217.01491422606  5.549846E-18
 5219.08655218115  4.294968E-18
 5221.15819013624  3.017133E-18
 5223.22982809132  4.434561E-18
 5225.30146604641  4.887118E-18
 5227.3731040015   5.201566E-18
 5229.44474195659  5.646739E-18
 5231.51637991167  5.490166E-18
 5233.58801786676  4.673925E-18
 5235.65965582185  4.788826E-18
 5237.73129377694  4.395062E-18
 5239.80293173202  5.628380E-18
 5241.87456968711  6.864496E-18
 5243.9462076422   6.999152E-18
 5246.01784559729  6.904291E-18
 5248.08948355237  7.076710E-18
 5250.16112150746  7.423546E-18
 5252.23275946255  6.251444E-18
 5254.30439741764  5.902863E-18
 5256.37603537273  5.947888E-18
 5258.44767332781  5.090216E-18
 5260.5193112829   4.235185E-18
 5262.59094923799  4.528270E-18
 5264.66258719308  4.738905E-18
 5266.73422514816  4.655652E-18
 5268.80586310325  5.390899E-18
 5270.87750105834  6.876523E-18
 5272.94913901343  6.815643E-18
 5275.02077696851  6.651708E-18
 5277.0924149236   6.213390E-18
 5279.16405287869  6.292265E-18
 5281.23569083378  6.048513E-18
 5283.30732878886  6.711855E-18
 5285.37896674395  7.489737E-18
 5287.45060469904  8.925312E-18
 5289.52224265413  8.373582E-18
 5291.59388060921  9.328888E-18
 5293.6655185643   9.012651E-18
 5295.73715651939  7.063743E-18
 5297.80879447448  6.461762E-18
 5299.88043242957  6.189958E-18
 5301.95207038466  6.201502E-18
 5304.02370833974  5.863409E-18
 5306.09534629483  5.200863E-18
 5308.16698424992  4.645913E-18
 5310.23862220501  4.771774E-18
 5312.31026016009  5.869615E-18
 5314.38189811518  6.429597E-18
 5316.45353607027  5.539376E-18
 5318.52517402536  5.560246E-18
 5320.59681198044  5.349878E-18
 5322.66844993553  6.421206E-18
 5324.74008789062  6.676729E-18
 5326.81172584571  7.472877E-18
 5328.88336380079  7.367038E-18
 5330.95500175588  7.765184E-18
 5333.02663971097  7.592147E-18
 5335.09827766606  7.331020E-18
 5337.16991562115  7.038520E-18
 5339.24155357623  6.605894E-18
 5341.31319153132  6.808249E-18
 5343.38482948641  7.182931E-18
 5345.4564674415   6.972276E-18
 5347.52810539658  6.637032E-18
 5349.59974335167  6.397724E-18
 5351.67138130676  6.748048E-18
 5353.74301926185  5.931881E-18
 5355.81465721694  6.100880E-18
 5357.88629517202  6.023207E-18
 5359.95793312711  5.413408E-18
 5362.0295710822   5.517120E-18
 5364.10120903729  6.125825E-18
 5366.17284699237  7.039638E-18
 5368.24448494746  7.526130E-18
 5370.31612290255  6.104070E-18
 5372.38776085764  5.770631E-18
 5374.45939881272  6.909640E-18
 5376.53103676781  6.222230E-18
 5378.6026747229   5.297260E-18
 5380.67431267799  5.265571E-18
 5382.74595063308  5.639004E-18
 5384.81758858816  6.210666E-18
 5386.88922654325  6.516801E-18
 5388.96086449834  6.819179E-18
 5391.03250245343  6.632055E-18
 5393.10414040851  6.274917E-18
 5395.1757783636   7.042561E-18
 5397.24741631869  7.596035E-18
 5399.31905427378  6.282873E-18
 5401.39069222886  5.797071E-18
 5403.46233018395  5.923948E-18
 5405.53396813904  5.820950E-18
 5407.60560609413  5.852156E-18
 5409.67724404922  4.621088E-18
 5411.7488820043   4.650738E-18
 5413.82051995939  5.634241E-18
 5415.89215791448  6.258135E-18
 5417.96379586957  5.793140E-18
 5420.03543382465  5.327992E-18
 5422.10707177974  5.808980E-18
 5424.17870973483  5.935681E-18
 5426.25034768992  6.693191E-18
 5428.321985645    6.336373E-18
 5430.39362360009  6.019904E-18
 5432.46526155518  6.195507E-18
 5434.53689951027  6.141474E-18
 5436.60853746536  5.656575E-18
 5438.68017542044  5.660408E-18
 5440.75181337553  5.018451E-18
 5442.82345133062  5.708327E-18
 5444.89508928571  4.962913E-18
 5446.96672724079  5.005314E-18
 5449.03836519588  5.811625E-18
 5451.11000315097  6.606325E-18
 5453.18164110606  6.289956E-18
 5455.25327906114  6.810303E-18
 5457.32491701623  6.138524E-18
 5459.39655497132  5.211780E-18
 5461.46819292641  4.148015E-18
 5463.53983088149  4.584218E-18
 5465.61146883658  4.757442E-18
 5467.68310679167  4.828404E-18
 5469.75474474676  4.838055E-18
 5471.82638270185  5.137264E-18
 5473.89802065693  5.828305E-18
 5475.96965861202  5.703098E-18
 5478.04129656711  5.634238E-18
 5480.1129345222   5.936310E-18
 5482.18457247728  5.340833E-18
 5484.25621043237  4.512556E-18
 5486.32784838746  4.924111E-18
 5488.39948634255  4.915873E-18
 5490.47112429764  5.538760E-18
 5492.54276225272  5.863768E-18
 5494.61440020781  5.188507E-18
 5496.6860381629   5.320790E-18
 5498.75767611799  5.272977E-18
 5500.82931407307  5.910009E-18
 5502.90095202816  5.969308E-18
 5504.97258998325  5.303393E-18
 5507.04422793834  6.374284E-18
 5509.11586589343  4.545221E-18
 5511.18750384851  5.084730E-18
 5513.2591418036   5.419761E-18
 5515.33077975869  5.358084E-18
 5517.40241771378  5.427826E-18
 5519.47405566886  4.695527E-18
 5521.54569362395  4.871559E-18
 5523.61733157904  4.670466E-18
 5525.68896953413  5.446805E-18
 5527.76060748921  5.598217E-18
 5529.8322454443   5.681755E-18
 5531.90388339939  5.790482E-18
 5533.97552135448  6.644273E-18
 5536.04715930957  6.980321E-18
 5538.11879726465  6.396560E-18
 5540.19043521974  6.445704E-18
 5542.26207317483  7.209939E-18
 5544.33371112992  7.477854E-18
 5546.405349085    6.841752E-18
 5548.47698704009  6.687105E-18
 5550.54862499518  6.977345E-18
 5552.62026295027  6.610705E-18
 5554.69190090536  6.504307E-18
 5556.76353886044  6.561903E-18
 5558.83517681553  5.924647E-18
 5560.90681477062  5.916293E-18
 5562.97845272571  6.743630E-18
 5565.05009068079  5.888717E-18
 5567.12172863588  6.039493E-18
 5569.19336659097  6.090045E-18
 5571.26500454606  4.882785E-18
 5573.33664250114  8.231435E-18
 5575.40828045623  1.355060E-17
 5577.47991841132  9.782273E-18
 5579.55155636641  3.483235E-18
 5581.62319432149  4.538161E-18
 5583.69483227658  5.414508E-18
 5585.76647023167  5.594135E-18
 5587.83810818676  6.707639E-18
 5589.90974614185  7.004287E-18
 5591.98138409693  6.467954E-18
 5594.05302205202  6.798519E-18
 5596.12466000711  7.257927E-18
 5598.1962979622   6.640694E-18
 5600.26793591728  6.321969E-18
 5602.33957387237  6.186291E-18
 5604.41121182746  5.673452E-18
 5606.48284978255  6.186451E-18
 5608.55448773763  6.349701E-18
 5610.62612569272  5.503216E-18
 5612.69776364781  5.799973E-18
 5614.7694016029   5.908585E-18
 5616.84103955799  5.875211E-18
 5618.91267751307  6.605563E-18
 5620.98431546816  6.551151E-18
 5623.05595342325  6.133686E-18
 5625.12759137834  6.338470E-18
 5627.19922933342  5.722788E-18
 5629.27086728851  6.245350E-18
 5631.3425052436   5.989638E-18
 5633.41414319869  5.524242E-18
 5635.48578115378  5.624751E-18
 5637.55741910886  5.602863E-18
 5639.62905706395  5.146279E-18
 5641.70069501904  5.602366E-18
 5643.77233297413  5.549342E-18
 5645.84397092921  5.732825E-18
 5647.9156088843   5.716981E-18
 5649.98724683939  5.638302E-18
 5652.05888479448  5.133939E-18
 5654.13052274956  4.996875E-18
 5656.20216070465  5.837271E-18
 5658.27379865974  5.766528E-18
 5660.34543661483  5.704254E-18
 5662.41707456991  5.985912E-18
 5664.488712525    5.629200E-18
 5666.56035048009  6.071281E-18
 5668.63198843518  5.700727E-18
 5670.70362639027  5.235508E-18
 5672.77526434535  5.157449E-18
 5674.84690230044  5.592066E-18
 5676.91854025553  6.649262E-18
 5678.99017821062  6.168221E-18
 5681.06181616571  4.939039E-18
 5683.13345412079  6.256962E-18
 5685.20509207588  4.929971E-18
 5687.27673003097  5.096536E-18
 5689.34836798606  6.447467E-18
 5691.42000594114  6.284262E-18
 5693.49164389623  5.271613E-18
 5695.56328185132  5.408676E-18
 5697.63491980641  5.532141E-18
 5699.70655776149  5.294020E-18
 5701.77819571658  5.453423E-18
 5703.84983367167  5.703116E-18
 5705.92147162676  5.913017E-18
 5707.99310958184  5.874843E-18
 5710.06474753693  5.703701E-18
 5712.13638549202  5.808416E-18
 5714.20802344711  5.656755E-18
 5716.2796614022   4.699042E-18
 5718.35129935728  5.544412E-18
 5720.42293731237  5.556547E-18
 5722.49457526746  5.820135E-18
 5724.56621322255  5.586186E-18
 5726.63785117763  5.674215E-18
 5728.70948913272  5.573827E-18
 5730.78112708781  6.451907E-18
 5732.8527650429   6.250463E-18
 5734.92440299799  5.823258E-18
 5736.99604095307  6.125757E-18
 5739.06767890816  6.410939E-18
 5741.13931686325  5.662481E-18
 5743.21095481834  5.605231E-18
 5745.28259277342  6.446091E-18
 5747.35423072851  6.647114E-18
 5749.4258686836   5.997451E-18
 5751.49750663869  5.109418E-18
 5753.56914459377  5.661707E-18
 5755.64078254886  6.497510E-18
 5757.71242050395  6.521761E-18
 5759.78405845904  6.364460E-18
 5761.85569641413  6.626704E-18
 5763.92733436921  6.668065E-18
 5765.9989723243   6.344915E-18
 5768.07061027939  6.613599E-18
 5770.14224823448  6.054163E-18
 5772.21388618956  6.438184E-18
 5774.28552414465  6.461301E-18
 5776.35716209974  6.058202E-18
 5778.42880005483  6.142635E-18
 5780.50043800991  6.276163E-18
 5782.572075965    6.203686E-18
 5784.64371392009  6.015984E-18
 5786.71535187518  6.257198E-18
 5788.78698983026  6.327385E-18
 5790.85862778535  6.343952E-18
 5792.93026574044  7.070803E-18
 5795.00190369553  6.674725E-18
 5797.07354165062  6.666457E-18
 5799.1451796057   6.535986E-18
 5801.21681756079  6.250649E-18
 5803.28845551588  6.556581E-18
 5805.36009347097  6.907407E-18
 5807.43173142605  6.974493E-18
 5809.50336938114  7.402726E-18
 5811.57500733623  6.528306E-18
 5813.64664529132  6.455105E-18
 5815.71828324641  6.853106E-18
 5817.78992120149  6.943495E-18
 5819.86155915658  6.689022E-18
 5821.93319711167  5.836046E-18
 5824.00483506676  6.516047E-18
 5826.07647302184  7.403780E-18
 5828.14811097693  6.588696E-18
 5830.21974893202  6.216730E-18
 5832.29138688711  5.628208E-18
 5834.36302484219  6.394936E-18
 5836.43466279728  6.860128E-18
 5838.50630075237  6.296948E-18
 5840.57793870746  6.673176E-18
 5842.64957666255  6.568472E-18
 5844.72121461763  6.826374E-18
 5846.79285257272  6.708317E-18
 5848.86449052781  6.686443E-18
 5850.9361284829   6.499969E-18
 5853.00776643798  6.826399E-18
 5855.07940439307  6.130300E-18
 5857.15104234816  5.351996E-18
 5859.22268030325  4.451933E-18
 5861.29431825833  3.761568E-18
 5863.36595621342  4.324909E-18
 5865.43759416851  4.069029E-18
 5867.5092321236   3.582455E-18
 5869.58087007869  4.050494E-18
 5871.65250803377  5.225984E-18
 5873.72414598886  5.789963E-18
 5875.79578394395  6.862113E-18
 5877.86742189904  6.312313E-18
 5879.93905985412  6.903547E-18
 5882.01069780921  6.986138E-18
 5884.0823357643   6.934952E-18
 5886.15397371939  9.149235E-18
 5888.22561167447  8.086136E-18
 5890.29724962956  6.366666E-18
 5892.36888758465  6.861232E-18
 5894.44052553974  6.018086E-18
 5896.51216349483  4.838015E-18
 5898.58380144991  5.332918E-18
 5900.655439405    4.600607E-18
 5902.72707736009  2.767226E-18
 5904.79871531518  2.979962E-18
 5906.87035327026  3.671567E-18
 5908.94199122535  4.908061E-18
 5911.01362918044  6.946960E-18
 5913.08526713553  8.467061E-18
 5915.15690509061  8.890850E-18
 5917.2285430457   7.539036E-18
 5919.30018100079  7.010928E-18
 5921.37181895588  6.133210E-18
 5923.44345691097  5.900970E-18
 5925.51509486605  6.557551E-18
 5927.58673282114  5.917957E-18
 5929.65837077623  5.635590E-18
 5931.73000873132  6.136099E-18
 5933.8016466864   6.199613E-18
 5935.87328464149  6.775477E-18
 5937.94492259658  5.320086E-18
 5940.01656055167  5.496946E-18
 5942.08819850675  5.851266E-18
 5944.15983646184  5.188070E-18
 5946.23147441693  5.849771E-18
 5948.30311237202  6.469414E-18
 5950.37475032711  5.567191E-18
 5952.44638828219  5.837593E-18
 5954.51802623728  5.443360E-18
 5956.58966419237  5.193616E-18
 5958.66130214746  6.271579E-18
 5960.73294010254  6.375483E-18
 5962.80457805763  6.046643E-18
 5964.87621601272  6.375631E-18
 5966.94785396781  5.773295E-18
 5969.0194919229   5.359372E-18
 5971.09112987798  6.316354E-18
 5973.16276783307  6.841653E-18
 5975.23440578816  5.139623E-18
 5977.30604374325  5.908355E-18
 5979.37768169833  4.647640E-18
 5981.44931965342  5.327116E-18
 5983.52095760851  6.918872E-18
 5985.5925955636   5.729877E-18
 5987.66423351868  5.276387E-18
 5989.73587147377  5.803715E-18
 5991.80750942886  5.726567E-18
 5993.87914738395  6.040338E-18
 5995.95078533904  6.427659E-18
 5998.02242329412  6.393351E-18
 6000.09406124921  5.588616E-18
 6002.1656992043   6.071212E-18
 6004.23733715939  6.408137E-18
 6006.30897511447  6.378903E-18
 6008.38061306956  6.579912E-18
 6010.45225102465  6.094498E-18
 6012.52388897974  6.799288E-18
 6014.59552693483  6.590476E-18
 6016.66716488991  6.530349E-18
 6018.738802845    6.239805E-18
 6020.81044080009  5.840463E-18
 6022.88207875518  6.387423E-18
 6024.95371671026  6.661716E-18
 6027.02535466535  6.711334E-18
 6029.09699262044  6.392028E-18
 6031.16863057553  6.127903E-18
 6033.24026853061  6.895170E-18
 6035.3119064857   5.916628E-18
 6037.38354444079  5.546417E-18
 6039.45518239588  6.638662E-18
 6041.52682035096  6.528228E-18
 6043.59845830605  6.299051E-18
 6045.67009626114  6.339048E-18
 6047.74173421623  6.228031E-18
 6049.81337217131  6.705085E-18
 6051.8850101264   6.650089E-18
 6053.95664808149  6.855634E-18
 6056.02828603658  8.016976E-18
 6058.09992399166  6.918090E-18
 6060.17156194675  6.874842E-18
 6062.24319990184  6.421787E-18
 6064.31483785693  5.940021E-18
 6066.38647581202  6.564353E-18
 6068.45811376711  6.542066E-18
 6070.52975172219  7.161422E-18
 6072.60138967728  6.791333E-18
 6074.67302763237  6.155789E-18
 6076.74466558746  6.522427E-18
 6078.81630354254  6.070785E-18
 6080.88794149763  5.816519E-18
 6082.95957945272  6.876387E-18
 6085.03121740781  6.826289E-18
 6087.10285536289  6.895914E-18
 6089.17449331798  7.144339E-18
 6091.24613127307  6.735800E-18
 6093.31776922816  6.472528E-18
 6095.38940718325  5.856083E-18
 6097.46104513833  6.336291E-18
 6099.53268309342  6.408097E-18
 6101.60432104851  6.601444E-18
 6103.6759590036   6.839898E-18
 6105.74759695868  7.077910E-18
 6107.81923491377  7.305051E-18
 6109.89087286886  6.544674E-18
 6111.96251082395  6.103005E-18
 6114.03414877903  6.891638E-18
 6116.10578673412  6.577986E-18
 6118.17742468921  6.508019E-18
 6120.2490626443   6.714500E-18
 6122.32070059938  7.066121E-18
 6124.39233855447  6.822823E-18
 6126.46397650956  7.012443E-18
 6128.53561446465  7.019784E-18
 6130.60725241973  6.450409E-18
 6132.67889037482  6.452710E-18
 6134.75052832991  6.393391E-18
 6136.822166285    5.895432E-18
 6138.89380424009  6.291360E-18
 6140.96544219517  6.542506E-18
 6143.03708015026  6.119337E-18
 6145.10871810535  6.588139E-18
 6147.18035606044  6.921677E-18
 6149.25199401552  6.414004E-18
 6151.32363197061  5.569311E-18
 6153.3952699257   4.842301E-18
 6155.46690788079  5.056360E-18
 6157.53854583588  6.758250E-18
 6159.61018379096  7.467853E-18
 6161.68182174605  6.881797E-18
 6163.75345970114  6.814781E-18
 6165.82509765623  6.862694E-18
 6167.89673561131  7.113632E-18
 6169.9683735664   6.356943E-18
 6172.04001152149  5.372525E-18
 6174.11164947658  6.261502E-18
 6176.18328743167  6.115874E-18
 6178.25492538675  5.731477E-18
 6180.32656334184  6.087283E-18
 6182.39820129693  6.192343E-18
 6184.46983925202  6.253057E-18
 6186.5414772071   6.289351E-18
 6188.61311516219  6.000568E-18
 6190.68475311728  6.237079E-18
 6192.75639107237  6.855898E-18
 6194.82802902746  6.615082E-18
 6196.89966698254  5.882937E-18
 6198.97130493763  6.087881E-18
 6201.04294289272  6.225756E-18
 6203.11458084781  5.904658E-18
 6205.18621880289  6.275096E-18
 6207.25785675798  6.195564E-18
 6209.32949471307  6.557835E-18
 6211.40113266816  6.300735E-18
 6213.47277062324  5.331057E-18
 6215.54440857833  5.793001E-18
 6217.61604653342  6.199127E-18
 6219.68768448851  5.774051E-18
 6221.75932244359  5.574265E-18
 6223.83096039868  6.391031E-18
 6225.90259835377  6.587647E-18
 6227.97423630886  5.956756E-18
 6230.04587426395  5.345868E-18
 6232.11751221903  5.074755E-18
 6234.18915017412  4.816853E-18
 6236.26078812921  4.886600E-18
 6238.3324260843   5.281110E-18
 6240.40406403938  5.004427E-18
 6242.47570199447  4.540915E-18
 6244.54733994956  5.158470E-18
 6246.61897790465  5.340916E-18
 6248.69061585973  5.045972E-18
 6250.76225381482  6.029836E-18
 6252.83389176991  6.070041E-18
 6254.905529725    5.292754E-18
 6256.97716768009  5.682225E-18
 6259.04880563517  6.132078E-18
 6261.12044359026  6.292917E-18
 6263.19208154535  6.436272E-18
 6265.26371950044  6.311638E-18
 6267.33535745552  6.349748E-18
 6269.40699541061  6.117929E-18
 6271.4786333657   6.267167E-18
 6273.55027132079  5.354630E-18
 6275.62190927588  5.653467E-18
 6277.69354723096  5.011993E-18
 6279.76518518605  5.800889E-18
 6281.83682314114  6.297251E-18
 6283.90846109623  5.708634E-18
 6285.98009905131  6.121023E-18
 6288.0517370064   6.650960E-18
 6290.12337496149  6.092985E-18
 6292.19501291658  5.848329E-18
 6294.26665087167  6.022271E-18
 6296.33828882675  6.470011E-18
 6298.40992678184  5.881765E-18
 6300.48156473693  6.912488E-18
 6302.55320269202  6.852846E-18
 6304.6248406471   7.261045E-18
 6306.69647860219  6.822706E-18
 6308.76811655728  7.342622E-18
 6310.83975451237  9.974344E-18
 6312.91139246745  1.130598E-17
 6314.98303042254  1.127872E-17
 6317.05466837763  1.085284E-17
 6319.12630633272  1.025160E-17
 6321.19794428781  1.043696E-17
 6323.26958224289  9.144654E-18
 6325.34122019798  8.915235E-18
 6327.41285815307  8.177211E-18
 6329.48449610816  7.720366E-18
 6331.55613406324  7.888525E-18
 6333.62777201833  7.111105E-18
 6335.69940997342  6.322758E-18
 6337.77104792851  6.612848E-18
 6339.84268588359  6.577290E-18
 6341.91432383868  6.765538E-18
 6343.98596179377  7.686184E-18
 6346.05759974886  7.121795E-18
 6348.12923770395  7.046049E-18
 6350.20087565903  6.796033E-18
 6352.27251361412  6.723627E-18
 6354.34415156921  6.976662E-18
 6356.4157895243   7.634224E-18
 6358.48742747938  7.543766E-18
 6360.55906543447  6.896314E-18
 6362.63070338956  7.655605E-18
 6364.70234134465  7.312571E-18
 6366.77397929973  7.977762E-18
 6368.84561725482  7.593085E-18
 6370.91725520991  7.874453E-18
 6372.988893165    7.793356E-18
 6375.06053112009  8.017913E-18
 6377.13216907517  9.138307E-18
 6379.20380703026  9.249767E-18
 6381.27544498535  8.501737E-18
 6383.34708294044  8.694256E-18
 6385.41872089552  8.867123E-18
 6387.49035885061  8.538686E-18
 6389.5619968057   8.455007E-18
 6391.63363476079  7.902477E-18
 6393.70527271587  7.494952E-18
 6395.77691067096  7.278024E-18
 6397.84854862605  7.555355E-18
 6399.92018658114  7.953308E-18
 6401.99182453623  7.695761E-18
 6404.06346249131  7.301278E-18
 6406.1351004464   7.325626E-18
 6408.20673840149  7.058958E-18
 6410.27837635658  6.936781E-18
 6412.35001431166  7.490987E-18
 6414.42165226675  7.760969E-18
 6416.49329022184  7.974602E-18
 6418.56492817693  7.821304E-18
 6420.63656613201  7.993758E-18
 6422.7082040871   8.388224E-18
 6424.77984204219  7.999386E-18
 6426.85147999728  7.651284E-18
 6428.92311795237  7.913052E-18
 6430.99475590745  7.440495E-18
 6433.06639386254  7.328570E-18
 6435.13803181763  7.012373E-18
 6437.20966977272  6.808483E-18
 6439.2813077278   6.661476E-18
 6441.35294568289  6.737422E-18
 6443.42458363798  7.170212E-18
 6445.49622159307  7.166645E-18
 6447.56785954815  7.200661E-18
 6449.63949750324  8.045018E-18
 6451.71113545833  8.288801E-18
 6453.78277341342  7.937906E-18
 6455.85441136851  8.238456E-18
 6457.92604932359  7.906589E-18
 6459.99768727868  8.142693E-18
 6462.06932523377  7.732110E-18
 6464.14096318886  7.339781E-18
 6466.21260114394  7.556663E-18
 6468.28423909903  7.922136E-18
 6470.35587705412  8.216557E-18
 6472.42751500921  7.817846E-18
 6474.49915296429  7.363761E-18
 6476.57079091938  8.497756E-18
 6478.64242887447  7.617524E-18
 6480.71406682956  8.019419E-18
 6482.78570478464  8.404866E-18
 6484.85734273973  8.073744E-18
 6486.92898069482  8.124606E-18
 6489.00061864991  8.565499E-18
 6491.072256605    8.259694E-18
 6493.14389456008  7.313899E-18
 6495.21553251517  6.845301E-18
 6497.28717047026  6.827174E-18
 6499.35880842535  7.773658E-18
 6501.43044638043  7.292275E-18
 6503.50208433552  6.847176E-18
 6505.57372229061  6.666428E-18
 6507.6453602457   6.460424E-18
 6509.71699820079  6.098732E-18
 6511.78863615587  5.868026E-18
 6513.86027411096  6.332980E-18
 6515.93191206605  7.325247E-18
 6518.00355002114  8.223227E-18
 6520.07518797622  8.623461E-18
 6522.14682593131  9.107043E-18
 6524.2184638864   8.926530E-18
 6526.29010184149  9.141226E-18
 6528.36173979657  9.642661E-18
 6530.43337775166  9.292176E-18
 6532.50501570675  9.397596E-18
 6534.57665366184  1.004817E-17
 6536.64829161692  9.718497E-18
 6538.71992957201  1.025829E-17
 6540.7915675271   1.016523E-17
 6542.86320548219  1.041543E-17
 6544.93484343728  1.082595E-17
 6547.00648139236  1.141878E-17
 6549.07811934745  1.160320E-17
 6551.14975730254  1.259335E-17
 6553.22139525763  1.384403E-17
 6555.29303321272  1.449149E-17
 6557.3646711678   1.628249E-17
 6559.43630912289  1.867756E-17
 6561.50794707798  2.292277E-17
 6563.57958503307  3.219314E-17
 6565.65122298815  4.907524E-17
 6567.72286094324  7.304231E-17
 6569.79449889833  9.563020E-17
 6571.86613685342  1.062171E-16
 6573.93777480851  1.025473E-16
 6576.00941276359  1.061512E-16
 6578.08105071868  1.447685E-16
 6580.15268867377  2.073421E-16
 6582.22432662886  2.607927E-16
 6584.29596458394  2.770566E-16
 6586.36760253903  2.342713E-16
 6588.43924049412  1.870188E-16
 6590.51087844921  1.473531E-16
 6592.58251640429  1.096037E-16
 6594.65415435938  8.268642E-17
 6596.72579231447  6.283257E-17
 6598.79743026956  4.617439E-17
 6600.86906822465  3.724116E-17
 6602.94070617973  3.204906E-17
 6605.01234413482  2.879733E-17
 6607.08398208991  2.571636E-17
 6609.155620045    2.347042E-17
 6611.22725800008  2.138553E-17
 6613.29889595517  2.007073E-17
 6615.37053391026  1.928244E-17
 6617.44217186535  1.769760E-17
 6619.51380982043  1.687499E-17
 6621.58544777552  1.595106E-17
 6623.65708573061  1.489930E-17
 6625.7287236857   1.466138E-17
 6627.80036164078  1.431381E-17
 6629.87199959587  1.427217E-17
 6631.94363755096  1.427007E-17
 6634.01527550605  1.399051E-17
 6636.08691346113  1.361827E-17
 6638.15855141622  1.280025E-17
 6640.23018937131  1.161919E-17
 6642.3018273264   1.033245E-17
 6644.37346528149  9.933458E-18
 6646.44510323657  9.705034E-18
 6648.51674119166  9.057571E-18
 6650.58837914675  8.862424E-18
 6652.66001710184  8.632142E-18
 6654.73165505693  8.248716E-18
 6656.80329301201  8.415397E-18
 6658.8749309671   8.324526E-18
 6660.94656892219  7.962119E-18
 6663.01820687728  7.676736E-18
 6665.08984483236  7.281522E-18
 6667.16148278745  6.945041E-18
 6669.23312074254  7.004977E-18
 6671.30475869763  7.209561E-18
 6673.37639665271  7.119248E-18
 6675.4480346078   7.230283E-18
 6677.51967256289  7.544563E-18
 6679.59131051798  7.117720E-18
 6681.66294847307  7.314489E-18
 6683.73458642815  7.443941E-18
 6685.80622438324  7.550073E-18
 6687.87786233833  7.091960E-18
 6689.94950029342  7.172548E-18
 6692.0211382485   7.078804E-18
 6694.09277620359  6.466505E-18
 6696.16441415868  6.462078E-18
 6698.23605211377  6.342014E-18
 6700.30769006885  6.358692E-18
 6702.37932802394  6.709158E-18
 6704.45096597903  6.724101E-18
 6706.52260393412  6.758178E-18
 6708.5942418892   6.918900E-18
 6710.66587984429  6.645884E-18
 6712.73751779938  6.378249E-18
 6714.80915575447  6.644674E-18
 6716.88079370955  6.916053E-18
 6718.95243166464  7.114349E-18
 6721.02406961973  6.923059E-18
 6723.09570757482  6.825794E-18
 6725.16734552991  7.590944E-18
 6727.23898348499  6.773569E-18
 6729.31062144008  6.383152E-18
 6731.38225939517  6.840494E-18
 6733.45389735026  6.448396E-18
 6735.52553530535  6.030423E-18
 6737.59717326043  5.692492E-18
 6739.66881121552  6.586397E-18
 6741.74044917061  6.351975E-18
 6743.8120871257   6.218837E-18
 6745.88372508078  6.231517E-18
 6747.95536303587  6.454740E-18
 6750.02700099096  6.253475E-18
 6752.09863894605  5.725276E-18
 6754.17027690113  5.905345E-18
 6756.24191485622  6.179228E-18
 6758.31355281131  6.484806E-18
 6760.3851907664   6.242813E-18
 6762.45682872149  5.882484E-18
 6764.52846667657  6.298609E-18
 6766.60010463166  6.952048E-18
 6768.67174258675  7.185436E-18
 6770.74338054184  6.942591E-18
 6772.81501849692  6.618759E-18
 6774.88665645201  6.685246E-18
 6776.9582944071   6.592682E-18
 6779.02993236219  6.476898E-18
 6781.10157031727  6.274878E-18
 6783.17320827236  6.442992E-18
 6785.24484622745  6.484808E-18
 6787.31648418254  6.675750E-18
 6789.38812213763  7.039492E-18
 6791.45976009271  7.064228E-18
 6793.5313980478   6.991037E-18
 6795.60303600289  6.479528E-18
 6797.67467395798  6.828413E-18
 6799.74631191306  6.371761E-18
 6801.81794986815  6.392032E-18
 6803.88958782324  6.706925E-18
 6805.96122577833  7.010681E-18
 6808.03286373341  6.979479E-18
 6810.1045016885   6.559633E-18
 6812.17613964359  6.836750E-18
 6814.24777759868  6.829572E-18
 6816.31941555376  7.146670E-18
 6818.39105350885  6.984416E-18
 6820.46269146394  7.004519E-18
 6822.53432941903  6.930620E-18
 6824.60596737412  7.398607E-18
 6826.6776053292   7.571872E-18
 6828.74924328429  6.717667E-18
 6830.82088123938  6.935572E-18
 6832.89251919447  6.652474E-18
 6834.96415714956  6.855005E-18
 6837.03579510464  6.905439E-18
 6839.10743305973  6.512247E-18
 6841.17907101482  6.943184E-18
 6843.25070896991  7.714506E-18
 6845.32234692499  7.675685E-18
 6847.39398488008  7.259827E-18
 6849.46562283517  7.181717E-18
 6851.53726079026  7.695186E-18
 6853.60889874535  7.419538E-18
 6855.68053670043  7.262028E-18
 6857.75217465552  6.941088E-18
 6859.82381261061  7.024442E-18
 6861.8954505657   7.459186E-18
 6863.96708852078  7.889042E-18
 6866.03872647587  7.785044E-18
 6868.11036443096  6.095781E-18
 6870.18200238605  5.999921E-18
 6872.25364034113  5.850791E-18
 6874.32527829622  6.114316E-18
 6876.39691625131  6.921052E-18
 6878.4685542064   7.195298E-18
 6880.54019216149  7.481931E-18
 6882.61183011657  7.927284E-18
 6884.68346807166  7.667329E-18
 6886.75510602675  7.781353E-18
 6888.82674398184  7.500045E-18
 6890.89838193692  7.283273E-18
 6892.97001989201  7.321532E-18
 6895.0416578471   7.663877E-18
 6897.11329580219  7.490953E-18
 6899.18493375727  7.256485E-18
 6901.25657171236  7.659673E-18
 6903.32820966745  7.544515E-18
 6905.39984762254  7.524411E-18
 6907.47148557763  8.334084E-18
 6909.54312353271  8.169227E-18
 6911.6147614878   7.232368E-18
 6913.68639944289  7.583753E-18
 6915.75803739798  8.042359E-18
 6917.82967535306  7.911767E-18
 6919.90131330815  8.603253E-18
 6921.97295126324  8.589439E-18
 6924.04458921833  7.514423E-18
 6926.11622717341  7.835240E-18
 6928.1878651285   7.815528E-18
 6930.25950308359  7.923863E-18
 6932.33114103868  8.432194E-18
 6934.40277899377  8.143017E-18
 6936.47441694885  7.444510E-18
 6938.54605490394  7.513992E-18
 6940.61769285903  7.714434E-18
 6942.68933081412  7.957253E-18
 6944.7609687692   7.682582E-18
 6946.83260672429  8.208895E-18
 6948.90424467938  8.561198E-18
 6950.97588263447  8.009738E-18
 6953.04752058956  7.613515E-18
 6955.11915854464  7.766619E-18
 6957.19079649973  8.110696E-18
 6959.26243445482  8.609799E-18
 6961.33407240991  8.060043E-18
 6963.40571036499  7.951716E-18
 6965.47734832008  8.153824E-18
 6967.54898627517  8.073312E-18
 6969.62062423026  8.017216E-18
 6971.69226218534  8.273851E-18
 6973.76390014043  8.450086E-18
 6975.83553809552  8.110993E-18
 6977.90717605061  7.915008E-18
 6979.97881400569  8.027777E-18
 6982.05045196078  8.571167E-18
 6984.12208991587  8.656445E-18
 6986.19372787096  8.177487E-18
 6988.26536582604  7.790646E-18
 6990.33700378113  7.850041E-18
 6992.40864173622  8.077766E-18
 6994.48027969131  7.781806E-18
 6996.5519176464   7.916937E-18
 6998.62355560148  8.120575E-18
 7000.69519355657  8.101691E-18
 7002.76683151166  8.187622E-18
 7004.83846946675  8.087064E-18
 7006.91010742183  7.963207E-18
 7008.98174537692  8.357395E-18
 7011.05338333201  8.243214E-18
 7013.1250212871   8.099394E-18
 7015.19665924219  8.309387E-18
 7017.26829719727  8.547405E-18
 7019.33993515236  8.897638E-18
 7021.41157310745  8.334434E-18
 7023.48321106254  7.573419E-18
 7025.55484901762  8.259834E-18
 7027.62648697271  8.582210E-18
 7029.6981249278   8.386149E-18
 7031.76976288289  8.508703E-18
 7033.84140083798  7.829200E-18
 7035.91303879306  7.507362E-18
 7037.98467674815  8.090309E-18
 7040.05631470324  8.204086E-18
 7042.12795265833  8.054856E-18
 7044.19959061341  8.775003E-18
 7046.2712285685   8.597092E-18
 7048.34286652359  8.704454E-18
 7050.41450447868  8.502414E-18
 7052.48614243376  8.484126E-18
 7054.55778038885  8.915233E-18
 7056.62941834394  8.808162E-18
 7058.70105629903  8.202721E-18
 7060.77269425411  8.216665E-18
 7062.8443322092   8.425994E-18
 7064.91597016429  8.713296E-18
 7066.98760811938  7.467795E-18
 7069.05924607446  7.402742E-18
 7071.13088402955  7.273838E-18
 7073.20252198464  6.533800E-18
 7075.27415993973  6.277034E-18
 7077.34579789482  6.217790E-18
 7079.4174358499   6.717269E-18
 7081.48907380499  6.764006E-18
 7083.56071176008  7.083284E-18
 7085.63234971517  7.485920E-18
 7087.70398767025  8.247156E-18
 7089.77562562534  9.228281E-18
 7091.84726358043  9.906605E-18
 7093.91890153552  9.706132E-18
 7095.99053949061  8.571486E-18
 7098.06217744569  7.997321E-18
 7100.13381540078  6.960669E-18
 7102.20545335587  6.168860E-18
 7104.27709131096  6.095544E-18
 7106.34872926604  5.967404E-18
 7108.42036722113  5.972409E-18
 7110.49200517622  6.365875E-18
 7112.56364313131  6.265124E-18
 7114.63528108639  6.153154E-18
 7116.70691904148  5.960711E-18
 7118.77855699657  6.279279E-18
 7120.85019495166  6.479279E-18
 7122.92183290675  6.669523E-18
 7124.99347086183  6.973072E-18
 7127.06510881692  6.941028E-18
 7129.13674677201  7.145325E-18
 7131.2083847271   7.765032E-18
 7133.28002268218  6.584412E-18
 7135.35166063727  7.013650E-18
 7137.42329859236  7.178239E-18
 7139.49493654745  6.403006E-18
 7141.56657450253  5.817952E-18
 7143.63821245762  5.481156E-18
 7145.70985041271  5.483709E-18
 7147.7814883678   5.855851E-18
 7149.85312632288  6.060702E-18
 7151.92476427797  5.556705E-18
 7153.99640223306  5.171817E-18
 7156.06804018815  5.139053E-18
 7158.13967814324  5.220210E-18
 7160.21131609832  5.887337E-18
 7162.28295405341  6.771229E-18
 7164.3545920085   6.614701E-18
 7166.42622996359  7.767846E-18
 7168.49786791867  8.369546E-18
 7170.56950587376  8.085593E-18
 7172.64114382885  7.802188E-18
 7174.71278178394  7.932164E-18
 7176.78441973903  8.139418E-18
 7178.85605769411  7.955569E-18
 7180.9276956492   7.576199E-18
 7182.99933360429  7.355696E-18
 7185.07097155938  7.002001E-18
 7187.14260951446  7.311500E-18
 7189.21424746955  7.189722E-18
 7191.28588542464  7.203272E-18
 7193.35752337973  7.612250E-18
 7195.42916133481  7.164852E-18
 7197.5007992899   7.584169E-18
 7199.57243724499  7.594784E-18
 7201.64407520008  6.527792E-18
 7203.71571315517  6.587463E-18
 7205.78735111025  7.080548E-18
 7207.85898906534  7.024429E-18
 7209.93062702043  7.089120E-18
 7212.00226497552  7.075265E-18
 7214.07390293061  6.840155E-18
 7216.14554088569  7.882453E-18
 7218.21717884078  7.663248E-18
 7220.28881679587  6.654650E-18
 7222.36045475096  6.053625E-18
 7224.43209270604  6.400811E-18
 7226.50373066113  6.868685E-18
 7228.57536861622  6.596149E-18
 7230.64700657131  6.847126E-18
 7232.71864452639  6.375546E-18
 7234.79028248148  6.851385E-18
 7236.86192043657  6.894603E-18
 7238.93355839166  5.470348E-18
 7241.00519634674  6.629534E-18
 7243.07683430183  9.332725E-18
 7245.14847225692  8.021368E-18
 7247.22011021201  7.877652E-18
 7249.2917481671   7.751224E-18
 7251.36338612218  8.281704E-18
 7253.43502407727  7.806932E-18
 7255.50666203236  7.284829E-18
 7257.57829998745  7.635899E-18
 7259.64993794253  7.555092E-18
 7261.72157589762  7.242814E-18
 7263.79321385271  7.403438E-18
 7265.8648518078   7.561815E-18
 7267.93648976289  8.178575E-18
 7270.00812771797  8.156414E-18
 7272.07976567306  8.389502E-18
 7274.15140362815  8.763244E-18
 7276.22304158324  8.425298E-18
 7278.29467953832  8.645658E-18
 7280.36631749341  8.571831E-18
 7282.4379554485   9.498301E-18
 7284.50959340359  9.186191E-18
 7286.58123135867  8.886517E-18
 7288.65286931376  8.602113E-18
 7290.72450726885  8.331440E-18
 7292.79614522394  8.899280E-18
 7294.86778317902  8.918249E-18
 7296.93942113411  9.357087E-18
 7299.0110590892   8.733759E-18
 7301.08269704429  9.821622E-18
 7303.15433499938  1.113421E-17
 7305.22597295446  1.130847E-17
 7307.29761090955  1.188877E-17
 7309.36924886464  1.302267E-17
 7311.44088681973  1.289748E-17
 7313.51252477481  1.174881E-17
 7315.5841627299   1.120478E-17
 7317.65580068499  9.737664E-18
 7319.72743864008  9.400408E-18
 7321.79907659517  1.001113E-17
 7323.87071455025  9.639430E-18
 7325.94235250534  9.424870E-18
 7328.01399046043  9.035565E-18
 7330.08562841552  8.836832E-18
 7332.1572663706   9.794600E-18
 7334.22890432569  1.054971E-17
 7336.30054228078  1.097306E-17
 7338.37218023587  1.052080E-17
 7340.44381819095  9.823911E-18
 7342.51545614604  1.109687E-17
 7344.58709410113  1.114538E-17
 7346.65873205622  9.809249E-18
 7348.73037001131  1.003631E-17
 7350.80200796639  1.036748E-17
 7352.87364592148  9.589785E-18
 7354.94528387657  8.804263E-18
 7357.01692183166  8.829404E-18
 7359.08855978674  9.165807E-18
 7361.16019774183  8.624820E-18
 7363.23183569692  8.984545E-18
 7365.30347365201  8.870371E-18
 7367.37511160709  8.797254E-18
 7369.44674956218  7.949531E-18
 7371.51838751727  7.132037E-18
 7373.59002547236  8.287092E-18
 7375.66166342745  8.233719E-18
 7377.73330138253  8.188318E-18
 7379.80493933762  8.211282E-18
 7381.87657729271  8.023483E-18
 7383.9482152478   8.225640E-18
 7386.01985320288  8.376473E-18
 7388.09149115797  8.363771E-18
 7390.16312911306  8.984289E-18
 7392.23476706815  8.928385E-18
 7394.30640502323  9.477664E-18
 7396.37804297832  9.681780E-18
 7398.44968093341  9.224899E-18
 7400.5213188885   8.937590E-18
 7402.59295684358  9.083737E-18
 7404.66459479867  9.088593E-18
 7406.73623275376  8.729096E-18
 7408.80787070885  8.421517E-18
 7410.87950866394  8.458406E-18
 7412.95114661902  8.668309E-18
 7415.02278457411  8.429412E-18
 7417.0944225292   7.955352E-18
 7419.16606048429  8.194279E-18
 7421.23769843938  8.637539E-18
 7423.30933639446  7.838336E-18
 7425.38097434955  7.706972E-18
 7427.45261230464  8.215091E-18
 7429.52425025973  7.855400E-18
 7431.59588821481  8.099401E-18
 7433.6675261699   8.486803E-18
 7435.73916412499  7.796788E-18
 7437.81080208008  8.048692E-18
 7439.88244003517  8.023041E-18
 7441.95407799025  7.786808E-18
 7444.02571594534  7.802988E-18
 7446.09735390043  8.535498E-18
 7448.16899185552  8.433323E-18
 7450.2406298106   8.079058E-18
 7452.31226776569  8.664025E-18
 7454.38390572078  7.649146E-18
 7456.45554367587  8.143997E-18
 7458.52718163095  8.393091E-18
 7460.59881958604  8.667337E-18
 7462.67045754113  8.960374E-18
 7464.74209549622  8.967702E-18
 7466.8137334513   8.819958E-18
 7468.88537140639  8.447976E-18
 7470.95700936148  8.242676E-18
 7473.02864731657  7.914199E-18
 7475.10028527165  7.978174E-18
 7477.17192322674  8.082710E-18
 7479.24356118183  8.349619E-18
 7481.31519913692  8.090494E-18
 7483.386837092    7.220986E-18
 7485.45847504709  7.875424E-18
 7487.53011300218  7.907798E-18
 7489.60175095727  7.577449E-18
 7491.67338891236  7.713440E-18
 7493.74502686744  7.609602E-18
 7495.81666482253  7.380750E-18
 7497.88830277762  7.815559E-18
 7499.95994073271  8.207450E-18
 7502.0315786878   7.928491E-18
 7504.10321664288  7.849630E-18
 7506.17485459797  7.669528E-18
 7508.24649255306  7.842517E-18
 7510.31813050815  8.229957E-18
 7512.38976846324  7.971187E-18
 7514.46140641832  7.629111E-18
 7516.53304437341  8.247778E-18
 7518.6046823285   8.167576E-18
 7520.67632028359  8.629208E-18
 7522.74795823867  7.670303E-18
 7524.81959619376  7.020614E-18
 7526.89123414885  7.409169E-18
 7528.96287210394  7.473778E-18
 7531.03451005903  8.007714E-18
 7533.10614801411  8.082564E-18
 7535.1777859692   7.954328E-18
 7537.24942392429  7.832773E-18
 7539.32106187938  8.104797E-18
 7541.39269983446  8.205063E-18
 7543.46433778955  7.856269E-18
 7545.53597574464  7.674743E-18
 7547.60761369973  7.641006E-18
 7549.67925165481  8.003981E-18
 7551.7508896099   7.687937E-18
 7553.82252756499  7.269606E-18
 7555.89416552008  7.744993E-18
 7557.96580347516  8.011076E-18
 7560.03744143025  7.454701E-18
 7562.10907938534  7.769655E-18
 7564.18071734043  8.314009E-18
 7566.25235529551  8.287743E-18
 7568.3239932506   7.595716E-18
 7570.39563120569  7.499322E-18
 7572.46726916078  7.808311E-18
 7574.53890711586  7.939141E-18
 7576.61054507095  8.102850E-18
 7578.68218302604  7.632582E-18
 7580.75382098113  7.938743E-18
 7582.82545893622  7.962098E-18
 7584.8970968913   8.054327E-18
 7586.96873484639  8.631382E-18
 7589.04037280148  8.675969E-18
 7591.11201075657  7.955637E-18
 7593.18364871165  7.862032E-18
 7595.25528666674  6.777765E-18
 7597.32692462183  5.170126E-18
 7599.39856257692  4.947601E-18
 7601.47020053201  5.954912E-18
 7603.54183848709  5.585655E-18
 7605.61347644218  4.392360E-18
 7607.68511439727  5.207284E-18
 7609.75675235236  6.517013E-18
 7611.82839030745  7.703993E-18
 7613.90002826253  8.666902E-18
 7615.97166621762  8.589341E-18
 7618.04330417271  9.209681E-18
 7620.1149421278   9.421044E-18
 7622.18658008288  7.169154E-18
 7624.25821803797  7.038150E-18
 7626.32985599306  7.344892E-18
 7628.40149394815  8.266279E-18
 7630.47313190323  8.127909E-18
 7632.54476985832  7.300338E-18
 7634.61640781341  7.672337E-18
 7636.6880457685   8.385070E-18
 7638.75968372358  8.046723E-18
 7640.83132167867  7.907565E-18
 7642.90295963376  7.374903E-18
 7644.97459758885  7.541523E-18
 7647.04623554393  8.289131E-18
 7649.11787349902  8.760722E-18
 7651.18951145411  8.388258E-18
 7653.2611494092   7.910243E-18
 7655.33278736428  8.836915E-18
 7657.40442531937  8.386793E-18
 7659.47606327446  8.122429E-18
 7661.54770122955  9.161432E-18
 7663.61933918464  9.330000E-18
 7665.69097713972  7.959606E-18
 7667.76261509481  7.235503E-18
 7669.8342530499   7.292703E-18
 7671.90589100499  6.675176E-18
 7673.97752896007  5.319282E-18
 7676.04916691516  4.487243E-18
 7678.12080487025  4.989359E-18
 7680.19244282534  6.655812E-18
 7682.26408078043  8.320122E-18
 7684.33571873551  8.873825E-18
 7686.4073566906   9.452981E-18
 7688.47899464569  9.579519E-18
 7690.55063260078  9.860416E-18
 7692.62227055587  9.630583E-18
 7694.69390851095  8.879548E-18
 7696.76554646604  8.450926E-18
 7698.83718442113  7.754317E-18
 7700.90882237622  7.202160E-18
 7702.9804603313   7.780434E-18
 7705.05209828639  7.533035E-18
 7707.12373624148  6.077440E-18
 7709.19537419657  4.809511E-18
 7711.26701215165  5.012540E-18
 7713.33865010674  6.258773E-18
 7715.41028806183  6.771669E-18
 7717.48192601692  8.779518E-18
 7719.553563972    1.039291E-17
 7721.62520192709  9.676009E-18
 7723.69683988218  9.448590E-18
 7725.76847783727  1.031385E-17
 7727.84011579235  9.299547E-18
 7729.91175374744  8.339761E-18
 7731.98339170253  7.808340E-18
 7734.05502965762  8.314268E-18
 7736.1266676127   8.673496E-18
 7738.19830556779  8.121088E-18
 7740.26994352288  7.754855E-18
 7742.34158147797  8.342718E-18
 7744.41321943306  8.489355E-18
 7746.48485738814  7.638163E-18
 7748.55649534323  8.741850E-18
 7750.62813329832  8.889457E-18
 7752.69977125341  8.604930E-18
 7754.77140920849  9.023155E-18
 7756.84304716358  8.898971E-18
 7758.91468511867  8.701773E-18
 7760.98632307376  8.050534E-18
 7763.05796102885  7.779297E-18
 7765.12959898393  8.101905E-18
 7767.20123693902  8.105792E-18
 7769.27287489411  7.662088E-18
 7771.3445128492   7.505052E-18
 7773.41615080428  7.656852E-18
 7775.48778875937  7.646392E-18
 7777.55942671446  7.613078E-18
 7779.63106466955  7.623571E-18
 7781.70270262464  8.081791E-18
 7783.77434057972  8.073694E-18
 7785.84597853481  7.867785E-18
 7787.9176164899   8.352589E-18
 7789.98925444499  7.089954E-18
 7792.06089240007  7.158404E-18
 7794.13253035516  8.909284E-18
 7796.20416831025  8.601216E-18
 7798.27580626534  7.849077E-18
 7800.34744422042  8.486436E-18
 7802.41908217551  8.427716E-18
 7804.4907201306   8.798178E-18
 7806.56235808569  7.463541E-18
 7808.63399604077  7.955755E-18
 7810.70563399586  8.719003E-18
 7812.77727195095  8.488138E-18
 7814.84890990604  8.222390E-18
 7816.92054786113  7.980773E-18
 7818.99218581621  7.611500E-18
 7821.0638237713   7.007958E-18
 7823.13546172639  7.622773E-18
 7825.20709968148  8.197052E-18
 7827.27873763656  8.606980E-18
 7829.35037559165  8.854226E-18
 7831.42201354674  8.233432E-18
 7833.49365150183  7.993963E-18
 7835.56528945691  8.585752E-18
 7837.636927412    8.177442E-18
 7839.70856536709  8.199284E-18
 7841.78020332218  8.297893E-18
 7843.85184127727  7.665300E-18
 7845.92347923235  7.290469E-18
 7847.99511718744  7.410810E-18
