 3624.             0.
 3625.92036172611  3.140949E-17
 3627.84072345223  3.329196E-16
 3629.76108517834  4.906154E-16
 3631.68144690446  2.123919E-16
 3633.60180863057  -1.941661E-19
 3635.52217035669  1.599379E-16
 3637.4425320828   3.556665E-16
 3639.36289380892  1.573607E-16
 3641.28325553503  2.748640E-16
 3643.20361726114  4.132960E-16
 3645.12397898726  3.354195E-16
 3647.04434071337  3.877038E-16
 3648.96470243949  2.596278E-16
 3650.8850641656   1.420069E-16
 3652.80542589171  1.827707E-16
 3654.72578761783  2.241778E-16
 3656.64614934394  2.389947E-16
 3658.56651107006  2.229014E-16
 3660.48687279617  2.051094E-16
 3662.40723452229  1.873176E-16
 3664.3275962484   1.695250E-16
 3666.24795797451  1.517324E-16
 3668.16831970063  2.825653E-16
 3670.08868142674  3.386154E-16
 3672.00904315286  1.716807E-16
 3673.92940487897  3.779300E-16
 3675.84976660509  2.008148E-16
 3677.7701283312   1.001775E-16
 3679.69049005732  3.006698E-16
 3681.61085178343  2.119141E-16
 3683.53121350954  1.005624E-16
 3685.45157523566  1.174855E-16
 3687.37193696177  1.653834E-16
 3689.29229868789  3.189325E-16
 3691.212660414    2.752011E-16
 3693.13302214012  2.495656E-16
 3695.05338386623  1.913651E-16
 3696.97374559234  2.311504E-16
 3698.89410731846  2.322597E-16
 3700.81446904457  1.682170E-16
 3702.73483077069  3.008808E-16
 3704.6551924968   2.654572E-16
 3706.57555422292  2.849330E-16
 3708.49591594903  3.070701E-16
 3710.41627767514  3.357185E-16
 3712.33663940126  3.530879E-16
 3714.25700112737  2.901278E-16
 3716.17736285349  2.257955E-16
 3718.0977245796   2.436241E-16
 3720.01808630572  1.966595E-16
 3721.93844803183  2.060434E-16
 3723.85880975794  2.046758E-16
 3725.77917148406  2.042179E-16
 3727.69953321017  2.418906E-16
 3729.61989493629  1.833056E-16
 3731.5402566624   2.699344E-16
 3733.46061838852  3.043279E-16
 3735.38098011463  2.218814E-16
 3737.30134184074  2.678976E-16
 3739.22170356686  1.429272E-16
 3741.14206529297  1.990160E-16
 3743.06242701909  2.283900E-16
 3744.9827887452   1.944934E-16
 3746.90315047132  2.515120E-16
 3748.82351219743  3.254582E-16
 3750.74387392354  2.201947E-16
 3752.66423564966  2.818434E-16
 3754.58459737577  1.968563E-16
 3756.50495910189  2.538942E-16
 3758.425320828    2.376144E-16
 3760.34568255412  2.298537E-16
 3762.26604428023  2.277344E-16
 3764.18640600634  2.018786E-16
 3766.10676773246  2.357920E-16
 3768.02712945857  2.389212E-16
 3769.94749118469  2.964804E-16
 3771.8678529108   2.573436E-16
 3773.78821463692  2.131976E-16
 3775.70857636303  2.201718E-16
 3777.62893808914  4.987517E-16
 3779.54929981526  2.591226E-16
 3781.46966154137  2.240063E-16
 3783.39002326749  2.877212E-16
 3785.3103849936   3.262294E-16
 3787.23074671972  2.708110E-16
 3789.15110844583  2.206379E-16
 3791.07147017194  6.341193E-17
 3792.99183189806  2.771827E-16
 3794.91219362417  3.161768E-16
 3796.83255535029  3.407872E-16
 3798.7529170764   2.179879E-16
 3800.67327880252  2.841135E-16
 3802.59364052863  2.954697E-16
 3804.51400225474  2.975206E-16
 3806.43436398086  3.091245E-16
 3808.35472570697  2.947995E-16
 3810.27508743309  2.109225E-16
 3812.1954491592   1.392785E-16
 3814.11581088532  1.871470E-16
 3816.03617261143  1.534068E-16
 3817.95653433754  2.077447E-16
 3819.87689606366  2.441964E-16
 3821.79725778977  2.925373E-16
 3823.71761951589  2.538187E-16
 3825.637981242    2.721105E-16
 3827.55834296812  2.792767E-16
 3829.47870469423  2.997036E-16
 3831.39906642034  3.051198E-16
 3833.31942814646  2.933433E-16
 3835.23978987257  2.766696E-16
 3837.16015159869  2.589507E-16
 3839.0805133248   2.534214E-16
 3841.00087505092  3.989213E-16
 3842.92123677703  3.759833E-16
 3844.84159850315  2.631296E-16
 3846.76196022926  3.032187E-16
 3848.68232195537  2.728193E-16
 3850.60268368149  2.559787E-16
 3852.5230454076   2.882023E-16
 3854.44340713372  2.987403E-16
 3856.36376885983  2.509476E-16
 3858.28413058594  2.486061E-16
 3860.20449231206  2.308143E-16
 3862.12485403817  2.551420E-16
 3864.04521576429  3.018212E-16
 3865.9655774904   2.643059E-16
 3867.88593921652  2.298270E-16
 3869.80630094263  2.573052E-16
 3871.72666266874  2.710787E-16
 3873.64702439486  2.866165E-16
 3875.56738612097  2.782772E-16
 3877.48774784709  2.887166E-16
 3879.4081095732   2.536913E-16
 3881.32847129932  2.928515E-16
 3883.24883302543  2.492060E-16
 3885.16919475154  2.722314E-16
 3887.08955647766  2.595018E-16
 3889.00991820377  2.828908E-16
 3890.93027992989  2.430752E-16
 3892.850641656    2.615520E-16
 3894.77100338212  2.906397E-16
 3896.69136510823  2.477281E-16
 3898.61172683435  2.686041E-16
 3900.53208856046  2.607731E-16
 3902.45245028657  2.514000E-16
 3904.37281201269  2.522065E-16
 3906.2931737388   2.690281E-16
 3908.21353546492  2.309502E-16
 3910.13389719103  2.690095E-16
 3912.05425891714  2.504884E-16
 3913.97462064326  2.050512E-16
 3915.89498236937  2.691168E-16
 3917.81534409549  2.457502E-16
 3919.7357058216   2.941919E-16
 3921.65606754772  2.756709E-16
 3923.57642927383  2.602858E-16
 3925.49679099994  2.666349E-16
 3927.41715272606  2.669180E-16
 3929.33751445217  2.915482E-16
 3931.25787617829  2.608799E-16
 3933.1782379044   2.620146E-16
 3935.09859963052  2.502481E-16
 3937.01896135663  2.701855E-16
 3938.93932308275  2.311436E-16
 3940.85968480886  2.468162E-16
 3942.78004653497  2.448596E-16
 3944.70040826109  1.969985E-16
 3946.6207699872   1.708333E-16
 3948.54113171332  1.195731E-16
 3950.46149343943  7.422334E-17
 3952.38185516555  8.492185E-17
 3954.30221689166  7.779716E-17
 3956.22257861778  1.470810E-16
 3958.14294034389  1.518247E-16
 3960.06330207     2.398100E-16
 3961.98366379612  2.592788E-16
 3963.90402552223  2.559087E-16
 3965.82438724835  2.444330E-16
 3967.74474897446  2.419344E-16
 3969.66511070057  2.807250E-16
 3971.58547242669  2.553440E-16
 3973.5058341528   2.448403E-16
 3975.42619587892  3.019947E-16
 3977.34655760503  2.527072E-16
 3979.26691933115  2.429417E-16
 3981.18728105726  2.171741E-16
 3983.10764278337  1.846683E-16
 3985.02800450949  9.785044E-17
 3986.9483662356   1.527328E-16
 3988.86872796172  1.517284E-16
 3990.78908968783  2.084041E-16
 3992.70945141395  2.550076E-16
 3994.62981314006  2.412259E-16
 3996.55017486617  2.441309E-16
 3998.47053659229  2.990866E-16
 4000.3908983184   2.678416E-16
 4002.31126004452  2.743491E-16
 4004.23162177063  2.750167E-16
 4006.15198349675  2.771631E-16
 4008.07234522286  2.574212E-16
 4009.99270694898  2.863340E-16
 4011.91306867509  2.767689E-16
 4013.8334304012   2.982358E-16
 4015.75379212732  2.692162E-16
 4017.67415385343  2.694845E-16
 4019.59451557955  2.838214E-16
 4021.51487730566  2.682920E-16
 4023.43523903178  2.602762E-16
 4025.35560075789  2.869389E-16
 4027.275962484    2.830361E-16
 4029.19632421012  3.036660E-16
 4031.11668593623  2.948215E-16
 4033.03704766235  2.557397E-16
 4034.95740938846  2.689072E-16
 4036.87777111458  2.872725E-16
 4038.79813284069  2.880456E-16
 4040.7184945668   3.135251E-16
 4042.63885629292  2.962673E-16
 4044.55921801903  2.920036E-16
 4046.47957974515  2.918338E-16
 4048.39994147126  3.186874E-16
 4050.32030319738  2.709915E-16
 4052.24066492349  2.386218E-16
 4054.1610266496   2.591878E-16
 4056.08138837572  3.014797E-16
 4058.00175010183  2.799995E-16
 4059.92211182795  2.864508E-16
 4061.84247355406  2.850328E-16
 4063.76283528018  2.946422E-16
 4065.68319700629  2.689880E-16
 4067.6035587324   2.349544E-16
 4069.52392045852  2.155815E-16
 4071.44428218463  2.680172E-16
 4073.36464391075  2.885506E-16
 4075.28500563686  2.954978E-16
 4077.20536736298  2.981588E-16
 4079.12572908909  3.034323E-16
 4081.0460908152   3.287799E-16
 4082.96645254132  3.159800E-16
 4084.88681426743  2.785389E-16
 4086.80717599355  2.771096E-16
 4088.72753771966  2.923349E-16
 4090.64789944578  3.247420E-16
 4092.56826117189  2.734799E-16
 4094.488622898    2.671963E-16
 4096.40898462412  2.767005E-16
 4098.32934635023  2.636082E-16
 4100.24970807635  2.694822E-16
 4102.17006980246  2.567459E-16
 4104.09043152858  2.730646E-16
 4106.01079325469  2.617554E-16
 4107.93115498081  3.076967E-16
 4109.85151670692  3.249615E-16
 4111.77187843303  3.265125E-16
 4113.69224015915  3.209914E-16
 4115.61260188526  3.429016E-16
 4117.53296361138  3.361899E-16
 4119.45332533749  3.565074E-16
 4121.3736870636   3.315979E-16
 4123.29404878972  3.275179E-16
 4125.21441051583  3.387067E-16
 4127.13477224195  3.168622E-16
 4129.05513396806  3.299437E-16
 4130.97549569418  2.980217E-16
 4132.89585742029  3.109282E-16
 4134.8162191464   2.871037E-16
 4136.73658087252  2.886462E-16
 4138.65694259863  3.157299E-16
 4140.57730432475  2.857345E-16
 4142.49766605086  2.949313E-16
 4144.41802777698  3.242920E-16
 4146.33838950309  2.956960E-16
 4148.25875122921  3.064699E-16
 4150.17911295532  2.647398E-16
 4152.09947468143  2.465744E-16
 4154.01983640755  2.670712E-16
 4155.94019813366  2.857988E-16
 4157.86055985978  2.926146E-16
 4159.78092158589  3.083548E-16
 4161.70128331201  2.480377E-16
 4163.62164503812  2.932063E-16
 4165.54200676423  2.666364E-16
 4167.46236849035  2.809227E-16
 4169.38273021646  2.607355E-16
 4171.30309194258  2.908452E-16
 4173.22345366869  3.048157E-16
 4175.14381539481  3.070091E-16
 4177.06417712092  2.670161E-16
 4178.98453884703  2.518936E-16
 4180.90490057315  2.822503E-16
 4182.82526229926  2.389312E-16
 4184.74562402538  2.596630E-16
 4186.66598575149  2.713529E-16
 4188.5863474776   2.822340E-16
 4190.50670920372  2.996272E-16
 4192.42707092983  2.612633E-16
 4194.34743265595  2.684929E-16
 4196.26779438206  2.927717E-16
 4198.18815610818  2.700847E-16
 4200.10851783429  2.448814E-16
 4202.02887956041  2.782117E-16
 4203.94924128652  3.134835E-16
 4205.86960301263  2.522095E-16
 4207.78996473875  2.850919E-16
 4209.71032646486  2.908304E-16
 4211.63068819098  2.649394E-16
 4213.55104991709  2.973339E-16
 4215.47141164321  3.122654E-16
 4217.39177336932  2.938801E-16
 4219.31213509543  2.792727E-16
 4221.23249682155  2.618987E-16
 4223.15285854766  2.914109E-16
 4225.07322027378  2.697522E-16
 4226.99358199989  2.420467E-16
 4228.91394372601  2.560792E-16
 4230.83430545212  2.827060E-16
 4232.75466717823  2.649380E-16
 4234.67502890435  2.712343E-16
 4236.59539063046  2.655750E-16
 4238.51575235658  2.831597E-16
 4240.43611408269  2.986436E-16
 4242.35647580881  2.883710E-16
 4244.27683753492  2.486321E-16
 4246.19719926103  2.742710E-16
 4248.11756098715  2.859761E-16
 4250.03792271326  2.849049E-16
 4251.95828443938  2.838336E-16
 4253.87864616549  2.827626E-16
 4255.79900789161  2.941131E-16
 4257.71936961772  2.727505E-16
 4259.63973134383  2.555555E-16
 4261.56009306995  2.239740E-16
 4263.48045479606  3.145864E-16
 4265.40081652218  2.885034E-16
 4267.32117824829  3.060220E-16
 4269.24153997441  3.047643E-16
 4271.16190170052  2.905642E-16
 4273.08226342663  2.850143E-16
 4275.00262515275  2.907012E-16
 4276.92298687886  2.830746E-16
 4278.84334860498  2.946043E-16
 4280.76371033109  2.840586E-16
 4282.68407205721  3.075789E-16
 4284.60443378332  2.770535E-16
 4286.52479550943  2.912730E-16
 4288.44515723555  2.955845E-16
 4290.36551896166  2.880410E-16
 4292.28588068778  2.801577E-16
 4294.20624241389  2.880815E-16
 4296.12660414001  2.808219E-16
 4298.04696586612  2.781006E-16
 4299.96732759223  2.499429E-16
 4301.88768931835  2.891948E-16
 4303.80805104446  2.926862E-16
 4305.72841277058  2.862611E-16
 4307.64877449669  3.064024E-16
 4309.56913622281  2.804281E-16
 4311.48949794892  2.704931E-16
 4313.40985967504  2.685873E-16
 4315.33022140115  2.622442E-16
 4317.25058312726  2.631092E-16
 4319.17094485338  2.627585E-16
 4321.09130657949  2.818002E-16
 4323.01166830561  2.825724E-16
 4324.93203003172  2.843501E-16
 4326.85239175783  2.916622E-16
 4328.77275348395  2.900711E-16
 4330.69311521006  2.985635E-16
 4332.61347693618  2.916571E-16
 4334.53383866229  3.104370E-16
 4336.45420038841  3.021476E-16
 4338.37456211452  3.031689E-16
 4340.29492384064  3.027558E-16
 4342.21528556675  3.119586E-16
 4344.13564729286  3.228307E-16
 4346.05600901898  2.955514E-16
 4347.97637074509  3.151000E-16
 4349.89673247121  3.264926E-16
 4351.81709419732  3.364046E-16
 4353.73745592343  3.364779E-16
 4355.65781764955  3.178459E-16
 4357.57817937566  3.164404E-16
 4359.49854110178  3.477205E-16
 4361.41890282789  3.080694E-16
 4363.33926455401  3.397790E-16
 4365.25962628012  3.422602E-16
 4367.17998800624  3.312267E-16
 4369.10034973235  3.076800E-16
 4371.02071145846  3.295506E-16
 4372.94107318458  3.135004E-16
 4374.86143491069  3.055307E-16
 4376.78179663681  3.272424E-16
 4378.70215836292  3.238795E-16
 4380.62252008904  3.468536E-16
 4382.54288181515  3.337852E-16
 4384.46324354126  3.328473E-16
 4386.38360526738  3.074434E-16
 4388.30396699349  2.976747E-16
 4390.22432871961  2.924139E-16
 4392.14469044572  2.673493E-16
 4394.06505217183  2.887308E-16
 4395.98541389795  2.887937E-16
 4397.90577562406  2.828937E-16
 4399.82613735018  3.077283E-16
 4401.74649907629  2.963395E-16
 4403.66686080241  2.845670E-16
 4405.58722252852  2.831457E-16
 4407.50758425464  2.880731E-16
 4409.42794598075  2.985066E-16
 4411.34830770686  3.104693E-16
 4413.26866943298  2.836748E-16
 4415.18903115909  2.664864E-16
 4417.10939288521  2.667580E-16
 4419.02975461132  2.853498E-16
 4420.95011633744  2.968930E-16
 4422.87047806355  2.838348E-16
 4424.79083978966  2.933583E-16
 4426.71120151578  2.982266E-16
 4428.63156324189  2.730824E-16
 4430.55192496801  2.744248E-16
 4432.47228669412  2.769387E-16
 4434.39264842024  2.688886E-16
 4436.31301014635  2.629827E-16
 4438.23337187246  2.746466E-16
 4440.15373359858  2.733659E-16
 4442.07409532469  2.616874E-16
 4443.99445705081  3.009527E-16
 4445.91481877692  3.067846E-16
 4447.83518050304  2.952116E-16
 4449.75554222915  2.987097E-16
 4451.67590395526  2.759846E-16
 4453.59626568138  2.817037E-16
 4455.51662740749  2.779544E-16
 4457.43698913361  2.883670E-16
 4459.35735085972  2.897882E-16
 4461.27771258584  2.777644E-16
 4463.19807431195  2.762391E-16
 4465.11843603806  3.019409E-16
 4467.03879776418  2.894977E-16
 4468.95915949029  2.782604E-16
 4470.87952121641  2.715572E-16
 4472.79988294252  2.862697E-16
 4474.72024466864  2.964206E-16
 4476.64060639475  2.861683E-16
 4478.56096812086  2.948990E-16
 4480.48132984698  3.080946E-16
 4482.40169157309  2.878408E-16
 4484.32205329921  2.779318E-16
 4486.24241502532  2.799399E-16
 4488.16277675144  2.671438E-16
 4490.08313847755  2.821628E-16
 4492.00350020366  2.935010E-16
 4493.92386192978  3.032584E-16
 4495.84422365589  3.321002E-16
 4497.76458538201  2.829129E-16
 4499.68494710812  3.024100E-16
 4501.60530883424  3.104559E-16
 4503.52567056035  2.990760E-16
 4505.44603228647  3.027381E-16
 4507.36639401258  2.803000E-16
 4509.28675573869  2.631060E-16
 4511.20711746481  2.674447E-16
 4513.12747919092  2.881180E-16
 4515.04784091704  3.224658E-16
 4516.96820264315  3.010552E-16
 4518.88856436927  3.000256E-16
 4520.80892609538  3.043703E-16
 4522.72928782149  2.964318E-16
 4524.64964954761  2.721526E-16
 4526.57001127372  2.859510E-16
 4528.49037299984  3.066285E-16
 4530.41073472595  3.163196E-16
 4532.33109645207  3.119595E-16
 4534.25145817818  2.906871E-16
 4536.17181990429  2.802266E-16
 4538.09218163041  2.910952E-16
 4540.01254335652  3.137765E-16
 4541.93290508264  3.108180E-16
 4543.85326680875  2.962219E-16
 4545.77362853487  3.093457E-16
 4547.69399026098  2.973676E-16
 4549.61435198709  2.746935E-16
 4551.53471371321  3.124067E-16
 4553.45507543932  2.846805E-16
 4555.37543716544  2.931605E-16
 4557.29579889155  3.094401E-16
 4559.21616061767  3.009037E-16
 4561.13652234378  2.966482E-16
 4563.05688406989  3.149361E-16
 4564.97724579601  3.152683E-16
 4566.89760752212  3.115583E-16
 4568.81796924824  2.896683E-16
 4570.73833097435  2.820758E-16
 4572.65869270047  2.975250E-16
 4574.57905442658  2.899103E-16
 4576.49941615269  2.894493E-16
 4578.41977787881  2.832095E-16
 4580.34013960492  2.880801E-16
 4582.26050133104  2.842089E-16
 4584.18086305715  3.091944E-16
 4586.10122478327  3.010033E-16
 4588.02158650938  2.822561E-16
 4589.94194823549  3.111855E-16
 4591.86230996161  3.067155E-16
 4593.78267168772  3.002981E-16
 4595.70303341384  3.107092E-16
 4597.62339513995  3.211922E-16
 4599.54375686607  3.075756E-16
 4601.46411859218  3.082255E-16
 4603.38448031829  3.057825E-16
 4605.30484204441  3.044042E-16
 4607.22520377052  2.976699E-16
 4609.14556549664  2.757374E-16
 4611.06592722275  3.067834E-16
 4612.98628894887  2.778357E-16
 4614.90665067498  2.894128E-16
 4616.82701240109  2.787942E-16
 4618.74737412721  2.890709E-16
 4620.66773585332  2.896330E-16
 4622.58809757944  2.945597E-16
 4624.50845930555  3.064449E-16
 4626.42882103167  2.921348E-16
 4628.34918275778  2.841106E-16
 4630.26954448389  2.834523E-16
 4632.18990621001  2.943701E-16
 4634.11026793612  2.912416E-16
 4636.03062966224  2.896596E-16
 4637.95099138835  2.729263E-16
 4639.87135311447  2.769991E-16
 4641.79171484058  2.786671E-16
 4643.7120765667   2.849467E-16
 4645.63243829281  2.807299E-16
 4647.55280001892  2.889499E-16
 4649.47316174504  3.022282E-16
 4651.39352347115  2.939998E-16
 4653.31388519727  2.871038E-16
 4655.23424692338  2.875378E-16
 4657.15460864949  2.849122E-16
 4659.07497037561  2.906720E-16
 4660.99533210172  2.727922E-16
 4662.91569382784  2.862973E-16
 4664.83605555395  3.094756E-16
 4666.75641728007  3.002511E-16
 4668.67677900618  2.942915E-16
 4670.59714073229  2.905202E-16
 4672.51750245841  2.737253E-16
 4674.43786418452  2.945635E-16
 4676.35822591064  2.929344E-16
 4678.27858763675  2.816380E-16
 4680.19894936287  2.882709E-16
 4682.11931108898  2.834664E-16
 4684.0396728151   2.806568E-16
 4685.96003454121  2.970960E-16
 4687.88039626732  2.914370E-16
 4689.80075799344  2.773962E-16
 4691.72111971955  2.829135E-16
 4693.64148144567  2.792506E-16
 4695.56184317178  2.958979E-16
 4697.48220489789  2.704210E-16
 4699.40256662401  2.828549E-16
 4701.32292835013  2.715885E-16
 4703.24329007624  2.628403E-16
 4705.16365180235  2.646063E-16
 4707.08401352847  2.586190E-16
 4709.00437525458  2.849949E-16
 4710.9247369807   2.863426E-16
 4712.84509870681  2.580812E-16
 4714.76546043292  2.659669E-16
 4716.68582215904  2.751653E-16
 4718.60618388515  2.768610E-16
 4720.52654561127  2.871811E-16
 4722.44690733738  2.604171E-16
 4724.3672690635   2.678564E-16
 4726.28763078961  2.642369E-16
 4728.20799251572  2.873408E-16
 4730.12835424184  2.722831E-16
 4732.04871596795  2.630822E-16
 4733.96907769407  2.693557E-16
 4735.88943942018  2.652303E-16
 4737.8098011463   2.760065E-16
 4739.73016287241  2.736106E-16
 4741.65052459852  2.747618E-16
 4743.57088632464  2.834689E-16
 4745.49124805075  2.752601E-16
 4747.41160977687  2.569641E-16
 4749.33197150298  2.554264E-16
 4751.2523332291   2.682173E-16
 4753.17269495521  2.911865E-16
 4755.09305668132  2.972676E-16
 4757.01341840744  2.767551E-16
 4758.93378013355  2.654676E-16
 4760.85414185967  2.551346E-16
 4762.77450358578  2.704517E-16
 4764.6948653119   2.560870E-16
 4766.61522703801  2.484684E-16
 4768.53558876412  2.826041E-16
 4770.45595049024  2.723803E-16
 4772.37631221635  2.619755E-16
 4774.29667394247  2.758770E-16
 4776.21703566858  2.948371E-16
 4778.1373973947   2.719237E-16
 4780.05775912081  2.707569E-16
 4781.97812084692  2.834250E-16
 4783.89848257304  2.721121E-16
 4785.81884429915  2.618606E-16
 4787.73920602527  2.643549E-16
 4789.65956775138  2.661966E-16
 4791.5799294775   2.771136E-16
 4793.50029120361  2.656742E-16
 4795.42065292972  2.587293E-16
 4797.34101465584  2.731163E-16
 4799.26137638195  2.895026E-16
 4801.18173810807  2.925929E-16
 4803.10209983418  2.954151E-16
 4805.0224615603   2.937261E-16
 4806.94282328641  2.773603E-16
 4808.86318501253  2.814627E-16
 4810.78354673864  2.751922E-16
 4812.70390846475  2.774656E-16
 4814.62427019087  2.787729E-16
 4816.54463191698  2.768247E-16
 4818.4649936431   2.970644E-16
 4820.38535536921  2.907231E-16
 4822.30571709533  2.950176E-16
 4824.22607882144  2.819269E-16
 4826.14644054755  2.898694E-16
 4828.06680227367  2.694158E-16
 4829.98716399978  2.747885E-16
 4831.9075257259   2.854813E-16
 4833.82788745201  2.889915E-16
 4835.74824917813  2.923180E-16
 4837.66861090424  2.960624E-16
 4839.58897263035  2.976357E-16
 4841.50933435647  2.927020E-16
 4843.42969608258  2.898201E-16
 4845.3500578087   2.809925E-16
 4847.27041953481  2.780654E-16
 4849.19078126093  2.844396E-16
 4851.11114298704  3.079911E-16
 4853.03150471315  4.012265E-16
 4854.95186643927  3.525379E-16
 4856.87222816538  3.057639E-16
 4858.7925898915   3.326600E-16
 4860.71295161761  3.159243E-16
 4862.63331334373  3.089938E-16
 4864.55367506984  3.116351E-16
 4866.47403679595  3.218360E-16
 4868.39439852207  3.334984E-16
 4870.31476024818  3.561130E-16
 4872.2351219743   3.608912E-16
 4874.15548370041  3.576512E-16
 4876.07584542653  3.752147E-16
 4877.99620715264  4.028833E-16
 4879.91656887875  4.067324E-16
 4881.83693060487  4.264235E-16
 4883.75729233098  5.165644E-16
 4885.6776540571   5.331142E-16
 4887.59801578321  4.790176E-16
 4889.51837750933  4.316782E-16
 4891.43873923544  4.044934E-16
 4893.35910096155  3.973237E-16
 4895.27946268767  3.691462E-16
 4897.19982441378  3.303519E-16
 4899.1201861399   3.245972E-16
 4901.04054786601  3.313047E-16
 4902.96090959213  3.284108E-16
 4904.88127131824  3.089935E-16
 4906.80163304435  2.974076E-16
 4908.72199477047  2.952466E-16
 4910.64235649658  3.102161E-16
 4912.5627182227   3.100306E-16
 4914.48307994881  2.952242E-16
 4916.40344167493  2.920602E-16
 4918.32380340104  3.118660E-16
 4920.24416512715  2.851272E-16
 4922.16452685327  2.811899E-16
 4924.08488857938  2.751486E-16
 4926.0052503055   2.836572E-16
 4927.92561203161  2.983672E-16
 4929.84597375773  2.851510E-16
 4931.76633548384  2.877343E-16
 4933.68669720995  2.650718E-16
 4935.60705893607  2.747376E-16
 4937.52742066218  2.787908E-16
 4939.4477823883   2.692157E-16
 4941.36814411441  2.859122E-16
 4943.28850584053  2.861988E-16
 4945.20886756664  2.990260E-16
 4947.12922929275  3.099307E-16
 4949.04959101887  3.124567E-16
 4950.96995274498  2.932896E-16
 4952.8903144711   2.838614E-16
 4954.81067619721  2.811412E-16
 4956.73103792333  2.649989E-16
 4958.65139964944  2.787238E-16
 4960.57176137556  2.831889E-16
 4962.49212310167  2.834757E-16
 4964.41248482778  2.752693E-16
 4966.3328465539   2.949398E-16
 4968.25320828001  2.885268E-16
 4970.17357000613  2.899166E-16
 4972.09393173224  2.771824E-16
 4974.01429345835  2.925126E-16
 4975.93465518447  2.781886E-16
 4977.85501691058  2.825875E-16
 4979.7753786367   2.848539E-16
 4981.69574036281  2.626835E-16
 4983.61610208893  2.827175E-16
 4985.53646381504  2.848561E-16
 4987.45682554115  2.617451E-16
 4989.37718726727  2.787320E-16
 4991.29754899338  2.823598E-16
 4993.2179107195   2.859876E-16
 4995.13827244561  2.896154E-16
 4997.05863417173  2.932433E-16
 4998.97899589784  2.900264E-16
 5000.89935762396  2.840028E-16
 5002.81971935007  2.614819E-16
 5004.74008107618  2.743209E-16
 5006.6604428023   2.831895E-16
 5008.58080452841  2.662300E-16
 5010.50116625453  2.674105E-16
 5012.42152798064  2.849058E-16
 5014.34188970676  3.107679E-16
 5016.26225143287  3.016386E-16
 5018.18261315899  2.925976E-16
 5020.1029748851   2.965637E-16
 5022.02333661121  2.820668E-16
 5023.94369833733  2.779262E-16
 5025.86406006344  2.948756E-16
 5027.78442178956  2.975373E-16
 5029.70478351567  2.719148E-16
 5031.62514524178  2.906869E-16
 5033.5455069679   2.928636E-16
 5035.46586869401  2.920761E-16
 5037.38623042013  2.816108E-16
 5039.30659214624  3.016000E-16
 5041.22695387236  2.944505E-16
 5043.14731559847  2.994476E-16
 5045.06767732458  3.027285E-16
 5046.9880390507   2.947206E-16
 5048.90840077681  2.963456E-16
 5050.82876250293  2.951540E-16
 5052.74912422904  2.958705E-16
 5054.66948595515  2.783699E-16
 5056.58984768127  2.679206E-16
 5058.51020940739  2.832844E-16
 5060.4305711335   2.726070E-16
 5062.35093285961  2.874793E-16
 5064.27129458573  2.865936E-16
 5066.19165631184  2.645435E-16
 5068.11201803796  2.740239E-16
 5070.03237976407  2.838942E-16
 5071.95274149018  2.804509E-16
 5073.8731032163   2.731585E-16
 5075.79346494241  2.642354E-16
 5077.71382666853  2.680090E-16
 5079.63418839464  2.766863E-16
 5081.55455012076  2.753624E-16
 5083.47491184687  2.724406E-16
 5085.39527357298  2.815243E-16
 5087.3156352991   2.686609E-16
 5089.23599702521  2.702212E-16
 5091.15635875133  2.776276E-16
 5093.07672047744  2.684275E-16
 5094.99708220356  2.522434E-16
 5096.91744392967  2.675084E-16
 5098.83780565579  2.766529E-16
 5100.7581673819   2.629464E-16
 5102.67852910801  2.763431E-16
 5104.59889083413  2.832991E-16
 5106.51925256024  2.888842E-16
 5108.43961428636  2.704133E-16
 5110.35997601247  2.731079E-16
 5112.28033773858  2.691253E-16
 5114.2006994647   2.791578E-16
 5116.12106119081  2.771174E-16
 5118.04142291693  2.585143E-16
 5119.96178464304  2.740460E-16
 5121.88214636916  2.776982E-16
 5123.80250809527  2.642788E-16
 5125.72286982139  2.683716E-16
 5127.6432315475   2.900018E-16
 5129.56359327361  2.934450E-16
 5131.48395499973  2.930139E-16
 5133.40431672584  2.928115E-16
 5135.32467845196  2.751195E-16
 5137.24504017807  2.847574E-16
 5139.16540190419  2.835223E-16
 5141.0857636303   2.900301E-16
 5143.00612535641  2.899215E-16
 5144.92648708253  2.892992E-16
 5146.84684880864  2.965188E-16
 5148.76721053476  2.969315E-16
 5150.68757226087  2.939067E-16
 5152.60793398699  2.796597E-16
 5154.5282957131   2.918500E-16
 5156.44865743921  2.862435E-16
 5158.36901916533  2.891017E-16
 5160.28938089144  3.020557E-16
 5162.20974261756  3.078885E-16
 5164.13010434367  2.761191E-16
 5166.05046606979  2.754447E-16
 5167.9708277959   2.920008E-16
 5169.89118952201  2.919170E-16
 5171.81155124813  2.992468E-16
 5173.73191297424  3.013644E-16
 5175.65227470036  2.936453E-16
 5177.57263642647  2.988345E-16
 5179.49299815259  3.043590E-16
 5181.4133598787   3.064513E-16
 5183.33372160482  3.227091E-16
 5185.25408333093  3.122321E-16
 5187.17444505704  2.982660E-16
 5189.09480678316  2.952257E-16
 5191.01516850927  2.912074E-16
 5192.93553023539  2.934312E-16
 5194.8558919615   3.127318E-16
 5196.77625368762  3.131739E-16
 5198.69661541373  3.026357E-16
 5200.61697713984  2.972366E-16
 5202.53733886596  3.031796E-16
 5204.45770059207  2.952836E-16
 5206.37806231819  2.816608E-16
 5208.2984240443   2.699335E-16
 5210.21878577041  2.765786E-16
 5212.13914749653  3.034372E-16
 5214.05950922264  3.030782E-16
 5215.97987094876  3.038040E-16
 5217.90023267487  2.825404E-16
 5219.82059440099  2.978776E-16
 5221.7409561271   3.245674E-16
 5223.66131785321  3.108029E-16
 5225.58167957933  2.956678E-16
 5227.50204130544  2.853896E-16
 5229.42240303156  2.719704E-16
 5231.34276475767  2.780575E-16
 5233.26312648379  2.790609E-16
 5235.1834882099   2.755784E-16
 5237.10384993602  2.865138E-16
 5239.02421166213  2.904382E-16
 5240.94457338824  2.764992E-16
 5242.86493511436  2.818831E-16
 5244.78529684047  2.677898E-16
 5246.70565856659  2.699367E-16
 5248.6260202927   2.593059E-16
 5250.54638201881  2.765550E-16
 5252.46674374493  2.795638E-16
 5254.38710547104  2.940889E-16
 5256.30746719716  2.839003E-16
 5258.22782892327  2.989207E-16
 5260.14819064939  2.958959E-16
 5262.0685523755   2.848067E-16
 5263.98891410162  2.776135E-16
 5265.90927582773  2.769146E-16
 5267.82963755384  2.950218E-16
 5269.74999927996  3.108962E-16
 5271.67036100607  3.001478E-16
 5273.59072273219  2.905144E-16
 5275.5110844583   2.876151E-16
 5277.43144618442  2.974278E-16
 5279.35180791053  2.995243E-16
 5281.27216963664  3.057121E-16
 5283.19253136276  3.096769E-16
 5285.11289308887  3.038302E-16
 5287.03325481499  3.071225E-16
 5288.9536165411   2.976959E-16
 5290.87397826722  2.867811E-16
 5292.79433999333  2.934426E-16
 5294.71470171944  3.093992E-16
 5296.63506344556  2.950900E-16
 5298.55542517167  3.123886E-16
 5300.47578689779  3.119529E-16
 5302.3961486239   2.852943E-16
 5304.31651035002  2.952325E-16
 5306.23687207613  3.021384E-16
 5308.15723380224  2.909093E-16
 5310.07759552836  2.933067E-16
 5311.99795725447  2.849767E-16
 5313.91831898059  2.806552E-16
 5315.8386807067   2.947048E-16
 5317.75904243282  2.711933E-16
 5319.67940415893  2.739561E-16
 5321.59976588505  2.860669E-16
 5323.52012761116  2.764434E-16
 5325.44048933727  2.814073E-16
 5327.36085106339  2.876465E-16
 5329.2812127895   2.836755E-16
 5331.20157451562  2.724718E-16
 5333.12193624173  2.989637E-16
 5335.04229796784  2.905790E-16
 5336.96265969396  2.899638E-16
 5338.88302142007  2.871704E-16
 5340.80338314619  2.669604E-16
 5342.7237448723   2.720589E-16
 5344.64410659842  2.998627E-16
 5346.56446832453  2.924010E-16
 5348.48483005064  2.945949E-16
 5350.40519177676  2.945406E-16
 5352.32555350287  3.047361E-16
 5354.24591522899  2.892511E-16
 5356.1662769551   2.825092E-16
 5358.08663868122  2.767654E-16
 5360.00700040733  2.860238E-16
 5361.92736213345  2.755043E-16
 5363.84772385956  2.703680E-16
 5365.76808558567  2.961023E-16
 5367.68844731179  2.883756E-16
 5369.6088090379   2.832749E-16
 5371.52917076402  2.899991E-16
 5373.44953249013  2.781451E-16
 5375.36989421624  2.740661E-16
 5377.29025594236  2.713264E-16
 5379.21061766847  2.682981E-16
 5381.13097939459  2.674569E-16
 5383.0513411207   2.678475E-16
 5384.97170284682  2.746182E-16
 5386.89206457293  2.724881E-16
 5388.81242629904  2.752939E-16
 5390.73278802516  2.941420E-16
 5392.65314975127  2.714235E-16
 5394.57351147739  2.583482E-16
 5396.4938732035   2.660844E-16
 5398.41423492962  2.737568E-16
 5400.33459665573  2.686516E-16
 5402.25495838185  2.787184E-16
 5404.17532010796  2.635096E-16
 5406.09568183407  2.571803E-16
 5408.01604356019  2.594545E-16
 5409.9364052863   2.603966E-16
 5411.85676701242  2.613384E-16
 5413.77712873853  2.622799E-16
 5415.69749046465  2.539996E-16
 5417.61785219076  2.742791E-16
 5419.53821391687  2.637150E-16
 5421.45857564299  2.698147E-16
 5423.3789373691   2.817854E-16
 5425.29929909522  2.691719E-16
 5427.21966082133  2.780892E-16
 5429.14002254745  2.695790E-16
 5431.06038427356  2.645012E-16
 5432.98074599967  2.651847E-16
 5434.90110772579  2.711518E-16
 5436.8214694519   2.781245E-16
 5438.74183117802  2.826588E-16
 5440.66219290413  2.913685E-16
 5442.58255463024  2.835956E-16
 5444.50291635636  2.863019E-16
 5446.42327808247  3.072229E-16
 5448.34363980859  2.822141E-16
 5450.2640015347   2.950339E-16
 5452.18436326082  2.904318E-16
 5454.10472498693  2.867048E-16
 5456.02508671305  2.879969E-16
 5457.94544843916  2.589271E-16
 5459.86581016527  2.699795E-16
 5461.78617189139  2.917401E-16
 5463.7065336175   2.711858E-16
 5465.62689534362  2.559453E-16
 5467.54725706973  2.452963E-16
 5469.46761879585  2.527191E-16
 5471.38798052196  2.637586E-16
 5473.30834224807  2.701531E-16
 5475.22870397419  2.721297E-16
 5477.1490657003   2.491568E-16
 5479.06942742642  2.532577E-16
 5480.98978915253  2.609469E-16
 5482.91015087865  2.515284E-16
 5484.83051260476  2.437422E-16
 5486.75087433087  2.662034E-16
 5488.67123605699  2.528435E-16
 5490.5915977831   2.379188E-16
 5492.51195950922  2.638531E-16
 5494.43232123533  2.575813E-16
 5496.35268296145  2.598033E-16
 5498.27304468756  2.587844E-16
 5500.19340641367  2.533890E-16
 5502.11376813979  2.719862E-16
 5504.0341298659   2.520441E-16
 5505.95449159202  2.692635E-16
 5507.87485331813  2.632508E-16
 5509.79521504425  2.664219E-16
 5511.71557677036  2.732455E-16
 5513.63593849648  2.511407E-16
 5515.55630022259  2.413887E-16
 5517.4766619487   2.539330E-16
 5519.39702367482  2.649314E-16
 5521.31738540093  2.741392E-16
 5523.23774712705  2.592719E-16
 5525.15810885316  2.578562E-16
 5527.07847057927  2.952847E-16
 5528.99883230539  2.626014E-16
 5530.9191940315   2.787553E-16
 5532.83955575762  2.681052E-16
 5534.75991748373  2.724584E-16
 5536.68027920985  2.683179E-16
 5538.60064093596  2.568121E-16
 5540.52100266207  2.539024E-16
 5542.44136438819  2.693487E-16
 5544.3617261143   2.636376E-16
 5546.28208784042  2.572425E-16
 5548.20244956653  2.714809E-16
 5550.12281129265  2.781539E-16
 5552.04317301876  2.704398E-16
 5553.96353474488  2.632467E-16
 5555.88389647099  2.614300E-16
 5557.8042581971   2.653186E-16
 5559.72461992322  2.795415E-16
 5561.64498164933  2.584320E-16
 5563.56534337545  2.880550E-16
 5565.48570510156  2.803238E-16
 5567.40606682767  2.772508E-16
 5569.32642855379  2.634144E-16
 5571.24679027991  2.544184E-16
 5573.16715200602  2.483920E-16
 5575.08751373213  2.200145E-16
 5577.00787545825  2.338991E-16
 5578.92823718436  2.698140E-16
 5580.84859891048  2.740328E-16
 5582.76896063659  2.329421E-16
 5584.6893223627   2.643502E-16
 5586.60968408882  2.635791E-16
 5588.53004581493  2.571409E-16
 5590.45040754105  2.711086E-16
 5592.37076926716  2.823967E-16
 5594.29113099327  2.700693E-16
 5596.21149271939  2.713601E-16
 5598.1318544455   2.561149E-16
 5600.05221617162  2.618516E-16
 5601.97257789773  2.792932E-16
 5603.89293962385  2.626242E-16
 5605.81330134996  2.753849E-16
 5607.73366307607  2.703423E-16
 5609.65402480219  2.601029E-16
 5611.5743865283   2.735663E-16
 5613.49474825442  2.585592E-16
 5615.41510998053  2.627383E-16
 5617.33547170665  2.595932E-16
 5619.25583343276  2.286051E-16
 5621.17619515888  2.500017E-16
 5623.09655688499  2.589445E-16
 5625.0169186111   2.584035E-16
 5626.93728033722  2.658138E-16
 5628.85764206333  2.662255E-16
 5630.77800378945  2.586252E-16
 5632.69836551556  2.316825E-16
 5634.61872724168  2.480585E-16
 5636.53908896779  2.452448E-16
 5638.4594506939   2.421323E-16
 5640.37981242002  2.328275E-16
 5642.30017414613  2.580228E-16
 5644.22053587225  2.556453E-16
 5646.14089759836  2.397889E-16
 5648.06125932447  2.374230E-16
 5649.98162105059  2.517714E-16
 5651.9019827767   2.505822E-16
 5653.82234450282  2.575142E-16
 5655.74270622893  2.524273E-16
 5657.66306795505  2.404625E-16
 5659.58342968116  2.413132E-16
 5661.50379140728  2.522614E-16
 5663.42415313339  2.531617E-16
 5665.3445148595   2.443406E-16
 5667.26487658562  2.358364E-16
 5669.18523831173  2.306801E-16
 5671.10560003785  2.350377E-16
 5673.02596176396  2.490601E-16
 5674.94632349007  2.453804E-16
 5676.86668521619  2.419378E-16
 5678.78704694231  2.593215E-16
 5680.70740866842  2.493891E-16
 5682.62777039453  2.409920E-16
 5684.54813212065  2.411855E-16
 5686.46849384676  2.356065E-16
 5688.38885557288  2.354881E-16
 5690.30921729899  2.396216E-16
 5692.2295790251   2.301119E-16
 5694.14994075122  2.363144E-16
 5696.07030247733  2.430710E-16
 5697.99066420345  2.440512E-16
 5699.91102592956  2.533913E-16
 5701.83138765568  2.544831E-16
 5703.75174938179  2.558678E-16
 5705.6721111079   2.529551E-16
 5707.59247283402  2.402910E-16
 5709.51283456013  2.441499E-16
 5711.43319628625  2.385910E-16
 5713.35355801236  2.450604E-16
 5715.27391973848  2.366282E-16
 5717.19428146459  2.479168E-16
 5719.11464319071  2.409118E-16
 5721.03500491682  2.344758E-16
 5722.95536664293  2.439277E-16
 5724.87572836905  2.319262E-16
 5726.79609009516  2.331906E-16
 5728.71645182128  2.441874E-16
 5730.63681354739  2.442926E-16
 5732.5571752735   2.340002E-16
 5734.47753699962  2.401342E-16
 5736.39789872573  2.498147E-16
 5738.31826045185  2.679401E-16
 5740.23862217796  2.417548E-16
 5742.15898390408  2.289932E-16
 5744.07934563019  2.357163E-16
 5745.9997073563   2.378272E-16
 5747.92006908242  2.394481E-16
 5749.84043080853  2.241937E-16
 5751.76079253465  2.317623E-16
 5753.68115426076  2.419420E-16
 5755.60151598688  2.366247E-16
 5757.52187771299  2.448870E-16
 5759.44223943911  2.459234E-16
 5761.36260116522  2.521374E-16
 5763.28296289133  2.440886E-16
 5765.20332461745  2.402888E-16
 5767.12368634356  2.455215E-16
 5769.04404806968  2.272804E-16
 5770.96440979579  2.346985E-16
 5772.88477152191  2.504750E-16
 5774.80513324802  2.619602E-16
 5776.72549497413  2.499838E-16
 5778.64585670025  2.443283E-16
 5780.56621842636  2.382804E-16
 5782.48658015248  2.333415E-16
 5784.40694187859  2.396010E-16
 5786.32730360471  2.327996E-16
 5788.24766533082  2.338763E-16
 5790.16802705693  2.430970E-16
 5792.08838878305  2.378798E-16
 5794.00875050916  2.364167E-16
 5795.92911223528  2.466585E-16
 5797.84947396139  2.414297E-16
 5799.76983568751  2.445817E-16
 5801.69019741362  2.438886E-16
 5803.61055913973  2.351583E-16
 5805.53092086585  2.412550E-16
 5807.45128259196  2.329269E-16
 5809.37164431808  2.267762E-16
 5811.29200604419  2.425913E-16
 5813.2123677703   2.370858E-16
 5815.13272949642  2.317560E-16
 5817.05309122254  2.308613E-16
 5818.97345294865  2.280516E-16
 5820.89381467476  2.383791E-16
 5822.81417640088  2.383893E-16
 5824.73453812699  2.462993E-16
 5826.65489985311  2.432688E-16
 5828.57526157922  2.349093E-16
 5830.49562330533  2.372089E-16
 5832.41598503145  2.321514E-16
 5834.33634675756  2.404678E-16
 5836.25670848368  2.397748E-16
 5838.17707020979  2.417226E-16
 5840.09743193591  2.473094E-16
 5842.01779366202  2.465756E-16
 5843.93815538814  2.528378E-16
 5845.85851711425  2.501833E-16
 5847.77887884036  2.382027E-16
 5849.69924056648  2.459312E-16
 5851.61960229259  2.422198E-16
 5853.53996401871  2.563008E-16
 5855.46032574482  2.554178E-16
 5857.38068747093  2.513202E-16
 5859.30104919705  2.499773E-16
 5861.22141092316  2.450991E-16
 5863.14177264928  2.284717E-16
 5865.06213437539  2.300743E-16
 5866.98249610151  2.345265E-16
 5868.90285782762  2.330403E-16
 5870.82321955373  2.248835E-16
 5872.74358127985  2.602057E-16
 5874.66394300596  2.349774E-16
 5876.58430473208  2.493245E-16
 5878.50466645819  2.578666E-16
 5880.42502818431  2.274367E-16
 5882.34538991042  2.367726E-16
 5884.26575163654  2.411950E-16
 5886.18611336265  2.368927E-16
 5888.10647508876  2.039205E-16
 5890.02683681488  2.218590E-16
 5891.94719854099  2.518524E-16
 5893.86756026711  2.406078E-16
 5895.78792199322  2.292058E-16
 5897.70828371934  2.282239E-16
 5899.62864544545  2.352631E-16
 5901.54900717156  2.450465E-16
 5903.46936889768  2.466485E-16
 5905.38973062379  2.288232E-16
 5907.31009234991  2.378985E-16
 5909.23045407602  2.332569E-16
 5911.15081580213  2.339832E-16
 5913.07117752825  2.343060E-16
 5914.99153925436  2.346579E-16
 5916.91190098048  2.218268E-16
 5918.83226270659  2.125355E-16
 5920.75262443271  2.277218E-16
 5922.67298615882  2.191793E-16
 5924.59334788493  2.141256E-16
 5926.51370961105  2.372114E-16
 5928.43407133716  2.515637E-16
 5930.35443306328  2.359645E-16
 5932.27479478939  2.435956E-16
 5934.19515651551  2.468554E-16
 5936.11551824162  2.698122E-16
 5938.03587996774  2.520575E-16
 5939.95624169385  2.213009E-16
 5941.87660341996  2.246809E-16
 5943.79696514608  2.225393E-16
 5945.71732687219  2.245114E-16
 5947.63768859831  2.374346E-16
 5949.55805032442  2.490260E-16
 5951.47841205054  2.368233E-16
 5953.39877377665  2.477255E-16
 5955.31913550276  2.397138E-16
 5957.23949722888  2.200708E-16
 5959.15985895499  2.365132E-16
 5961.08022068111  2.401837E-16
 5963.00058240722  2.285210E-16
 5964.92094413333  2.258809E-16
 5966.84130585945  2.371066E-16
 5968.76166758556  2.386796E-16
 5970.68202931168  2.381946E-16
 5972.60239103779  2.314984E-16
 5974.52275276391  2.325782E-16
 5976.44311449002  2.371689E-16
 5978.36347621614  2.343139E-16
 5980.28383794225  2.462148E-16
 5982.20419966836  2.354067E-16
 5984.12456139448  2.374475E-16
 5986.04492312059  2.515829E-16
 5987.96528484671  2.485013E-16
 5989.88564657282  2.318028E-16
 5991.80600829894  2.437619E-16
 5993.72637002505  2.456933E-16
 5995.64673175116  2.295685E-16
 5997.56709347728  2.296028E-16
 5999.48745520339  2.405096E-16
 6001.40781692951  2.325468E-16
 6003.32817865562  2.253060E-16
 6005.24854038174  2.347107E-16
 6007.16890210785  2.254981E-16
 6009.08926383396  2.270515E-16
 6011.00962556008  2.293890E-16
 6012.92998728619  2.389549E-16
 6014.85034901231  2.399738E-16
 6016.77071073842  2.400684E-16
 6018.69107246454  2.535015E-16
 6020.61143419065  2.715514E-16
 6022.53179591677  2.593351E-16
 6024.45215764288  2.274969E-16
 6026.37251936899  2.338746E-16
 6028.29288109511  2.354355E-16
 6030.21324282122  2.370354E-16
 6032.13360454734  2.212402E-16
 6034.05396627345  2.344428E-16
 6035.97432799956  2.352308E-16
 6037.89468972568  2.299297E-16
 6039.81505145179  2.207578E-16
 6041.73541317791  2.316266E-16
 6043.65577490402  2.448753E-16
 6045.57613663014  2.337891E-16
 6047.49649835625  2.254112E-16
 6049.41686008236  2.275524E-16
 6051.33722180848  2.518586E-16
 6053.25758353459  2.356264E-16
 6055.17794526071  2.188611E-16
 6057.09830698682  2.263576E-16
 6059.01866871294  2.174537E-16
 6060.93903043905  2.255610E-16
 6062.85939216516  2.293276E-16
 6064.77975389128  2.242184E-16
 6066.70011561739  2.180466E-16
 6068.62047734351  2.232395E-16
 6070.54083906962  2.337467E-16
 6072.46120079574  2.386128E-16
 6074.38156252185  2.218648E-16
 6076.30192424797  2.100222E-16
 6078.22228597408  2.298267E-16
 6080.14264770019  2.333740E-16
 6082.06300942631  2.280239E-16
 6083.98337115242  2.315317E-16
 6085.90373287854  2.222041E-16
 6087.82409460465  2.191674E-16
 6089.74445633077  2.181737E-16
 6091.66481805688  2.352303E-16
 6093.58517978299  2.503299E-16
 6095.50554150911  2.210966E-16
 6097.42590323522  2.185234E-16
 6099.34626496134  2.318532E-16
 6101.26662668745  2.243535E-16
 6103.18698841357  2.216594E-16
 6105.10735013968  2.270803E-16
 6107.02771186579  2.320524E-16
 6108.94807359191  2.297045E-16
 6110.86843531802  2.336164E-16
 6112.78879704414  2.172765E-16
 6114.70915877025  2.448656E-16
 6116.62952049637  2.499294E-16
 6118.54988222248  2.365236E-16
 6120.47024394859  2.369300E-16
 6122.39060567471  2.189650E-16
 6124.31096740082  2.113734E-16
 6126.23132912694  2.154428E-16
 6128.15169085305  2.069825E-16
 6130.07205257916  2.197764E-16
 6131.99241430528  2.343484E-16
 6133.91277603139  2.250767E-16
 6135.83313775751  2.225153E-16
 6137.75349948362  2.310888E-16
 6139.67386120974  2.370105E-16
 6141.59422293585  2.264558E-16
 6143.51458466196  2.362961E-16
 6145.43494638808  2.361019E-16
 6147.35530811419  2.225577E-16
 6149.27566984031  2.219594E-16
 6151.19603156642  2.169225E-16
 6153.11639329254  2.098702E-16
 6155.03675501865  2.277736E-16
 6156.95711674477  2.376156E-16
 6158.87747847088  2.280721E-16
 6160.79784019699  2.252634E-16
 6162.71820192311  2.237890E-16
 6164.63856364922  2.236082E-16
 6166.55892537534  2.094288E-16
 6168.47928710145  2.261678E-16
 6170.39964882757  2.366093E-16
 6172.32001055368  2.199781E-16
 6174.24037227979  2.268985E-16
 6176.16073400591  2.352114E-16
 6178.08109573202  2.430354E-16
 6180.00145745814  2.556893E-16
 6181.92181918425  2.461603E-16
 6183.84218091037  2.401650E-16
 6185.76254263648  2.370237E-16
 6187.68290436259  2.255500E-16
 6189.60326608871  2.211487E-16
 6191.52362781482  2.110677E-16
 6193.44398954094  2.190772E-16
 6195.36435126705  2.214246E-16
 6197.28471299317  2.308327E-16
 6199.20507471928  2.220515E-16
 6201.12543644539  2.083729E-16
 6203.04579817151  2.218499E-16
 6204.96615989762  2.116916E-16
 6206.88652162374  2.137925E-16
 6208.80688334985  2.262812E-16
 6210.72724507597  2.248499E-16
 6212.64760680208  2.323180E-16
 6214.5679685282   2.129577E-16
 6216.48833025431  2.044137E-16
 6218.40869198042  2.160395E-16
 6220.32905370654  2.159529E-16
 6222.24941543265  2.197041E-16
 6224.16977715877  2.243451E-16
 6226.09013888488  2.147001E-16
 6228.01050061099  2.136150E-16
 6229.93086233711  2.136881E-16
 6231.85122406322  2.192353E-16
 6233.77158578934  2.246470E-16
 6235.69194751545  2.384670E-16
 6237.61230924157  2.250336E-16
 6239.53267096768  2.271329E-16
 6241.4530326938   2.214594E-16
 6243.37339441991  2.274278E-16
 6245.29375614602  2.194519E-16
 6247.21411787214  2.187889E-16
 6249.13447959825  2.238688E-16
 6251.05484132437  2.307022E-16
 6252.97520305048  2.236612E-16
 6254.8955647766   2.236546E-16
 6256.81592650271  2.205067E-16
 6258.73628822882  2.150166E-16
 6260.65664995494  2.192209E-16
 6262.57701168105  2.259253E-16
 6264.49737340717  2.250314E-16
 6266.41773513328  2.298166E-16
 6268.3380968594   2.503584E-16
 6270.25845858551  2.471172E-16
 6272.17882031163  2.250938E-16
 6274.09918203774  2.246256E-16
 6276.01954376385  2.264974E-16
 6277.93990548997  2.274740E-16
 6279.86026721608  2.534056E-16
 6281.7806289422   2.431770E-16
 6283.70099066831  2.255439E-16
 6285.62135239442  2.315540E-16
 6287.54171412054  2.273156E-16
 6289.46207584665  2.185246E-16
 6291.38243757277  2.326100E-16
 6293.30279929888  2.274110E-16
 6295.223161025    2.538742E-16
 6297.14352275111  2.336594E-16
 6299.06388447722  2.531330E-16
 6300.98424620334  2.595778E-16
 6302.90460792945  2.053969E-16
 6304.82496965557  2.020131E-16
 6306.74533138168  2.169976E-16
 6308.6656931078   2.211323E-16
 6310.58605483391  2.138180E-16
 6312.50641656002  2.104080E-16
 6314.42677828614  2.382936E-16
 6316.34714001225  2.282830E-16
 6318.26750173837  2.071946E-16
 6320.18786346448  2.187551E-16
 6322.1082251906   2.204764E-16
 6324.02858691671  2.166208E-16
 6325.94894864282  2.237597E-16
 6327.86931036894  2.280442E-16
 6329.78967209505  2.324047E-16
 6331.71003382117  2.245853E-16
 6333.63039554728  2.224575E-16
 6335.5507572734   2.287362E-16
 6337.47111899951  2.117866E-16
 6339.39148072562  2.022834E-16
 6341.31184245174  2.170628E-16
 6343.23220417785  2.228837E-16
 6345.15256590397  2.178692E-16
 6347.07292763008  2.177541E-16
 6348.9932893562   2.133351E-16
 6350.91365108231  2.089092E-16
 6352.83401280842  2.052103E-16
 6354.75437453454  1.968619E-16
 6356.67473626065  2.151554E-16
 6358.59509798677  2.331142E-16
 6360.51545971288  2.344537E-16
 6362.435821439    2.461452E-16
 6364.35618316511  2.414213E-16
 6366.27654489122  2.208659E-16
 6368.19690661734  2.276965E-16
 6370.11726834345  2.687548E-16
 6372.03763006957  2.099814E-16
 6373.95799179568  2.199233E-16
 6375.8783535218   2.073555E-16
 6377.79871524791  1.913867E-16
 6379.71907697403  1.982941E-16
 6381.63943870014  2.110267E-16
 6383.55980042625  2.066932E-16
 6385.48016215237  2.249581E-16
 6387.40052387848  2.163612E-16
 6389.3208856046   2.145666E-16
 6391.24124733071  2.119670E-16
 6393.16160905683  2.167008E-16
 6395.08197078294  2.189318E-16
 6397.00233250905  2.094404E-16
 6398.92269423517  2.107347E-16
 6400.84305596128  2.160534E-16
 6402.7634176874   2.074840E-16
 6404.68377941351  2.057942E-16
 6406.60414113963  2.072511E-16
 6408.52450286574  2.073041E-16
 6410.44486459185  2.073862E-16
 6412.36522631797  2.124750E-16
 6414.28558804408  2.131088E-16
 6416.2059497702   2.155299E-16
 6418.12631149631  2.272150E-16
 6420.04667322243  2.216201E-16
 6421.96703494854  2.055787E-16
 6423.88739667465  2.046097E-16
 6425.80775840077  2.133026E-16
 6427.72812012688  2.146214E-16
 6429.648481853    2.132060E-16
 6431.56884357911  2.147129E-16
 6433.48920530522  2.134366E-16
 6435.40956703134  2.192906E-16
 6437.32992875745  2.153061E-16
 6439.25029048357  2.200305E-16
 6441.17065220968  2.198074E-16
 6443.0910139358   1.959666E-16
 6445.01137566191  2.077587E-16
 6446.93173738802  2.194232E-16
 6448.85209911414  2.367718E-16
 6450.77246084025  2.131587E-16
 6452.69282256637  2.160153E-16
 6454.61318429248  2.287785E-16
 6456.5335460186   2.227290E-16
 6458.45390774471  1.994161E-16
 6460.37426947082  2.084184E-16
 6462.29463119694  2.346202E-16
 6464.21499292305  2.385327E-16
 6466.13535464917  2.270542E-16
 6468.05571637528  2.208889E-16
 6469.9760781014   2.101949E-16
 6471.89643982751  2.128268E-16
 6473.81680155363  2.114014E-16
 6475.73716327974  2.049117E-16
 6477.65752500585  2.124681E-16
 6479.57788673197  2.221342E-16
 6481.49824845808  2.196368E-16
 6483.4186101842   2.126910E-16
 6485.33897191031  2.196586E-16
 6487.25933363643  2.237906E-16
 6489.17969536254  2.263322E-16
 6491.10005708866  2.274564E-16
 6493.02041881477  2.087090E-16
 6494.94078054088  2.069994E-16
 6496.861142267    2.104761E-16
 6498.78150399311  2.144052E-16
 6500.70186571923  2.015304E-16
 6502.62222744534  1.956339E-16
 6504.54258917145  2.080209E-16
 6506.46295089757  2.047648E-16
 6508.38331262368  1.936940E-16
 6510.3036743498   2.059135E-16
 6512.22403607591  2.086171E-16
 6514.14439780203  2.156376E-16
 6516.06475952814  2.020990E-16
 6517.98512125425  2.175683E-16
 6519.90548298037  2.190270E-16
 6521.82584470648  1.939878E-16
 6523.7462064326   2.115238E-16
 6525.66656815871  2.163727E-16
 6527.58692988483  2.102686E-16
 6529.50729161094  2.110775E-16
 6531.42765333705  2.139987E-16
 6533.34801506317  2.103756E-16
 6535.26837678929  2.191112E-16
 6537.1887385154   2.251997E-16
 6539.10910024151  2.211197E-16
 6541.02946196763  2.160824E-16
 6542.94982369374  2.137647E-16
 6544.87018541986  2.213553E-16
 6546.79054714597  2.297410E-16
 6548.71090887208  2.375540E-16
 6550.6312705982   2.478182E-16
 6552.55163232431  2.367609E-16
 6554.47199405043  2.290774E-16
 6556.39235577654  2.505307E-16
 6558.31271750266  2.448513E-16
 6560.23307922877  2.292959E-16
 6562.15344095488  2.467198E-16
 6564.073802681    2.497295E-16
 6565.99416440711  2.581153E-16
 6567.91452613323  2.624137E-16
 6569.83488785934  2.685941E-16
 6571.75524958546  2.734705E-16
 6573.67561131157  2.855210E-16
 6575.59597303768  3.112515E-16
 6577.5163347638   3.350633E-16
 6579.43669648991  3.378040E-16
 6581.35705821603  3.546961E-16
 6583.27741994214  4.016773E-16
 6585.19778166826  4.283763E-16
 6587.11814339437  4.680806E-16
 6589.03850512048  5.213087E-16
 6590.9588668466   6.093779E-16
 6592.87922857271  7.000972E-16
 6594.79959029883  7.746579E-16
 6596.71995202494  7.598259E-16
 6598.64031375106  6.636708E-16
 6600.56067547717  5.637197E-16
 6602.48103720328  4.733889E-16
 6604.4013989294   4.350738E-16
 6606.32176065551  4.043143E-16
 6608.24212238163  3.825051E-16
 6610.16248410774  3.704616E-16
 6612.08284583385  3.426840E-16
 6614.00320755997  3.235287E-16
 6615.92356928608  2.885461E-16
 6617.8439310122   2.823143E-16
 6619.76429273831  2.806493E-16
 6621.68465446443  2.691300E-16
 6623.60501619054  2.484101E-16
 6625.52537791666  2.451731E-16
 6627.44573964277  2.432069E-16
 6629.36610136888  2.396486E-16
 6631.286463095    2.385772E-16
 6633.20682482111  2.308537E-16
 6635.12718654723  2.206306E-16
 6637.04754827334  2.228051E-16
 6638.96790999946  2.152323E-16
 6640.88827172557  2.212570E-16
 6642.80863345169  2.184656E-16
 6644.7289951778   2.106450E-16
 6646.64935690391  2.020835E-16
 6648.56971863003  2.116614E-16
 6650.49008035614  2.180486E-16
 6652.41044208226  2.163713E-16
 6654.33080380837  1.984553E-16
 6656.25116553448  2.078760E-16
 6658.1715272606   2.188649E-16
 6660.09188898671  2.088437E-16
 6662.01225071283  1.984260E-16
 6663.93261243894  1.990123E-16
 6665.85297416506  1.866739E-16
 6667.77333589117  1.888780E-16
 6669.69369761728  2.140978E-16
 6671.6140593434   2.088147E-16
 6673.53442106951  1.988828E-16
 6675.45478279563  2.001076E-16
 6677.37514452174  1.950679E-16
 6679.29550624786  2.027141E-16
 6681.21586797397  2.017349E-16
 6683.13622970008  1.985194E-16
 6685.0565914262   2.050763E-16
 6686.97695315231  1.959564E-16
 6688.89731487843  1.982991E-16
 6690.81767660454  1.980800E-16
 6692.73803833066  2.101982E-16
 6694.65840005677  2.088490E-16
 6696.57876178289  1.967725E-16
 6698.499123509    1.987199E-16
 6700.41948523511  1.991072E-16
 6702.33984696123  1.939600E-16
 6704.26020868734  1.898054E-16
 6706.18057041346  1.991787E-16
 6708.10093213957  1.886493E-16
 6710.02129386569  1.938100E-16
 6711.9416555918   1.989128E-16
 6713.86201731791  2.041059E-16
 6715.78237904403  2.021734E-16
 6717.70274077014  2.056527E-16
 6719.62310249626  1.911015E-16
 6721.54346422237  1.957799E-16
 6723.46382594849  2.042382E-16
 6725.3841876746   1.991503E-16
 6727.30454940071  2.044280E-16
 6729.22491112683  1.938228E-16
 6731.14527285294  1.821249E-16
 6733.06563457906  1.859294E-16
 6734.98599630517  2.042023E-16
 6736.90635803129  1.941702E-16
 6738.8267197574   1.878234E-16
 6740.74708148351  1.894078E-16
 6742.66744320963  2.022268E-16
 6744.58780493574  1.926364E-16
 6746.50816666186  1.806726E-16
 6748.42852838797  1.851264E-16
 6750.34889011409  1.892434E-16
 6752.2692518402   1.914624E-16
 6754.18961356631  1.939596E-16
 6756.10997529243  1.895986E-16
 6758.03033701854  1.914391E-16
 6759.95069874466  1.937749E-16
 6761.87106047077  1.911995E-16
 6763.79142219688  1.849910E-16
 6765.711783923    1.876240E-16
 6767.63214564911  1.971662E-16
 6769.55250737523  1.902253E-16
 6771.47286910134  1.880844E-16
 6773.39323082746  1.930305E-16
 6775.31359255357  1.960054E-16
 6777.23395427969  1.895585E-16
 6779.1543160058   1.822863E-16
 6781.07467773191  1.896077E-16
 6782.99503945803  1.942188E-16
 6784.91540118414  1.858359E-16
 6786.83576291026  1.874541E-16
 6788.75612463637  2.000953E-16
 6790.67648636248  1.964709E-16
 6792.5968480886   1.934774E-16
 6794.51720981471  1.966622E-16
 6796.43757154083  1.895382E-16
 6798.35793326694  1.900178E-16
 6800.27829499306  2.028931E-16
 6802.19865671917  1.915344E-16
 6804.11901844529  1.772997E-16
 6806.0393801714   1.822095E-16
 6807.95974189752  1.945811E-16
 6809.88010362363  1.823407E-16
 6811.80046534974  1.917369E-16
 6813.72082707586  1.895325E-16
 6815.64118880197  1.999631E-16
 6817.56155052809  1.984846E-16
 6819.4819122542   1.849871E-16
 6821.40227398031  1.841924E-16
 6823.32263570643  1.886533E-16
 6825.24299743254  1.792526E-16
 6827.16335915866  1.785291E-16
 6829.08372088477  1.790734E-16
 6831.00408261089  1.807134E-16
 6832.924444337    1.932657E-16
 6834.84480606311  1.943377E-16
 6836.76516778923  1.845309E-16
 6838.68552951534  1.856699E-16
 6840.60589124146  1.947241E-16
 6842.52625296757  1.960952E-16
 6844.44661469369  1.889860E-16
 6846.3669764198   1.851611E-16
 6848.28733814591  1.907897E-16
 6850.20769987203  1.909388E-16
 6852.12806159814  1.732398E-16
 6854.04842332426  1.855267E-16
 6855.96878505037  1.879184E-16
 6857.88914677649  1.901772E-16
 6859.8095085026   1.814171E-16
 6861.72987022871  1.857977E-16
 6863.65023195483  1.922056E-16
 6865.57059368094  1.823830E-16
 6867.49095540706  1.585069E-16
 6869.41131713317  1.616440E-16
 6871.33167885929  1.831959E-16
 6873.2520405854   1.918759E-16
 6875.17240231152  2.024322E-16
 6877.09276403763  2.015165E-16
 6879.01312576374  1.863991E-16
 6880.93348748986  1.848076E-16
 6882.85384921597  1.851814E-16
 6884.77421094209  1.814381E-16
 6886.6945726682   1.728901E-16
 6888.61493439432  1.696694E-16
 6890.53529612043  1.895846E-16
 6892.45565784654  1.971227E-16
 6894.37601957266  1.922512E-16
 6896.29638129877  1.961885E-16
 6898.21674302489  1.951670E-16
 6900.137104751    1.900415E-16
 6902.05746647712  1.951353E-16
 6903.97782820323  1.966962E-16
 6905.89818992934  1.837271E-16
 6907.81855165546  1.838859E-16
 6909.73891338157  1.842089E-16
 6911.65927510769  1.710178E-16
 6913.5796368338   1.690608E-16
 6915.49999855991  1.798060E-16
 6917.42036028603  1.857893E-16
 6919.34072201214  1.983838E-16
 6921.26108373826  1.798381E-16
 6923.18144546437  1.788088E-16
 6925.10180719049  1.959897E-16
 6927.0221689166   1.980462E-16
 6928.94253064271  1.948008E-16
 6930.86289236883  1.907144E-16
 6932.78325409495  1.845540E-16
 6934.70361582106  1.718006E-16
 6936.62397754717  1.794652E-16
 6938.54433927329  1.926141E-16
 6940.4647009994   1.750247E-16
 6942.38506272552  1.732474E-16
 6944.30542445163  1.903831E-16
 6946.22578617774  1.891062E-16
 6948.14614790386  1.792698E-16
 6950.06650962997  1.961116E-16
 6951.98687135609  1.892134E-16
 6953.9072330822   1.819509E-16
 6955.82759480832  1.745827E-16
 6957.74795653443  1.877402E-16
 6959.66831826055  2.028117E-16
 6961.58867998666  1.900227E-16
 6963.50904171277  1.781908E-16
 6965.42940343889  1.780265E-16
 6967.349765165    1.911650E-16
 6969.27012689112  1.829234E-16
 6971.19048861723  1.635008E-16
 6973.11085034334  1.662433E-16
 6975.03121206946  1.674583E-16
 6976.95157379557  1.701565E-16
 6978.87193552169  1.697555E-16
 6980.7922972478   1.812647E-16
 6982.71265897392  1.847097E-16
 6984.63302070003  1.734859E-16
 6986.55338242614  1.739340E-16
 6988.47374415226  1.782368E-16
 6990.39410587837  1.823277E-16
 6992.31446760449  1.863199E-16
 6994.2348293306   1.854377E-16
 6996.15519105672  1.703257E-16
 6998.07555278283  1.760909E-16
 6999.99591450894  2.007079E-16
 7001.91627623506  1.803125E-16
 7003.83663796117  1.861990E-16
 7005.75699968729  1.809119E-16
 7007.6773614134   1.785465E-16
 7009.59772313952  1.762099E-16
 7011.51808486563  1.871193E-16
 7013.43844659174  1.829308E-16
 7015.35880831786  1.776368E-16
 7017.27917004397  1.756709E-16
 7019.19953177009  1.870418E-16
 7021.1198934962   1.869156E-16
 7023.04025522232  1.951075E-16
 7024.96061694843  1.944972E-16
 7026.88097867454  1.745020E-16
 7028.80134040066  1.770471E-16
 7030.72170212677  1.906403E-16
 7032.64206385289  1.848915E-16
 7034.562425579    1.746435E-16
 7036.48278730512  1.710932E-16
 7038.40314903123  1.717159E-16
 7040.32351075735  1.761794E-16
 7042.24387248346  1.745212E-16
 7044.16423420957  1.697826E-16
 7046.08459593569  1.770725E-16
 7048.0049576618   1.829202E-16
 7049.92531938792  1.961354E-16
 7051.84568111403  1.893934E-16
 7053.76604284015  1.878500E-16
 7055.68640456626  1.790521E-16
 7057.60676629237  1.776744E-16
 7059.52712801849  1.793134E-16
 7061.4474897446   1.762373E-16
 7063.36785147072  1.727516E-16
 7065.28821319683  1.730094E-16
 7067.20857492295  1.715501E-16
 7069.12893664906  1.601561E-16
 7071.04929837517  1.681377E-16
 7072.96966010129  1.782922E-16
 7074.8900218274   1.691520E-16
 7076.81038355352  1.627910E-16
 7078.73074527963  1.721764E-16
 7080.65110700574  1.731783E-16
 7082.57146873186  1.673261E-16
 7084.49183045797  1.831742E-16
 7086.41219218409  1.826949E-16
 7088.3325539102   1.626029E-16
 7090.25291563632  1.783198E-16
 7092.17327736243  1.738722E-16
 7094.09363908855  1.627073E-16
 7096.01400081466  1.676023E-16
 7097.93436254077  1.808642E-16
 7099.85472426689  1.727122E-16
 7101.775085993    1.609710E-16
 7103.69544771912  1.773495E-16
 7105.61580944523  1.668755E-16
 7107.53617117135  1.706559E-16
 7109.45653289746  1.749042E-16
 7111.37689462358  1.708270E-16
 7113.29725634969  1.662013E-16
 7115.2176180758   1.595487E-16
 7117.13797980192  1.664559E-16
 7119.05834152803  1.609505E-16
 7120.97870325415  1.632022E-16
 7122.89906498026  1.654537E-16
 7124.81942670637  1.677052E-16
 7126.73978843249  1.699567E-16
 7128.6601501586   1.722080E-16
 7130.58051188472  1.666362E-16
 7132.50087361083  1.757055E-16
 7134.42123533695  1.797817E-16
 7136.34159706306  1.765926E-16
 7138.26195878917  1.680026E-16
 7140.18232051529  1.764954E-16
 7142.1026822414   1.635674E-16
 7144.02304396752  1.691961E-16
 7145.94340569363  1.658399E-16
 7147.86376741975  1.680820E-16
 7149.78412914586  1.693454E-16
 7151.70449087197  1.666650E-16
 7153.62485259809  1.635083E-16
 7155.5452143242   1.689247E-16
 7157.46557605032  1.836656E-16
 7159.38593777643  1.762492E-16
 7161.30629950255  1.728200E-16
 7163.22666122866  1.716250E-16
 7165.14702295477  1.633863E-16
 7167.06738468089  1.627682E-16
 7168.987746407    1.689029E-16
 7170.90810813312  1.697336E-16
 7172.82846985923  1.628601E-16
 7174.74883158535  1.613110E-16
 7176.66919331146  1.706100E-16
 7178.58955503757  1.690983E-16
 7180.50991676369  1.628630E-16
 7182.4302784898   1.639248E-16
 7184.35064021592  1.554147E-16
 7186.27100194203  1.598564E-16
 7188.19136366814  1.662853E-16
 7190.11172539426  1.823727E-16
 7192.03208712038  1.531524E-16
 7193.95244884649  1.722011E-16
 7195.8728105726   1.737832E-16
 7197.79317229872  1.689934E-16
 7199.71353402483  1.490293E-16
 7201.63389575095  1.545017E-16
 7203.55425747706  1.688640E-16
 7205.47461920318  1.737723E-16
 7207.39498092929  1.789339E-16
 7209.3153426554   1.705079E-16
 7211.23570438152  1.671578E-16
 7213.15606610763  1.762004E-16
 7215.07642783375  1.800665E-16
 7216.99678955986  1.770243E-16
 7218.91715128598  1.728686E-16
 7220.83751301209  1.676541E-16
 7222.7578747382   1.649883E-16
 7224.67823646432  1.652170E-16
 7226.59859819043  1.684127E-16
 7228.51895991655  1.671380E-16
 7230.43932164266  1.613968E-16
 7232.35968336877  1.689485E-16
 7234.28004509489  1.463243E-16
 7236.200406821    1.592794E-16
 7238.12076854712  1.676608E-16
 7240.04113027323  1.630864E-16
 7241.96149199935  1.689327E-16
 7243.88185372546  1.665545E-16
 7245.80221545157  1.576459E-16
 7247.72257717769  1.539285E-16
 7249.6429389038   1.621923E-16
 7251.56330062992  1.646107E-16
 7253.48366235603  1.568662E-16
 7255.40402408215  1.746704E-16
 7257.32438580826  1.811564E-16
 7259.24474753438  1.773251E-16
 7261.16510926049  1.626731E-16
 7263.0854709866   1.561225E-16
 7265.00583271272  1.614284E-16
 7266.92619443883  1.592204E-16
 7268.84655616495  1.729504E-16
 7270.76691789106  1.700546E-16
 7272.68727961718  1.446464E-16
 7274.60764134329  1.328431E-16
 7276.52800306941  1.435302E-16
 7278.44836479552  1.676937E-16
 7280.36872652163  1.626044E-16
 7282.28908824775  1.603868E-16
 7284.20944997386  1.757453E-16
 7286.12981169998  1.659628E-16
 7288.05017342609  1.604716E-16
 7289.97053515221  1.632425E-16
 7291.89089687832  1.597178E-16
 7293.81125860443  1.595978E-16
 7295.73162033055  1.691725E-16
 7297.65198205666  1.655720E-16
 7299.57234378278  1.641627E-16
 7301.49270550889  1.691453E-16
 7303.413067235    1.686466E-16
 7305.33342896112  1.659840E-16
 7307.25379068723  1.626714E-16
 7309.17415241335  1.535989E-16
 7311.09451413946  1.606755E-16
 7313.01487586558  1.821357E-16
 7314.93523759169  1.800858E-16
 7316.8555993178   1.701816E-16
 7318.77596104392  1.690081E-16
 7320.69632277003  1.722933E-16
 7322.61668449615  1.714224E-16
 7324.53704622226  1.926701E-16
 7326.45740794838  2.141364E-16
 7328.37776967449  2.218037E-16
 7330.29813140061  2.092165E-16
 7332.21849312672  1.872283E-16
 7334.13885485283  1.971437E-16
 7336.05921657895  1.695408E-16
 7337.97957830506  1.761244E-16
 7339.89994003118  1.840304E-16
 7341.82030175729  1.832295E-16
 7343.74066348341  1.756842E-16
 7345.66102520952  1.836419E-16
 7347.58138693563  1.923775E-16
 7349.50174866175  1.865312E-16
 7351.42211038786  1.769732E-16
 7353.34247211398  1.692390E-16
 7355.26283384009  1.865642E-16
 7357.18319556621  2.061642E-16
 7359.10355729232  2.005291E-16
 7361.02391901843  2.030289E-16
 7362.94428074455  1.893147E-16
 7364.86464247066  1.562009E-16
 7366.78500419678  1.693576E-16
 7368.70536592289  1.687351E-16
 7370.62572764901  1.738068E-16
 7372.54608937512  1.660335E-16
 7374.46645110123  1.707343E-16
 7376.38681282735  1.781837E-16
 7378.30717455346  1.697354E-16
 7380.22753627958  1.784229E-16
 7382.14789800569  1.766118E-16
 7384.06825973181  1.676943E-16
 7385.98862145792  1.713268E-16
 7387.90898318403  1.781394E-16
 7389.82934491015  1.761561E-16
 7391.74970663626  1.725646E-16
 7393.67006836238  1.650063E-16
 7395.59043008849  1.585882E-16
 7397.51079181461  1.658605E-16
 7399.43115354072  1.756057E-16
 7401.35151526683  1.712513E-16
 7403.27187699295  1.655748E-16
 7405.19223871906  1.802143E-16
 7407.11260044518  1.657723E-16
 7409.03296217129  1.542142E-16
 7410.95332389741  1.604493E-16
 7412.87368562352  1.601336E-16
 7414.79404734963  1.672651E-16
 7416.71440907575  1.616923E-16
 7418.63477080186  1.508726E-16
 7420.55513252798  1.526531E-16
 7422.47549425409  1.616722E-16
 7424.39585598021  1.562664E-16
 7426.31621770632  1.605017E-16
 7428.23657943244  1.805182E-16
 7430.15694115855  1.798235E-16
 7432.07730288466  1.728996E-16
 7433.99766461078  1.644846E-16
 7435.91802633689  1.522350E-16
 7437.83838806301  1.586501E-16
 7439.75874978912  1.581825E-16
 7441.67911151523  1.581948E-16
 7443.59947324135  1.726483E-16
 7445.51983496746  1.635738E-16
 7447.44019669358  1.752286E-16
 7449.36055841969  1.705767E-16
 7451.28092014581  1.719647E-16
 7453.20128187192  1.761821E-16
 7455.12164359803  1.738555E-16
 7457.04200532415  1.504322E-16
 7458.96236705026  1.478363E-16
 7460.88272877638  1.713154E-16
 7462.80309050249  1.782574E-16
 7464.72345222861  1.759131E-16
 7466.64381395472  1.735688E-16
 7468.56417568083  1.712252E-16
 7470.48453740695  1.608510E-16
 7472.40489913306  1.635083E-16
 7474.32526085918  1.643180E-16
 7476.24562258529  1.629128E-16
 7478.16598431141  1.796286E-16
 7480.08634603752  1.730514E-16
 7482.00670776363  1.673029E-16
 7483.92706948975  1.758336E-16
 7485.84743121586  1.663674E-16
 7487.76779294198  1.653121E-16
 7489.68815466809  1.605723E-16
 7491.60851639421  1.617162E-16
 7493.52887812032  1.872531E-16
 7495.44923984644  1.682493E-16
 7497.36960157255  1.544081E-16
 7499.28996329866  1.560162E-16
 7501.21032502478  1.701967E-16
 7503.13068675089  1.609090E-16
 7505.05104847701  1.567069E-16
 7506.97141020312  1.656496E-16
 7508.89177192924  1.715962E-16
 7510.81213365535  1.659397E-16
 7512.73249538146  1.664298E-16
 7514.65285710758  1.687207E-16
 7516.57321883369  1.811539E-16
 7518.49358055981  1.763096E-16
 7520.41394228592  1.597976E-16
 7522.33430401203  1.682962E-16
 7524.25466573815  1.738351E-16
 7526.17502746426  1.727936E-16
 7528.09538919038  1.717510E-16
 7530.01575091649  1.723459E-16
 7531.93611264261  1.790032E-16
 7533.85647436872  1.731847E-16
 7535.77683609484  1.669963E-16
 7537.69719782095  1.624542E-16
 7539.61755954706  1.523987E-16
 7541.53792127318  1.538329E-16
 7543.45828299929  1.740322E-16
 7545.37864472541  1.762789E-16
 7547.29900645152  1.633819E-16
 7549.21936817763  1.625467E-16
 7551.13972990375  1.747161E-16
 7553.06009162986  1.853608E-16
 7554.98045335598  1.630978E-16
 7556.90081508209  1.649307E-16
 7558.82117680821  1.633809E-16
 7560.74153853432  1.499177E-16
 7562.66190026044  1.606082E-16
 7564.58226198655  1.743652E-16
 7566.50262371266  1.857456E-16
 7568.42298543878  1.667587E-16
 7570.34334716489  1.577821E-16
 7572.26370889101  1.626875E-16
 7574.18407061712  1.578954E-16
 7576.10443234323  1.546176E-16
 7578.02479406935  1.634119E-16
 7579.94515579547  1.589965E-16
 7581.86551752158  1.495187E-16
 7583.78587924769  1.530014E-16
 7585.70624097381  1.634823E-16
 7587.62660269992  1.691805E-16
 7589.54696442604  1.441978E-16
 7591.46732615215  1.298984E-16
 7593.38768787827  1.318911E-16
 7595.30804960438  1.084631E-16
 7597.22841133049  9.963227E-17
 7599.14877305661  1.023980E-16
 7601.06913478272  1.269994E-16
 7602.98949650884  1.273429E-16
 7604.90985823495  9.951414E-17
 7606.83021996106  1.624553E-16
 7608.75058168718  1.748794E-16
 7610.67094341329  2.119290E-16
 7612.59130513941  2.150359E-16
 7614.51166686552  2.154904E-16
 7616.43202859164  1.945277E-16
 7618.35239031775  1.900554E-16
 7620.27275204386  1.688688E-16
 7622.19311376998  1.453324E-16
 7624.11347549609  1.475869E-16
 7626.03383722221  1.568667E-16
 7627.95419894832  1.496549E-16
 7629.87456067444  1.569966E-16
 7631.79492240055  1.396680E-16
 7633.71528412666  1.507274E-16
 7635.63564585278  1.717315E-16
 7637.55600757889  1.743178E-16
 7639.47636930501  1.755859E-16
 7641.39673103112  1.666808E-16
 7643.31709275724  1.664583E-16
 7645.23745448335  1.819412E-16
 7647.15781620946  1.868573E-16
 7649.07817793558  1.830622E-16
 7650.99853966169  1.704599E-16
 7652.91890138781  1.537897E-16
 7654.83926311392  1.636333E-16
 7656.75962484004  1.652186E-16
 7658.67998656615  1.425850E-16
 7660.60034829227  1.553515E-16
 7662.52071001838  1.649733E-16
 7664.44107174449  1.405956E-16
 7666.36143347061  1.619434E-16
 7668.28179519672  1.591745E-16
 7670.20215692284  1.666857E-16
 7672.12251864895  1.691726E-16
 7674.04288037507  1.605056E-16
 7675.96324210118  1.591226E-16
 7677.88360382729  1.714413E-16
 7679.80396555341  1.603936E-16
 7681.72432727952  1.605478E-16
 7683.64468900564  1.731829E-16
 7685.56505073175  1.550421E-16
 7687.48541245787  1.642713E-16
 7689.40577418398  1.816994E-16
 7691.32613591009  1.673200E-16
 7693.24649763621  1.688227E-16
 7695.16685936232  1.664586E-16
 7697.08722108844  1.427387E-16
 7699.00758281455  1.542814E-16
 7700.92794454066  1.478795E-16
 7702.84830626678  1.509248E-16
 7704.76866799289  1.613517E-16
 7706.68902971901  1.562961E-16
 7708.60939144512  1.588486E-16
 7710.52975317124  1.802236E-16
 7712.45011489735  1.644463E-16
 7714.37047662346  1.351682E-16
 7716.29083834958  1.598636E-16
 7718.21120007569  1.806785E-16
 7720.13156180181  1.604639E-16
 7722.05192352792  1.448657E-16
 7723.97228525404  1.523840E-16
 7725.89264698015  1.596920E-16
 7727.81300870626  1.561861E-16
 7729.73337043238  1.627947E-16
 7731.65373215849  1.596481E-16
 7733.57409388461  1.535676E-16
 7735.49445561072  1.665364E-16
 7737.41481733684  1.605603E-16
 7739.33517906295  1.487528E-16
 7741.25554078907  1.473351E-16
 7743.17590251518  1.512659E-16
 7745.09626424129  1.649838E-16
 7747.01662596741  1.693316E-16
 7748.93698769352  1.667814E-16
 7750.85734941964  1.797681E-16
 7752.77771114575  1.740816E-16
 7754.69807287187  1.707238E-16
 7756.61843459798  1.481625E-16
 7758.5387963241   1.370465E-16
 7760.45915805021  1.484565E-16
 7762.37951977632  1.526306E-16
 7764.29988150244  1.560168E-16
 7766.22024322855  1.534768E-16
 7768.14060495467  1.553350E-16
 7770.06096668078  1.556224E-16
 7771.98132840689  1.947041E-16
 7773.90169013301  2.388345E-16
 7775.82205185912  1.613778E-16
 7777.74241358524  1.527003E-16
 7779.66277531135  1.644942E-16
 7781.58313703747  1.652058E-16
 7783.50349876358  1.577306E-16
 7785.42386048969  1.657237E-16
 7787.34422221581  1.774053E-16
 7789.26458394192  1.657050E-16
 7791.18494566804  1.558987E-16
 7793.10530739415  1.521281E-16
 7795.02566912027  1.686362E-16
 7796.94603084638  1.643112E-16
 7798.86639257249  1.415185E-16
 7800.78675429861  1.377262E-16
 7802.70711602472  1.500156E-16
 7804.62747775084  1.636265E-16
 7806.54783947695  1.490053E-16
 7808.46820120307  1.203668E-16
 7810.38856292918  1.232318E-16
 7812.3089246553   1.373391E-16
 7814.22928638141  1.269910E-16
 7816.14964810752  1.463093E-16
 7818.07000983364  1.492481E-16
 7819.99037155975  1.635082E-16
 7821.91073328587  1.636951E-16
 7823.83109501198  1.506889E-16
 7825.75145673809  1.553842E-16
 7827.67181846421  1.789733E-16
 7829.59218019032  1.789926E-16
 7831.51254191644  1.493659E-16
 7833.43290364255  1.450750E-16
 7835.35326536867  1.553022E-16
 7837.27362709478  1.495291E-16
 7839.1939888209   1.619138E-16
 7841.11435054701  1.729907E-16
 7843.03471227312  1.663799E-16
 7844.95507399924  1.632534E-16
 7846.87543572535  1.545129E-16
 7848.79579745147  1.555138E-16
 7850.71615917758  1.428426E-16
 7852.6365209037   1.704677E-16
 7854.55688262981  1.585646E-16
 7856.47724435592  1.455142E-16
 7858.39760608204  1.449240E-16
 7860.31796780815  1.761921E-16
 7862.23832953427  1.575910E-16
 7864.15869126038  1.467710E-16
 7866.0790529865   1.502420E-16
 7867.99941471261  1.473580E-16
 7869.91977643872  1.533449E-16
 7871.84013816484  1.418136E-16
 7873.76049989095  1.518631E-16
 7875.68086161707  1.563538E-16
 7877.60122334318  1.530316E-16
 7879.52158506929  1.673671E-16
 7881.44194679541  1.634573E-16
 7883.36230852152  1.638445E-16
 7885.28267024764  1.685321E-16
 7887.20303197375  1.521054E-16
 7889.12339369987  1.486984E-16
 7891.04375542598  1.557851E-16
 7892.9641171521   1.516041E-16
 7894.88447887821  1.534040E-16
 7896.80484060432  1.456020E-16
 7898.72520233044  1.431180E-16
 7900.64556405655  1.574850E-16
 7902.56592578267  1.470955E-16
 7904.48628750878  1.401864E-16
 7906.40664923489  1.533666E-16
 7908.32701096101  1.369885E-16
 7910.24737268712  1.407659E-16
 7912.16773441324  1.607251E-16
 7914.08809613935  1.749695E-16
 7916.00845786547  1.583617E-16
 7917.92881959158  1.500836E-16
 7919.8491813177   1.607898E-16
 7921.76954304381  1.464975E-16
 7923.68990476992  1.422736E-16
 7925.61026649604  1.391765E-16
 7927.53062822215  1.681734E-16
 7929.45098994827  1.721858E-16
 7931.37135167438  1.477547E-16
 7933.2917134005   1.475091E-16
 7935.21207512661  1.589131E-16
 7937.13243685272  1.392934E-16
 7939.05279857884  1.320592E-16
 7940.97316030495  1.496816E-16
 7942.89352203107  1.586392E-16
 7944.81388375718  1.594637E-16
 7946.7342454833   1.560295E-16
 7948.65460720941  1.579366E-16
 7950.57496893552  1.520788E-16
 7952.49533066164  1.594860E-16
 7954.41569238775  1.641107E-16
 7956.33605411387  1.609975E-16
 7958.25641583998  1.636084E-16
 7960.1767775661   1.628017E-16
 7962.09713929221  1.567172E-16
 7964.01750101832  1.394254E-16
 7965.93786274444  1.569282E-16
 7967.85822447055  1.524416E-16
 7969.77858619667  1.446232E-16
 7971.69894792278  1.338520E-16
 7973.6193096489   1.216302E-16
 7975.53967137501  1.348451E-16
 7977.46003310113  1.511637E-16
 7979.38039482724  1.431757E-16
 7981.30075655335  1.383675E-16
 7983.22111827947  1.368698E-16
 7985.14148000558  1.390616E-16
 7987.0618417317   1.485981E-16
 7988.98220345781  1.473668E-16
 7990.90256518393  1.482417E-16
 7992.82292691004  1.552540E-16
 7994.74328863615  2.247241E-16
 7996.66365036227  2.374329E-16
 7998.58401208838  1.520493E-16
 8000.5043738145   1.554971E-16
 8002.42473554061  1.389994E-16
 8004.34509726673  1.448220E-16
 8006.26545899284  1.574482E-16
 8008.18582071895  1.466024E-16
 8010.10618244507  1.517582E-16
 8012.02654417118  1.528693E-16
 8013.9469058973   1.379735E-16
 8015.86726762341  1.471264E-16
 8017.78762934952  1.456037E-16
 8019.70799107564  1.466921E-16
 8021.62835280175  1.312886E-16
 8023.54871452787  1.448707E-16
 8025.46907625398  1.585323E-16
 8027.3894379801   1.631955E-16
 8029.30979970621  1.506270E-16
 8031.23016143233  1.500558E-16
 8033.15052315844  1.599497E-16
 8035.07088488455  1.443837E-16
 8036.99124661067  1.411191E-16
 8038.91160833678  1.555848E-16
 8040.8319700629   1.557368E-16
 8042.75233178901  1.449682E-16
 8044.67269351513  1.621541E-16
 8046.59305524124  1.477310E-16
 8048.51341696736  1.509749E-16
 8050.43377869347  1.481452E-16
 8052.35414041958  1.333043E-16
 8054.2745021457   1.390812E-16
 8056.19486387181  1.596801E-16
 8058.11522559793  1.750760E-16
 8060.03558732404  1.560210E-16
 8061.95594905015  1.482810E-16
 8063.87631077627  1.389492E-16
 8065.79667250238  1.421492E-16
 8067.7170342285   1.628283E-16
 8069.63739595461  1.655757E-16
 8071.55775768073  1.484040E-16
 8073.47811940684  1.387946E-16
 8075.39848113295  1.525897E-16
 8077.31884285907  1.605664E-16
 8079.23920458518  1.409900E-16
 8081.1595663113   1.267344E-16
 8083.07992803741  1.303679E-16
 8085.00028976352  1.230139E-16
 8086.92065148964  1.402311E-16
 8088.84101321575  1.328414E-16
 8090.76137494187  1.278865E-16
 8092.68173666798  1.164799E-16
 8094.6020983941   1.226632E-16
 8096.52246012021  1.239911E-16
 8098.44282184633  1.256461E-16
 8100.36318357244  1.343597E-16
 8102.28354529855  1.465864E-16
 8104.20390702467  1.462220E-16
 8106.12426875078  1.372784E-16
 8108.0446304769   1.401554E-16
 8109.96499220301  1.583421E-16
 8111.88535392913  1.647051E-16
 8113.80571565524  1.507632E-16
 8115.72607738135  1.459876E-16
 8117.64643910747  1.430639E-16
 8119.56680083358  1.405983E-16
 8121.4871625597   1.322675E-16
 8123.40752428581  1.229852E-16
 8125.32788601193  1.423607E-16
 8127.24824773804  1.501639E-16
 8129.16860946416  1.412515E-16
 8131.08897119027  1.395584E-16
 8133.00933291638  1.224666E-16
 8134.9296946425   1.129838E-16
 8136.85005636861  1.331923E-16
 8138.77041809473  1.527382E-16
 8140.69077982084  1.400492E-16
 8142.61114154695  1.341454E-16
 8144.53150327307  1.476357E-16
 8146.45186499918  1.538917E-16
 8148.3722267253   1.475419E-16
 8150.29258845141  1.481486E-16
 8152.21295017752  1.615100E-16
 8154.13331190364  1.517395E-16
 8156.05367362976  1.414059E-16
 8157.97403535587  1.529511E-16
 8159.89439708198  1.405865E-16
 8161.8147588081   1.338701E-16
 8163.73512053421  1.586138E-16
 8165.65548226033  1.482715E-16
 8167.57584398644  1.446824E-16
 8169.49620571256  1.557981E-16
 8171.41656743867  1.390909E-16
 8173.33692916478  1.464555E-16
 8175.2572908909   1.456179E-16
 8177.17765261701  1.191693E-16
 8179.09801434313  1.278806E-16
 8181.01837606924  1.466724E-16
 8182.93873779536  1.429991E-16
 8184.85909952147  1.412033E-16
 8186.77946124758  1.372576E-16
 8188.6998229737   1.362986E-16
 8190.62018469981  1.365819E-16
 8192.54054642593  1.312962E-16
 8194.46090815204  1.531510E-16
 8196.38126987816  1.668034E-16
 8198.30163160427  1.637321E-16
 8200.22199333038  1.374560E-16
 8202.1423550565   1.527885E-16
 8204.06271678261  1.528139E-16
 8205.98307850873  1.795069E-16
 8207.90344023484  1.533557E-16
 8209.82380196096  1.476903E-16
 8211.74416368707  1.431425E-16
 8213.66452541318  1.365710E-16
 8215.5848871393   1.302733E-16
 8217.50524886541  1.483743E-16
 8219.42561059153  1.352492E-16
 8221.34597231764  1.229462E-16
 8223.26633404376  1.328928E-16
 8225.18669576987  1.211317E-16
 8227.10705749598  1.215498E-16
 8229.0274192221   1.116020E-16
 8230.94778094821  1.209143E-16
 8232.86814267433  1.506093E-16
 8234.78850440044  1.437160E-16
 8236.70886612656  1.426254E-16
 8238.62922785267  1.407736E-16
 8240.54958957878  1.400787E-16
 8242.4699513049   1.197432E-16
 8244.39031303101  1.358258E-16
 8246.31067475713  1.426272E-16
 8248.23103648324  1.557572E-16
 8250.15139820935  1.417192E-16
 8252.07175993547  1.384367E-16
 8253.99212166158  1.424022E-16
 8255.9124833877   1.453903E-16
 8257.83284511381  1.363493E-16
 8259.75320683993  1.352161E-16
 8261.67356856604  1.413170E-16
 8263.59393029216  1.460568E-16
 8265.51429201827  1.570446E-16
 8267.43465374438  1.320297E-16
 8269.3550154705   1.375391E-16
 8271.27537719661  1.520049E-16
 8273.19573892273  1.390771E-16
 8275.11610064884  1.462831E-16
 8277.03646237496  1.556213E-16
 8278.95682410107  1.716929E-16
 8280.87718582719  1.592731E-16
 8282.7975475533   1.386348E-16
 8284.71790927941  1.533938E-16
 8286.63827100553  1.596129E-16
 8288.55863273164  1.581583E-16
 8290.47899445776  1.431658E-16
 8292.39935618387  1.290775E-16
 8294.31971790998  1.448839E-16
 8296.2400796361   1.503194E-16
 8298.16044136221  1.323727E-16
 8300.08080308833  1.291102E-16
 8302.00116481444  1.236275E-16
 8303.92152654056  1.170474E-16
 8305.84188826667  1.357970E-16
 8307.76224999278  1.390877E-16
 8309.6826117189   1.421219E-16
 8311.60297344501  1.346477E-16
 8313.52333517113  1.356201E-16
 8315.44369689724  1.466050E-16
 8317.36405862336  1.471025E-16
 8319.28442034947  1.430784E-16
 8321.20478207559  1.516791E-16
 8323.1251438017   1.356986E-16
 8325.04550552781  1.347196E-16
 8326.96586725393  1.547466E-16
 8328.88622898004  1.465698E-16
 8330.80659070616  1.274599E-16
 8332.72695243227  1.232738E-16
 8334.64731415839  1.304634E-16
 8336.5676758845   1.341311E-16
 8338.48803761061  1.254294E-16
 8340.40839933673  1.158364E-16
 8342.32876106284  1.088387E-16
 8344.24912278896  1.075148E-16
 8346.16948451507  1.279856E-16
 8348.08984624118  1.531064E-16
 8350.0102079673   1.580746E-16
 8351.93056969341  1.565315E-16
 8353.85093141953  1.272856E-16
 8355.77129314564  1.346365E-16
 8357.69165487176  1.446661E-16
 8359.61201659787  1.537117E-16
 8361.53237832399  1.619899E-16
 8363.4527400501   1.751309E-16
 8365.37310177621  1.667900E-16
 8367.29346350233  1.366770E-16
 8369.21382522844  1.266425E-16
 8371.13418695456  1.377288E-16
 8373.05454868067  1.412707E-16
 8374.97491040679  1.329544E-16
 8376.8952721329   1.380805E-16
 8378.81563385902  1.618599E-16
 8380.73599558513  1.604783E-16
 8382.65635731124  1.460112E-16
 8384.57671903736  1.527323E-16
 8386.49708076347  1.327713E-16
 8388.41744248959  1.300871E-16
 8390.3378042157   1.224096E-16
 8392.25816594182  1.484548E-16
 8394.17852766793  1.343849E-16
 8396.09888939404  1.451865E-16
 8398.01925112016  1.218833E-16
 8399.93961284627  1.213169E-16
 8401.85997457239  1.472978E-16
 8403.7803362985   1.506385E-16
 8405.70069802461  1.443616E-16
 8407.62105975073  1.394276E-16
 8409.54142147684  1.410767E-16
 8411.46178320296  1.453688E-16
 8413.38214492907  1.334214E-16
 8415.30250665519  1.184686E-16
 8417.2228683813   1.338924E-16
 8419.14323010741  1.445869E-16
 8421.06359183353  1.186086E-16
 8422.98395355964  1.380791E-16
 8424.90431528576  1.400805E-16
 8426.82467701187  1.422432E-16
 8428.74503873799  1.254388E-16
 8430.6654004641   1.487583E-16
 8432.58576219022  1.820811E-16
 8434.50612391633  1.295660E-16
 8436.42648564244  1.256243E-16
 8438.34684736856  1.328559E-16
 8440.26720909467  1.324776E-16
 8442.18757082079  1.345479E-16
 8444.1079325469   1.254673E-16
 8446.02829427301  1.289915E-16
 8447.94865599913  1.317411E-16
 8449.86901772524  1.284761E-16
 8451.78937945136  1.443365E-16
 8453.70974117747  1.537130E-16
 8455.63010290359  1.447007E-16
 8457.5504646297   1.456355E-16
 8459.47082635582  1.541274E-16
 8461.39118808193  1.387374E-16
 8463.31154980804  1.370743E-16
 8465.23191153416  1.304342E-16
 8467.15227326027  1.398004E-16
 8469.07263498639  1.391834E-16
 8470.9929967125   1.440620E-16
 8472.91335843861  1.382724E-16
 8474.83372016473  1.390478E-16
 8476.75408189084  1.676192E-16
 8478.67444361696  1.501591E-16
 8480.59480534307  1.155322E-16
 8482.51516706919  1.160694E-16
 8484.4355287953   1.257039E-16
 8486.35589052141  1.324398E-16
 8488.27625224753  1.273233E-16
 8490.19661397364  1.173725E-16
 8492.11697569976  1.335369E-16
 8494.03733742587  1.385473E-16
 8495.95769915199  1.196826E-16
 8497.8780608781   1.318590E-16
 8499.79842260422  1.380640E-16
 8501.71878433033  1.283418E-16
 8503.63914605644  1.314848E-16
 8505.55950778256  1.356545E-16
 8507.47986950867  1.567848E-16
 8509.40023123479  1.523006E-16
 8511.3205929609   1.643400E-16
 8513.24095468702  1.391792E-16
 8515.16131641313  1.566693E-16
 8517.08167813925  1.729765E-16
 8519.00203986536  1.609177E-16
 8520.92240159147  1.423176E-16
 8522.84276331759  1.428199E-16
 8524.7631250437   1.443752E-16
 8526.68348676981  1.384457E-16
 8528.60384849593  1.381596E-16
 8530.52421022204  1.383623E-16
 8532.44457194816  1.452145E-16
 8534.36493367427  1.470083E-16
 8536.28529540039  1.716405E-16
 8538.2056571265   1.612767E-16
 8540.12601885261  1.833826E-16
 8542.04638057873  1.387831E-16
 8543.96674230484  1.498416E-16
 8545.88710403096  1.576912E-16
 8547.80746575707  1.442451E-16
 8549.72782748319  1.375399E-16
 8551.6481892093   1.497514E-16
 8553.56855093542  1.818023E-16
 8555.48891266153  1.853338E-16
 8557.40927438764  1.498798E-16
 8559.32963611376  1.396414E-16
 8561.24999783987  1.637549E-16
 8563.17035956599  1.616076E-16
 8565.0907212921   1.562428E-16
 8567.01108301822  1.597975E-16
 8568.93144474433  1.369485E-16
 8570.85180647044  1.436362E-16
 8572.77216819656  1.702068E-16
 8574.69252992267  1.724667E-16
 8576.61289164879  1.695559E-16
 8578.5332533749   1.508284E-16
 8580.45361510102  1.478720E-16
 8582.37397682713  1.446894E-16
 8584.29433855324  1.646808E-16
 8586.21470027936  1.741363E-16
 8588.13506200547  1.717527E-16
 8590.05542373159  1.813937E-16
 8591.9757854577   1.772865E-16
 8593.89614718382  1.590700E-16
 8595.81650890993  1.519742E-16
 8597.73687063605  1.569305E-16
 8599.65723236216  1.508868E-16
 8601.57759408827  1.458005E-16
 8603.49795581439  1.421962E-16
 8605.4183175405   1.362991E-16
 8607.33867926662  1.441446E-16
 8609.25904099273  1.387061E-16
 8611.17940271884  1.328500E-16
 8613.09976444496  1.388750E-16
 8615.02012617107  1.277136E-16
 8616.94048789719  1.166221E-16
 8618.8608496233   1.308943E-16
 8620.78121134942  1.355624E-16
 8622.70157307553  1.578122E-16
 8624.62193480164  1.668583E-16
 8626.54229652776  1.432703E-16
 8628.46265825387  1.176383E-16
 8630.38301997999  1.433696E-16
 8632.3033817061   1.550354E-16
 8634.22374343222  1.487256E-16
 8636.14410515833  1.466632E-16
 8638.06446688445  1.327700E-16
 8639.98482861056  1.246615E-16
 8641.90519033667  1.282243E-16
 8643.82555206279  1.334938E-16
 8645.7459137889   1.499302E-16
 8647.66627551502  1.473304E-16
 8649.58663724113  1.200711E-16
 8651.50699896725  1.291878E-16
 8653.42736069336  1.464483E-16
 8655.34772241947  1.308698E-16
 8657.26808414559  1.414538E-16
 8659.1884458717   1.178047E-16
 8661.10880759782  1.262997E-16
 8663.02916932393  1.411040E-16
 8664.94953105005  1.151103E-16
 8666.86989277616  1.264035E-16
 8668.79025450227  1.272274E-16
 8670.71061622839  1.192702E-16
 8672.6309779545   1.424661E-16
 8674.55133968062  1.527631E-16
 8676.47170140673  1.242262E-16
 8678.39206313285  1.112947E-16
 8680.31242485896  1.254786E-16
 8682.23278658507  1.398898E-16
 8684.15314831119  1.407944E-16
 8686.0735100373   1.604852E-16
 8687.99387176342  1.982786E-16
 8689.91423348953  1.469794E-16
 8691.83459521564  1.661287E-16
 8693.75495694176  1.764032E-16
 8695.67531866788  1.630278E-16
 8697.59568039399  1.596291E-16
 8699.5160421201   1.678083E-16
 8701.43640384622  1.776086E-16
 8703.35676557233  1.771735E-16
 8705.27712729844  1.700438E-16
 8707.19748902456  1.707763E-16
 8709.11785075067  1.734957E-16
 8711.03821247679  1.568506E-16
 8712.95857420291  1.600533E-16
 8714.87893592902  1.774062E-16
 8716.79929765513  1.611656E-16
 8718.71965938125  1.475153E-16
 8720.64002110736  1.446869E-16
 8722.56038283348  1.306899E-16
 8724.48074455959  1.342119E-16
 8726.4011062857   1.295416E-16
 8728.32146801182  1.241098E-16
 8730.24182973793  1.334978E-16
 8732.16219146405  1.383357E-16
 8734.08255319016  1.447861E-16
 8736.00291491627  1.303636E-16
 8737.92327664239  1.409822E-16
 8739.8436383685   1.351476E-16
 8741.76400009462  1.274024E-16
 8743.68436182073  1.230223E-16
 8745.60472354684  1.435925E-16
 8747.52508527296  1.575203E-16
 8749.44544699907  1.279900E-16
 8751.36580872519  1.257162E-16
 8753.2861704513   1.595240E-16
 8755.20653217742  1.648579E-16
 8757.12689390353  1.319053E-16
 8759.04725562965  1.093046E-16
 8760.96761735576  9.734381E-17
 8762.88797908187  1.003719E-16
 8764.80834080799  1.253742E-16
 8766.72870253411  1.226241E-16
 8768.64906426022  1.604883E-16
 8770.56942598633  1.241975E-16
 8772.48978771245  1.357109E-16
 8774.41014943856  1.588335E-16
 8776.33051116468  1.318877E-16
 8778.25087289079  1.190873E-16
 8780.1712346169   1.118554E-16
 8782.09159634302  1.217307E-16
 8784.01195806913  1.157600E-16
 8785.93231979525  1.070856E-16
 8787.85268152136  1.047933E-16
 8789.77304324748  1.143783E-16
 8791.69340497359  1.357162E-16
 8793.6137666997   1.459143E-16
 8795.53412842582  1.289110E-16
 8797.45449015193  1.214992E-16
 8799.37485187805  1.392762E-16
 8801.29521360416  1.439572E-16
 8803.21557533027  1.295359E-16
 8805.13593705639  1.171712E-16
 8807.0562987825   1.255979E-16
 8808.97666050862  1.120701E-16
 8810.89702223473  1.048238E-16
 8812.81738396085  1.178992E-16
 8814.73774568696  1.323151E-16
 8816.65810741308  1.172039E-16
 8818.57846913919  1.103812E-16
 8820.4988308653   9.907416E-17
 8822.41919259142  1.246993E-16
 8824.33955431753  1.411812E-16
 8826.25991604365  1.270219E-16
 8828.18027776976  1.210719E-16
 8830.10063949588  1.086986E-16
 8832.02100122199  1.216870E-16
 8833.94136294811  1.240317E-16
 8835.86172467422  1.499083E-16
 8837.78208640033  1.759751E-16
 8839.70244812645  1.324573E-16
 8841.62280985256  1.173284E-16
 8843.54317157867  1.198583E-16
 8845.46353330479  1.367572E-16
 8847.38389503091  1.307343E-16
 8849.30425675702  1.283702E-16
 8851.22461848313  1.283382E-16
 8853.14498020925  1.292837E-16
 8855.06534193536  1.231329E-16
 8856.98570366148  1.459325E-16
 8858.90606538759  1.166867E-16
 8860.8264271137   9.603973E-17
 8862.74678883982  1.062265E-16
 8864.66715056593  1.378189E-16
 8866.58751229205  1.300173E-16
 8868.50787401816  1.092158E-16
 8870.42823574427  1.224523E-16
 8872.34859747039  1.201711E-16
 8874.2689591965   1.103851E-16
 8876.18932092262  1.142131E-16
 8878.10968264873  1.023672E-16
 8880.03004437485  1.039566E-16
 8881.95040610096  1.196808E-16
 8883.87076782708  1.191574E-16
 8885.79112955319  1.437506E-16
 8887.7114912793   1.557773E-16
 8889.63185300542  1.236891E-16
 8891.55221473153  1.213302E-16
 8893.47257645765  1.305926E-16
 8895.39293818376  2.015399E-16
 8897.31329990988  1.238713E-16
 8899.23366163599  6.461179E-17
 8901.1540233621   9.423144E-17
 8903.07438508822  9.181816E-17
 8904.99474681433  1.290052E-16
 8906.91510854045  1.207631E-16
 8908.83547026656  1.826067E-16
 8910.75583199268  1.648427E-16
 8912.67619371879  1.217554E-16
 8914.59655544491  1.341325E-16
 8916.51691717102  1.182097E-16
 8918.43727889713  1.254935E-16
 8920.35764062325  1.340987E-16
 8922.27800234936  1.334864E-16
 8924.19836407548  1.411094E-16
 8926.11872580159  1.107418E-16
 8928.0390875277   1.308278E-16
 8929.95944925382  1.160154E-16
 8931.87981097993  1.119962E-16
 8933.80017270605  1.559465E-16
 8935.72053443216  1.445981E-16
 8937.64089615828  1.283807E-16
 8939.56125788439  8.951255E-17
 8941.4816196105   1.015440E-16
 8943.40198133662  1.238273E-16
 8945.32234306273  1.005941E-16
 8947.24270478885  1.246575E-16
 8949.16306651496  1.207414E-16
 8951.08342824108  1.193231E-16
 8953.00378996719  1.388027E-16
 8954.92415169331  1.100983E-16
 8956.84451341942  9.480566E-17
 8958.76487514553  1.219403E-16
 8960.68523687165  1.337951E-16
 8962.60559859776  1.231078E-16
 8964.52596032388  1.193097E-16
 8966.44632204999  1.342626E-16
 8968.36668377611  1.194105E-16
 8970.28704550222  1.167706E-16
 8972.20740722833  1.121628E-16
 8974.12776895445  1.019053E-16
 8976.04813068056  1.178426E-16
 8977.96849240668  1.278167E-16
 8979.88885413279  1.250537E-16
 8981.80921585891  1.231174E-16
 8983.72957758502  1.036630E-16
 8985.64993931113  1.123721E-16
 8987.57030103725  1.154155E-16
 8989.49066276336  1.750933E-16
 8991.41102448948  1.719022E-16
 8993.33138621559  1.224169E-16
 8995.25174794171  1.136032E-16
 8997.17210966782  1.064315E-16
 8999.09247139393  1.260352E-16
 9001.01283312005  1.228037E-16
 9002.93319484616  8.187047E-17
 9004.85355657228  1.047787E-16
 9006.77391829839  1.244117E-16
 9008.69428002451  1.402876E-16
 9010.61464175062  1.325973E-16
 9012.53500347674  1.090596E-16
 9014.45536520285  1.037722E-16
 9016.37572692896  1.274949E-16
 9018.29608865508  1.089106E-16
 9020.21645038119  9.921443E-17
 9022.1368121073   1.047978E-16
 9024.05717383342  9.808502E-17
 9025.97753555953  1.147942E-16
 9027.89789728565  1.259741E-16
 9029.81825901176  1.111486E-16
 9031.73862073788  1.200583E-16
 9033.65898246399  1.169554E-16
 9035.5793441901   1.256009E-16
 9037.49970591622  1.229531E-16
 9039.42006764233  1.163164E-16
 9041.34042936845  1.109649E-16
 9043.26079109456  1.026837E-16
 9045.18115282068  1.073302E-16
 9047.10151454679  9.867990E-17
 9049.02187627291  1.146252E-16
 9050.94223799902  1.170156E-16
 9052.86259972513  1.032188E-16
 9054.78296145125  1.029533E-16
 9056.70332317736  1.159075E-16
 9058.62368490348  1.094860E-16
 9060.54404662959  1.036993E-16
 9062.46440835571  1.099968E-16
 9064.38477008182  8.051815E-17
 9066.30513180793  1.088981E-16
 9068.22549353405  1.057270E-16
 9070.14585526016  7.345509E-17
 9072.06621698628  8.586744E-17
 9073.98657871239  1.256643E-16
 9075.9069404385   1.196421E-16
 9077.82730216462  8.363458E-17
 9079.74766389073  1.030982E-16
 9081.66802561685  1.159061E-16
 9083.58838734296  1.047812E-16
 9085.50874906908  1.117194E-16
 9087.42911079519  1.153434E-16
 9089.34947252131  1.138688E-16
 9091.26983424742  1.017964E-16
 9093.19019597353  1.023390E-16
 9095.11055769965  7.524622E-17
 9097.03091942576  9.745792E-17
 9098.95128115188  1.262194E-16
 9100.87164287799  9.194034E-17
 9102.7920046041   9.139838E-17
 9104.71236633022  1.305830E-16
 9106.63272805633  1.284471E-16
 9108.55308978245  1.071674E-16
 9110.47345150856  8.331941E-17
 9112.39381323468  1.125180E-16
 9114.31417496079  1.340913E-16
 9116.23453668691  1.053451E-16
 9118.15489841302  1.049958E-16
 9120.07526013914  1.170184E-16
 9121.99562186525  1.043271E-16
 9123.91598359136  1.015916E-16
 9125.83634531748  9.536958E-17
 9127.75670704359  9.416382E-17
 9129.67706876971  1.164368E-16
 9131.59743049582  1.150374E-16
 9133.51779222193  1.126241E-16
 9135.43815394805  1.134880E-16
 9137.35851567416  8.814878E-17
 9139.27887740028  9.980000E-17
 9141.19923912639  9.527117E-17
 9143.11960085251  8.552118E-17
 9145.03996257862  9.076531E-17
 9146.96032430473  1.028747E-16
 9148.88068603085  9.278843E-17
 9150.80104775696  9.771577E-17
 9152.72140948308  8.989160E-17
 9154.64177120919  9.906960E-17
 9156.5621329353   1.026710E-16
 9158.48249466142  1.147950E-16
 9160.40285638754  1.088860E-16
 9162.32321811365  1.094982E-16
 9164.24357983977  1.107503E-16
 9166.16394156588  1.207589E-16
 9168.08430329199  1.271481E-16
 9170.00466501811  1.136132E-16
 9171.92502674422  1.026147E-16
 9173.84538847033  9.633904E-17
 9175.76575019645  1.154987E-16
 9177.68611192256  1.352090E-16
 9179.60647364868  1.242025E-16
 9181.52683537479  1.233598E-16
 9183.44719710091  1.039524E-16
 9185.36755882702  1.180348E-16
 9187.28792055314  1.145219E-16
 9189.20828227925  1.149770E-16
 9191.12864400536  0.
