 3632.834          4.525648E-18
 3634.90240717206  -2.015771E-18
 3636.97081434412  1.110255E-17
 3639.03922151618  1.071314E-17
 3641.10762868824  -4.525808E-18
 3643.1760358603   2.784628E-18
 3645.24444303236  3.929594E-18
 3647.31285020442  3.473944E-18
 3649.38125737648  -1.664237E-18
 3651.44966454854  -2.275846E-18
 3653.5180717206   -3.321514E-18
 3655.58647889266  -7.346999E-18
 3657.65488606472  9.297715E-19
 3659.72329323678  -1.253226E-18
 3661.79170040884  1.291077E-18
 3663.8601075809   -7.019400E-18
 3665.92851475295  -5.153200E-18
 3667.99692192501  7.304620E-18
 3670.06532909707  5.969655E-18
 3672.13373626913  1.046446E-17
 3674.20214344119  -6.999926E-18
 3676.27055061325  -4.021703E-18
 3678.33895778531  7.391521E-18
 3680.40736495737  5.965652E-18
 3682.47577212943  1.256302E-17
 3684.54417930149  -3.952804E-18
 3686.61258647355  3.019453E-18
 3688.68099364561  -3.454440E-20
 3690.74940081767  2.714302E-18
 3692.81780798973  -1.934951E-18
 3694.88621516179  -4.142063E-19
 3696.95462233385  2.768254E-18
 3699.02302950591  5.307006E-19
 3701.09143667797  3.182325E-18
 3703.15984385003  2.435369E-18
 3705.22825102209  -6.263669E-19
 3707.29665819415  8.382426E-19
 3709.36506536621  -3.411650E-18
 3711.43347253827  3.102672E-19
 3713.50187971033  6.871972E-18
 3715.57028688238  -9.870438E-19
 3717.63869405444  -1.193680E-18
 3719.7071012265   2.182230E-18
 3721.77550839856  2.081770E-18
 3723.84391557062  -1.818276E-18
 3725.91232274268  2.374602E-18
 3727.98072991474  6.270436E-18
 3730.0491370868   2.618578E-18
 3732.11754425886  -5.281146E-18
 3734.18595143092  -1.242241E-17
 3736.25435860298  -2.858314E-17
 3738.32276577504  -2.240712E-17
 3740.3911729471   -2.211524E-17
 3742.45958011916  -7.236256E-18
 3744.52798729122  1.292340E-18
 3746.59639446328  6.549387E-18
 3748.66480163534  3.830061E-18
 3750.7332088074   -4.466954E-18
 3752.80161597946  -1.899742E-18
 3754.87002315152  8.857052E-18
 3756.93843032358  3.787868E-18
 3759.00683749564  -2.147891E-18
 3761.0752446677   1.106239E-18
 3763.14365183976  1.976710E-18
 3765.21205901181  -4.290676E-18
 3767.28046618388  4.981380E-19
 3769.34887335593  -2.477699E-19
 3771.41728052799  1.322168E-19
 3773.48568770005  6.614288E-18
 3775.55409487211  1.870858E-18
 3777.62250204417  5.488599E-19
 3779.69090921623  3.778822E-18
 3781.75931638829  5.831402E-18
 3783.82772356035  6.679955E-19
 3785.89613073241  1.935823E-18
 3787.96453790447  8.205504E-18
 3790.03294507653  5.753885E-18
 3792.10135224859  3.905826E-18
 3794.16975942065  -7.061834E-19
 3796.23816659271  -5.492153E-18
 3798.30657376477  2.943089E-20
 3800.37498093683  -7.546488E-19
 3802.44338810889  4.075159E-18
 3804.51179528095  4.554980E-18
 3806.58020245301  8.596455E-19
 3808.64860962507  2.960401E-18
 3810.71701679713  -3.645417E-18
 3812.78542396919  1.224123E-19
 3814.85383114125  3.360466E-18
 3816.92223831331  5.901055E-18
 3818.99064548537  3.701628E-18
 3821.05905265743  1.457938E-18
 3823.12745982948  3.345428E-18
 3825.19586700154  8.399883E-18
 3827.2642741736   2.251973E-18
 3829.33268134566  3.726553E-18
 3831.40108851772  2.949958E-18
 3833.46949568978  -3.725962E-20
 3835.53790286184  -1.333934E-18
 3837.6063100339   3.430511E-18
 3839.67471720596  5.095502E-18
 3841.74312437802  8.822720E-19
 3843.81153155008  5.826651E-18
 3845.87993872214  3.125704E-18
 3847.9483458942   -1.326526E-18
 3850.01675306626  1.166660E-18
 3852.08516023832  5.617252E-18
 3854.15356741038  3.580202E-18
 3856.22197458244  4.040595E-18
 3858.2903817545   5.572161E-19
 3860.35878892656  1.475638E-18
 3862.42719609862  6.005175E-19
 3864.49560327068  1.328857E-18
 3866.56401044274  2.701471E-18
 3868.6324176148   2.890037E-18
 3870.70082478686  2.290065E-18
 3872.76923195891  3.525990E-18
 3874.83763913097  6.175235E-18
 3876.90604630303  3.087383E-18
 3878.97445347509  -5.793645E-19
 3881.04286064715  4.304289E-18
 3883.11126781921  6.244411E-18
 3885.17967499127  2.091016E-18
 3887.24808216333  -1.851910E-20
 3889.31648933539  5.124588E-18
 3891.38489650745  6.411046E-18
 3893.45330367951  3.089798E-18
 3895.52171085157  8.602697E-19
 3897.59011802363  1.585501E-18
 3899.65852519569  -1.378879E-18
 3901.72693236775  5.648365E-20
 3903.79533953981  1.085923E-18
 3905.86374671187  3.232787E-18
 3907.93215388393  4.091485E-18
 3910.00056105599  4.262765E-18
 3912.06896822805  7.148265E-19
 3914.13737540011  2.042031E-18
 3916.20578257217  8.912190E-19
 3918.27418974423  -3.209447E-19
 3920.34259691629  1.948336E-18
 3922.41100408835  2.655937E-18
 3924.4794112604   3.664514E-18
 3926.54781843246  2.781323E-18
 3928.61622560452  9.443086E-19
 3930.68463277658  4.185894E-18
 3932.75303994864  5.563303E-18
 3934.8214471207   1.293440E-18
 3936.88985429276  1.734509E-18
 3938.95826146482  4.044793E-18
 3941.02666863688  6.074278E-18
 3943.09507580894  4.156572E-18
 3945.163482981    3.066603E-18
 3947.23189015306  4.922724E-18
 3949.30029732512  1.446469E-18
 3951.36870449718  -2.638795E-19
 3953.43711166924  9.592140E-19
 3955.5055188413   2.777104E-18
 3957.57392601336  3.412768E-18
 3959.64233318542  3.634411E-18
 3961.71074035748  3.475782E-18
 3963.77914752954  7.739576E-20
 3965.8475547016   5.424803E-18
 3967.91596187366  4.611637E-18
 3969.98436904572  5.202569E-18
 3972.05277621777  5.121370E-18
 3974.12118338984  2.280781E-18
 3976.18959056189  3.848917E-18
 3978.25799773395  1.829770E-19
 3980.32640490601  4.124918E-18
 3982.39481207807  5.199406E-18
 3984.46321925013  4.087550E-18
 3986.53162642219  4.795306E-18
 3988.60003359425  5.877481E-18
 3990.66844076631  3.100487E-18
 3992.73684793837  2.697631E-18
 3994.80525511043  2.971244E-18
 3996.87366228249  4.877673E-19
 3998.94206945455  2.062296E-18
 4001.01047662661  3.321720E-18
 4003.07888379867  2.811147E-18
 4005.14729097073  -3.622385E-19
 4007.21569814279  8.663030E-19
 4009.28410531485  4.468940E-18
 4011.35251248691  5.760341E-18
 4013.42091965897  1.436299E-18
 4015.48932683103  1.474998E-18
 4017.55773400309  3.619412E-18
 4019.62614117515  4.158869E-18
 4021.69454834721  4.124864E-18
 4023.76295551926  4.566593E-18
 4025.83136269133  3.399587E-18
 4027.89976986339  3.539271E-18
 4029.96817703544  4.923398E-18
 4032.0365842075   4.762682E-18
 4034.10499137956  4.668530E-18
 4036.17339855162  6.062766E-18
 4038.24180572368  4.652547E-18
 4040.31021289574  4.857309E-18
 4042.3786200678   2.738059E-18
 4044.44702723986  1.859070E-18
 4046.51543441192  3.539311E-18
 4048.58384158398  5.694265E-18
 4050.65224875604  3.071984E-18
 4052.7206559281   3.225625E-18
 4054.78906310016  2.687462E-18
 4056.85747027222  1.234344E-18
 4058.92587744428  3.780187E-18
 4060.99428461634  5.534915E-18
 4063.0626917884   4.349633E-18
 4065.13109896046  4.010846E-18
 4067.19950613252  1.182480E-18
 4069.26791330458  5.087828E-18
 4071.33632047664  6.718362E-18
 4073.4047276487   5.424883E-18
 4075.47313482076  4.725635E-18
 4077.54154199282  3.638069E-18
 4079.60994916487  3.978259E-18
 4081.67835633694  7.759273E-18
 4083.74676350899  3.765415E-18
 4085.81517068105  9.232561E-19
 4087.88357785311  4.357127E-18
 4089.95198502517  4.955517E-18
 4092.02039219723  3.137993E-18
 4094.08879936929  4.135339E-18
 4096.15720654135  3.667538E-18
 4098.22561371341  3.539661E-18
 4100.29402088547  4.133607E-18
 4102.36242805753  3.274192E-18
 4104.43083522959  4.276482E-18
 4106.49924240165  3.932142E-18
 4108.56764957371  3.849379E-18
 4110.63605674577  2.481983E-19
 4112.70446391783  -3.583928E-20
 4114.77287108989  2.733668E-18
 4116.84127826195  3.489440E-18
 4118.90968543401  3.549630E-18
 4120.97809260607  5.783824E-18
 4123.04649977813  5.222294E-18
 4125.11490695019  1.573167E-18
 4127.18331412225  4.365653E-18
 4129.25172129431  3.583747E-18
 4131.32012846637  3.358689E-18
 4133.38853563842  3.847149E-18
 4135.45694281048  2.083367E-18
 4137.52534998254  4.366140E-18
 4139.5937571546   1.348854E-18
 4141.66216432666  3.224926E-18
 4143.73057149872  2.687224E-18
 4145.79897867078  4.138579E-18
 4147.86738584284  2.813648E-18
 4149.9357930149   3.406681E-18
 4152.00420018696  3.994487E-18
 4154.07260735902  2.874518E-18
 4156.14101453108  3.784984E-18
 4158.20942170314  4.012649E-18
 4160.2778288752   3.461554E-18
 4162.34623604726  7.788969E-19
 4164.41464321932  1.153103E-18
 4166.48305039138  2.823071E-18
 4168.55145756344  2.636432E-18
 4170.6198647355   2.699699E-18
 4172.68827190756  3.803591E-18
 4174.75667907962  1.251843E-18
 4176.82508625168  4.397668E-18
 4178.89349342374  3.213044E-18
 4180.9619005958   5.073062E-18
 4183.03030776786  2.063989E-18
 4185.09871493991  3.836599E-18
 4187.16712211197  5.388830E-18
 4189.23552928403  4.896282E-18
 4191.30393645609  4.473722E-18
 4193.37234362815  3.985072E-18
 4195.44075080021  3.031277E-18
 4197.50915797227  2.684705E-18
 4199.57756514433  1.366595E-18
 4201.64597231639  1.993565E-18
 4203.71437948845  2.501079E-18
 4205.78278666051  2.405509E-18
 4207.85119383257  2.999415E-18
 4209.91960100463  4.804868E-18
 4211.98800817669  2.686888E-18
 4214.05641534875  3.181331E-18
 4216.12482252081  2.521072E-18
 4218.19322969287  2.616504E-18
 4220.26163686493  2.832248E-18
 4222.33004403699  3.865388E-18
 4224.39845120905  3.667532E-18
 4226.46685838111  2.810116E-19
 4228.53526555317  1.677299E-18
 4230.60367272522  2.941086E-18
 4232.67207989729  2.385405E-18
 4234.74048706935  2.496985E-18
 4236.8088942414   3.359661E-18
 4238.87730141346  3.956132E-18
 4240.94570858552  5.057853E-18
 4243.01411575758  4.552753E-18
 4245.08252292964  5.417876E-18
 4247.1509301017   3.406236E-18
 4249.21933727376  4.606118E-18
 4251.28774444582  3.876175E-18
 4253.35615161788  3.881720E-18
 4255.42455878994  3.810138E-18
 4257.492965962    2.090271E-18
 4259.56137313406  5.266970E-18
 4261.62978030612  5.341360E-18
 4263.69818747818  1.939246E-18
 4265.76659465024  5.474322E-18
 4267.8350018223   5.001471E-18
 4269.90340899436  3.168165E-18
 4271.97181616642  4.844206E-18
 4274.04022333848  4.865995E-18
 4276.10863051054  3.750054E-18
 4278.1770376826   2.002058E-18
 4280.24544485466  2.201277E-18
 4282.31385202672  4.662323E-18
 4284.38225919878  4.438411E-18
 4286.45066637084  3.152647E-18
 4288.5190735429   2.244935E-18
 4290.58748071495  3.822514E-18
 4292.65588788701  3.707650E-18
 4294.72429505907  2.301079E-18
 4296.79270223113  4.883995E-18
 4298.86110940319  6.451287E-18
 4300.92951657525  4.164902E-18
 4302.99792374731  7.620684E-18
 4305.06633091937  4.479169E-18
 4307.13473809143  5.156156E-18
 4309.20314526349  2.366914E-18
 4311.27155243555  3.286481E-18
 4313.33995960761  3.420937E-18
 4315.40836677967  3.645807E-18
 4317.47677395173  4.547346E-18
 4319.54518112379  4.678284E-18
 4321.61358829585  4.642617E-18
 4323.68199546791  4.858483E-18
 4325.75040263997  3.090491E-18
 4327.81880981203  3.803766E-18
 4329.88721698409  4.618818E-18
 4331.95562415615  5.231665E-18
 4334.02403132821  3.791156E-18
 4336.09243850027  2.601333E-18
 4338.16084567233  2.769904E-18
 4340.22925284439  2.924842E-18
 4342.29766001644  4.334252E-18
 4344.3660671885   5.004400E-18
 4346.43447436056  3.811190E-18
 4348.50288153262  3.346455E-18
 4350.57128870468  2.299177E-18
 4352.63969587674  3.859816E-18
 4354.7081030488   6.082471E-18
 4356.77651022086  7.001828E-18
 4358.84491739292  5.590969E-18
 4360.91332456498  6.173284E-18
 4362.98173173704  5.701676E-18
 4365.0501389091   6.264047E-18
 4367.11854608116  7.567841E-18
 4369.18695325322  6.435294E-18
 4371.25536042528  7.177847E-18
 4373.32376759734  6.368163E-18
 4375.3921747694   4.625944E-18
 4377.46058194146  4.785601E-18
 4379.52898911352  4.731951E-18
 4381.59739628558  5.010268E-18
 4383.66580345764  2.437184E-18
 4385.7342106297   2.828119E-18
 4387.80261780176  4.498024E-18
 4389.87102497382  5.114428E-18
 4391.93943214587  4.339637E-18
 4394.00783931793  3.633668E-18
 4396.07624648999  4.698704E-18
 4398.14465366205  5.157280E-18
 4400.21306083411  2.500919E-18
 4402.28146800617  2.745289E-18
 4404.34987517823  2.108319E-18
 4406.41828235029  3.105151E-18
 4408.48668952235  5.534864E-18
 4410.55509669441  4.577007E-18
 4412.62350386647  4.252722E-18
 4414.69191103853  4.435380E-18
 4416.76031821059  5.088129E-18
 4418.82872538265  6.403262E-18
 4420.89713255471  4.043999E-18
 4422.96553972677  3.583280E-18
 4425.03394689883  4.080912E-18
 4427.10235407089  3.216683E-18
 4429.17076124295  3.867722E-18
 4431.23916841501  2.374568E-18
 4433.30757558707  1.997100E-18
 4435.37598275913  4.667561E-18
 4437.44438993119  4.167182E-18
 4439.51279710325  1.675492E-18
 4441.5812042753   1.892065E-18
 4443.64961144736  2.732852E-18
 4445.71801861942  4.515020E-18
 4447.78642579148  4.254482E-18
 4449.85483296354  3.488984E-18
 4451.9232401356   3.017800E-18
 4453.99164730766  4.224937E-18
 4456.06005447972  4.378623E-18
 4458.12846165178  2.658543E-18
 4460.19686882384  3.842529E-18
 4462.2652759959   3.875605E-18
 4464.33368316796  4.240448E-18
 4466.40209034002  3.989175E-18
 4468.47049751208  4.807642E-18
 4470.53890468414  4.570548E-18
 4472.6073118562   4.545390E-18
 4474.67571902826  4.237447E-18
 4476.74412620032  4.138996E-18
 4478.81253337238  3.214840E-18
 4480.88094054444  4.336396E-18
 4482.9493477165   5.452817E-18
 4485.01775488856  6.322866E-18
 4487.08616206062  4.734701E-18
 4489.15456923268  4.157665E-18
 4491.22297640474  2.851380E-18
 4493.2913835768   4.174205E-18
 4495.35979074885  5.106484E-18
 4497.42819792091  4.927737E-18
 4499.49660509297  4.365310E-18
 4501.56501226503  3.529509E-18
 4503.63341943709  3.890729E-18
 4505.70182660915  5.744870E-18
 4507.77023378121  5.344294E-18
 4509.83864095327  3.932367E-18
 4511.90704812533  4.694195E-18
 4513.97545529739  5.157437E-18
 4516.04386246945  5.525058E-18
 4518.11226964151  5.488968E-18
 4520.18067681357  3.877305E-18
 4522.24908398563  6.009197E-18
 4524.31749115769  5.822830E-18
 4526.38589832975  6.714830E-18
 4528.45430550181  5.410361E-18
 4530.52271267387  5.814866E-18
 4532.59111984593  6.672981E-18
 4534.65952701799  5.200062E-18
 4536.72793419005  3.574884E-18
 4538.79634136211  4.072137E-18
 4540.86474853417  4.866939E-18
 4542.93315570623  4.359387E-18
 4545.00156287829  4.626323E-18
 4547.06997005035  4.064045E-18
 4549.1383772224   4.218060E-18
 4551.20678439446  4.334935E-18
 4553.27519156652  4.494529E-18
 4555.34359873858  4.988802E-18
 4557.41200591064  3.336645E-18
 4559.4804130827   4.575702E-18
 4561.54882025476  5.749065E-18
 4563.61722742682  5.478100E-18
 4565.68563459888  4.754531E-18
 4567.75404177094  4.155342E-18
 4569.822448943    4.530979E-18
 4571.89085611506  3.350533E-18
 4573.95926328712  4.587486E-18
 4576.02767045918  5.922303E-18
 4578.09607763124  5.148807E-18
 4580.1644848033   3.590399E-18
 4582.23289197536  4.972087E-18
 4584.30129914742  6.926297E-18
 4586.36970631948  6.786470E-18
 4588.43811349154  6.884201E-18
 4590.5065206636   5.341800E-18
 4592.57492783566  5.098261E-18
 4594.64333500772  5.808602E-18
 4596.71174217978  5.019556E-18
 4598.78014935184  5.402934E-18
 4600.8485565239   4.862058E-18
 4602.91696369595  5.074143E-18
 4604.98537086801  3.890956E-18
 4607.05377804007  5.244448E-18
 4609.12218521213  4.447654E-18
 4611.19059238419  2.841765E-18
 4613.25899955625  3.449246E-18
 4615.32740672831  4.430355E-18
 4617.39581390037  3.620127E-18
 4619.46422107243  3.539516E-18
 4621.53262824449  3.644651E-18
 4623.60103541655  3.686023E-18
 4625.66944258861  4.717592E-18
 4627.73784976067  4.643634E-18
 4629.80625693273  3.935065E-18
 4631.87466410479  5.082459E-18
 4633.94307127685  5.687373E-18
 4636.01147844891  5.168768E-18
 4638.07988562097  5.902305E-18
 4640.14829279303  5.338992E-18
 4642.21669996509  4.631481E-18
 4644.28510713715  4.740945E-18
 4646.35351430921  4.519086E-18
 4648.42192148127  3.955382E-18
 4650.49032865333  5.145051E-18
 4652.55873582539  4.131591E-18
 4654.62714299745  3.585522E-18
 4656.6955501695   4.534266E-18
 4658.76395734156  5.398252E-18
 4660.83236451362  4.005487E-18
 4662.90077168568  3.584207E-18
 4664.96917885774  3.760335E-18
 4667.0375860298   3.859839E-18
 4669.10599320186  3.790105E-18
 4671.17440037392  4.920086E-18
 4673.24280754598  5.389779E-18
 4675.31121471804  4.405047E-18
 4677.3796218901   3.542104E-18
 4679.44802906216  3.521319E-18
 4681.51643623422  3.489821E-18
 4683.58484340628  4.757270E-18
 4685.65325057834  4.534873E-18
 4687.7216577504   5.028526E-18
 4689.79006492246  3.997250E-18
 4691.85847209452  3.992262E-18
 4693.92687926658  3.896677E-18
 4695.99528643864  4.385175E-18
 4698.0636936107   4.470137E-18
 4700.13210078276  5.258461E-18
 4702.20050795482  4.645836E-18
 4704.26891512688  4.626101E-18
 4706.33732229893  3.892303E-18
 4708.40572947099  4.936741E-18
 4710.47413664305  4.799566E-18
 4712.54254381511  4.496608E-18
 4714.61095098717  4.487050E-18
 4716.67935815923  4.112666E-18
 4718.74776533129  3.614009E-18
 4720.81617250335  4.491561E-18
 4722.88457967541  3.778662E-18
 4724.95298684747  3.260449E-18
 4727.02139401953  2.972487E-18
 4729.08980119159  3.220669E-18
 4731.15820836365  4.926283E-18
 4733.22661553571  5.305690E-18
 4735.29502270777  6.288940E-18
 4737.36342987983  5.279217E-18
 4739.43183705189  4.892057E-18
 4741.50024422395  5.267486E-18
 4743.56865139601  4.495339E-18
 4745.63705856807  3.736842E-18
 4747.70546574013  3.815276E-18
 4749.77387291219  3.908172E-18
 4751.84228008425  4.229508E-18
 4753.91068725631  3.723414E-18
 4755.97909442836  4.291515E-18
 4758.04750160042  4.639807E-18
 4760.11590877248  4.221015E-18
 4762.18431594454  4.199888E-18
 4764.2527231166   4.877090E-18
 4766.32113028866  4.564382E-18
 4768.38953746072  4.453779E-18
 4770.45794463278  4.527660E-18
 4772.52635180484  4.435739E-18
 4774.5947589769   3.570914E-18
 4776.66316614896  3.569833E-18
 4778.73157332102  4.036901E-18
 4780.79998049308  5.802759E-18
 4782.86838766514  4.932571E-18
 4784.9367948372   4.316672E-18
 4787.00520200926  5.024334E-18
 4789.07360918132  5.264375E-18
 4791.14201635338  4.858173E-18
 4793.21042352544  4.358332E-18
 4795.2788306975   3.726345E-18
 4797.34723786956  3.413470E-18
 4799.41564504162  3.892723E-18
 4801.48405221368  5.048550E-18
 4803.55245938574  4.525068E-18
 4805.6208665578   3.481418E-18
 4807.68927372985  3.720171E-18
 4809.75768090191  4.352638E-18
 4811.82608807397  3.924339E-18
 4813.89449524603  4.019789E-18
 4815.96290241809  4.836914E-18
 4818.03130959015  4.167029E-18
 4820.09971676221  4.218405E-18
 4822.16812393427  4.711241E-18
 4824.23653110633  4.768419E-18
 4826.30493827839  3.907435E-18
 4828.37334545045  4.495996E-18
 4830.44175262251  6.379545E-18
 4832.51015979457  6.326934E-18
 4834.57856696663  4.247678E-18
 4836.64697413869  4.481733E-18
 4838.71538131075  4.957082E-18
 4840.78378848281  4.765771E-18
 4842.85219565487  4.785061E-18
 4844.92060282693  4.687562E-18
 4846.98900999899  4.569501E-18
 4849.05741717105  3.786000E-18
 4851.12582434311  4.547817E-18
 4853.19423151517  5.771213E-18
 4855.26263868723  4.610913E-18
 4857.33104585929  5.562235E-18
 4859.39945303135  5.218836E-18
 4861.4678602034   5.978440E-18
 4863.53626737546  7.751585E-18
 4865.60467454752  1.214535E-17
 4867.67308171958  1.400877E-17
 4869.74148889164  1.604419E-17
 4871.8098960637   1.346433E-17
 4873.87830323576  1.856324E-17
 4875.94671040782  2.822406E-17
 4878.01511757988  2.731571E-17
 4880.08352475194  2.339854E-17
 4882.151931924    1.831400E-17
 4884.22033909606  1.437371E-17
 4886.28874626812  1.176198E-17
 4888.35715344018  1.169096E-17
 4890.42556061224  9.369794E-18
 4892.4939677843   7.595704E-18
 4894.56237495636  6.908879E-18
 4896.63078212842  7.441917E-18
 4898.69918930048  6.783223E-18
 4900.76759647254  7.840378E-18
 4902.8360036446   8.168629E-18
 4904.90441081666  7.838351E-18
 4906.97281798872  6.603161E-18
 4909.04122516078  6.828124E-18
 4911.10963233284  5.501314E-18
 4913.17803950489  5.167042E-18
 4915.24644667695  4.585410E-18
 4917.31485384901  5.510510E-18
 4919.38326102107  5.494485E-18
 4921.45166819313  4.408719E-18
 4923.52007536519  4.746594E-18
 4925.58848253725  5.183124E-18
 4927.65688970931  5.843846E-18
 4929.72529688137  5.625363E-18
 4931.79370405343  5.148433E-18
 4933.86211122549  5.426752E-18
 4935.93051839755  5.691530E-18
 4937.99892556961  7.297411E-18
 4940.06733274167  8.022161E-18
 4942.13573991373  6.673011E-18
 4944.20414708579  4.915736E-18
 4946.27255425785  4.950733E-18
 4948.34096142991  6.016093E-18
 4950.40936860197  6.984326E-18
 4952.47777577403  5.332675E-18
 4954.54618294609  4.809283E-18
 4956.61459011815  5.685891E-18
 4958.68299729021  5.664590E-18
 4960.75140446227  5.355537E-18
 4962.81981163433  4.484544E-18
 4964.88821880638  5.446506E-18
 4966.95662597844  4.920543E-18
 4969.0250331505   1.986262E-18
 4971.09344032256  -1.784609E-18
 4973.16184749462  -2.549568E-18
 4975.23025466668  -8.102000E-19
 4977.29866183874  1.884462E-18
 4979.3670690108   4.317073E-18
 4981.43547618286  4.586022E-18
 4983.50388335492  4.992608E-18
 4985.57229052698  5.519326E-18
 4987.64069769904  4.487132E-18
 4989.7091048711   4.348448E-18
 4991.77751204316  4.545424E-18
 4993.84591921522  4.271036E-18
 4995.91432638728  4.209676E-18
 4997.98273355934  4.146261E-18
 5000.0511407314   4.516962E-18
 5002.11954790346  4.902498E-18
 5004.18795507552  4.889604E-18
 5006.25636224758  4.145775E-18
 5008.32476941964  3.296646E-18
 5010.3931765917   3.529635E-18
 5012.46158376376  3.901074E-18
 5014.52999093581  3.801905E-18
 5016.59839810788  7.090003E-19
 5018.66680527993  -1.997120E-20
 5020.73521245199  5.071935E-19
 5022.80361962405  -8.733131E-18
 5024.87202679611  -4.749805E-18
 5026.94043396817  3.622469E-18
 5029.00884114023  5.519807E-18
 5031.07724831229  7.303566E-18
 5033.14565548435  7.834161E-18
 5035.21406265641  6.993969E-18
 5037.28246982847  5.681168E-18
 5039.35087700053  5.423265E-18
 5041.41928417259  5.969898E-18
 5043.48769134465  5.888927E-18
 5045.55609851671  4.488457E-18
 5047.62450568877  4.748738E-18
 5049.69291286083  4.932928E-18
 5051.76132003289  4.459039E-18
 5053.82972720495  4.599021E-18
 5055.89813437701  5.480367E-18
 5057.96654154907  7.050308E-18
 5060.03494872113  6.611077E-18
 5062.10335589319  5.149160E-18
 5064.17176306525  5.239835E-18
 5066.24017023731  6.162668E-18
 5068.30857740937  5.815662E-18
 5070.37698458143  5.038472E-18
 5072.44539175349  4.528415E-18
 5074.51379892554  3.937340E-18
 5076.5822060976   4.145072E-18
 5078.65061326966  3.722396E-18
 5080.71902044172  4.268669E-18
 5082.78742761378  5.300400E-18
 5084.85583478584  5.222989E-18
 5086.9242419579   5.118199E-18
 5088.99264912996  5.098946E-18
 5091.06105630202  5.081483E-18
 5093.12946347408  5.070191E-18
 5095.19787064614  3.664688E-18
 5097.2662778182   4.439865E-18
 5099.33468499026  5.327495E-18
 5101.40309216232  5.453016E-18
 5103.47149933438  5.635981E-18
 5105.53990650644  6.052338E-18
 5107.6083136785   5.510648E-18
 5109.67672085056  5.090613E-18
 5111.74512802262  5.054501E-18
 5113.81353519468  5.226930E-18
 5115.88194236674  5.365979E-18
 5117.9503495388   4.715603E-18
 5120.01875671086  4.332987E-18
 5122.08716388292  4.724692E-18
 5124.15557105498  5.058542E-18
 5126.22397822703  5.122923E-18
 5128.29238539909  5.570032E-18
 5130.36079257115  5.788454E-18
 5132.42919974321  5.102626E-18
 5134.49760691527  4.860412E-18
 5136.56601408733  5.038419E-18
 5138.63442125939  5.389807E-18
 5140.70282843145  4.232871E-18
 5142.77123560351  4.151029E-18
 5144.83964277557  5.152530E-18
 5146.90804994763  5.460678E-18
 5148.97645711969  5.996832E-18
 5151.04486429175  5.449729E-18
 5153.11327146381  5.549684E-18
 5155.18167863587  5.704488E-18
 5157.25008580793  4.776972E-18
 5159.31849297999  4.044847E-18
 5161.38690015205  4.178168E-18
 5163.45530732411  4.579415E-18
 5165.52371449617  4.851231E-18
 5167.59212166823  6.349792E-18
 5169.66052884029  7.321698E-18
 5171.72893601235  8.064536E-18
 5173.79734318441  8.780134E-18
 5175.86575035646  7.160140E-18
 5177.93415752852  5.351807E-18
 5180.00256470058  5.738808E-18
 5182.07097187264  6.462463E-18
 5184.1393790447   6.508954E-18
 5186.20778621676  7.173335E-18
 5188.27619338882  7.005228E-18
 5190.34460056088  6.574048E-18
 5192.41300773294  5.285466E-18
 5194.481414905    4.726428E-18
 5196.54982207706  4.634934E-18
 5198.61822924912  5.297208E-18
 5200.68663642118  4.841846E-18
 5202.75504359324  4.746701E-18
 5204.8234507653   5.832296E-18
 5206.89185793736  5.860812E-18
 5208.96026510942  5.947669E-18
 5211.02867228148  6.496930E-18
 5213.09707945354  5.231875E-18
 5215.1654866256   4.576748E-18
 5217.23389379766  4.266865E-18
 5219.30230096972  3.490932E-18
 5221.37070814178  5.078732E-18
 5223.43911531384  5.722962E-18
 5225.50752248589  4.869991E-18
 5227.57592965795  5.142007E-18
 5229.64433683001  5.097217E-18
 5231.71274400207  4.545942E-18
 5233.78115117413  5.207580E-18
 5235.84955834619  5.895530E-18
 5237.91796551825  5.539062E-18
 5239.98637269031  4.611591E-18
 5242.05477986237  5.303291E-18
 5244.12318703443  6.752857E-18
 5246.19159420649  7.451767E-18
 5248.26000137855  7.088993E-18
 5250.32840855061  6.985610E-18
 5252.39681572267  7.157337E-18
 5254.46522289473  6.424200E-18
 5256.53363006679  6.135036E-18
 5258.60203723885  4.512324E-18
 5260.67044441091  3.615724E-18
 5262.73885158297  3.733222E-18
 5264.80725875503  3.848855E-18
 5266.87566592709  4.817815E-18
 5268.94407309915  5.670527E-18
 5271.01248027121  6.221911E-18
 5273.08088744327  6.616831E-18
 5275.14929461533  6.277368E-18
 5277.21770178739  5.852045E-18
 5279.28610895945  5.077843E-18
 5281.35451613151  5.243496E-18
 5283.42292330356  5.519115E-18
 5285.49133047563  5.914041E-18
 5287.55973764768  6.483609E-18
 5289.62814481974  6.864451E-18
 5291.6965519918   8.078405E-18
 5293.76495916386  7.191297E-18
 5295.83336633592  6.361892E-18
 5297.90177350798  7.114112E-18
 5299.97018068004  7.008923E-18
 5302.0385878521   6.819158E-18
 5304.10699502416  6.363111E-18
 5306.17540219622  5.805743E-18
 5308.24380936828  5.693377E-18
 5310.31221654034  5.465004E-18
 5312.3806237124   6.096989E-18
 5314.44903088446  6.637557E-18
 5316.51743805652  5.897416E-18
 5318.58584522858  6.458092E-18
 5320.65425240064  6.502796E-18
 5322.7226595727   6.256809E-18
 5324.79106674476  5.905300E-18
 5326.85947391682  6.600960E-18
 5328.92788108888  7.866995E-18
 5330.99628826093  7.390182E-18
 5333.06469543299  7.146349E-18
 5335.13310260505  7.468846E-18
 5337.20150977711  6.870766E-18
 5339.26991694917  6.088389E-18
 5341.33832412123  5.613506E-18
 5343.40673129329  5.356241E-18
 5345.47513846535  5.699804E-18
 5347.54354563741  6.159874E-18
 5349.61195280947  6.433820E-18
 5351.68035998153  6.164534E-18
 5353.74876715359  5.933930E-18
 5355.81717432565  5.354772E-18
 5357.88558149771  6.156290E-18
 5359.95398866977  6.644727E-18
 5362.02239584183  6.611048E-18
 5364.09080301389  6.977718E-18
 5366.15921018595  6.819652E-18
 5368.22761735801  6.809398E-18
 5370.29602453007  6.501799E-18
 5372.36443170213  6.289740E-18
 5374.43283887419  5.897315E-18
 5376.50124604625  5.528934E-18
 5378.56965321831  6.137063E-18
 5380.63806039037  5.761536E-18
 5382.70646756243  5.401834E-18
 5384.77487473448  5.193154E-18
 5386.84328190654  6.071997E-18
 5388.9116890786   6.712464E-18
 5390.98009625066  6.547544E-18
 5393.04850342272  6.588276E-18
 5395.11691059478  5.853313E-18
 5397.18531776684  5.529884E-18
 5399.2537249389   6.637942E-18
 5401.32213211096  6.711486E-18
 5403.39053928302  5.954905E-18
 5405.45894645508  5.043800E-18
 5407.52735362714  4.580238E-18
 5409.5957607992   5.293321E-18
 5411.66416797126  4.810726E-18
 5413.73257514332  5.065702E-18
 5415.80098231538  5.511690E-18
 5417.86938948744  5.115873E-18
 5419.9377966595   5.256115E-18
 5422.00620383156  4.919631E-18
 5424.07461100362  5.172398E-18
 5426.14301817568  6.406919E-18
 5428.21142534774  6.702525E-18
 5430.2798325198   6.238547E-18
 5432.34823969186  5.658402E-18
 5434.41664686392  5.668605E-18
 5436.48505403598  6.280125E-18
 5438.55346120803  5.752743E-18
 5440.62186838009  5.060516E-18
 5442.69027555215  5.053940E-18
 5444.75868272421  4.509174E-18
 5446.82708989627  5.070590E-18
 5448.89549706833  5.866922E-18
 5450.96390424039  6.326725E-18
 5453.03231141245  5.512143E-18
 5455.10071858451  4.785462E-18
 5457.16912575657  5.973972E-18
 5459.23753292863  5.912540E-18
 5461.30594010069  4.467528E-18
 5463.37434727275  4.109357E-18
 5465.44275444481  5.383911E-18
 5467.51116161687  4.865847E-18
 5469.57956878893  4.972690E-18
 5471.64797596099  5.394012E-18
 5473.71638313305  5.445194E-18
 5475.78479030511  5.608502E-18
 5477.85319747717  5.666480E-18
 5479.92160464923  5.925361E-18
 5481.99001182129  6.088747E-18
 5484.05841899335  5.591130E-18
 5486.12682616541  5.290694E-18
 5488.19523333747  5.090478E-18
 5490.26364050952  6.047558E-18
 5492.33204768158  6.339851E-18
 5494.40045485364  6.410830E-18
 5496.4688620257   6.909613E-18
 5498.53726919776  6.442096E-18
 5500.60567636982  6.449396E-18
 5502.67408354188  6.413001E-18
 5504.74249071394  5.607191E-18
 5506.810897886    5.299785E-18
 5508.87930505806  5.116080E-18
 5510.94771223012  5.756694E-18
 5513.01611940218  6.056981E-18
 5515.08452657424  5.143632E-18
 5517.1529337463   4.760919E-18
 5519.22134091836  4.279447E-18
 5521.28974809042  5.166597E-18
 5523.35815526248  5.418780E-18
 5525.42656243454  5.238965E-18
 5527.4949696066   5.577851E-18
 5529.56337677866  5.891721E-18
 5531.63178395072  6.793368E-18
 5533.70019112278  6.638694E-18
 5535.76859829484  5.256044E-18
 5537.8370054669   5.320108E-18
 5539.90541263896  6.068745E-18
 5541.97381981102  5.990227E-18
 5544.04222698308  6.199475E-18
 5546.11063415513  7.357364E-18
 5548.17904132719  7.184734E-18
 5550.24744849925  6.762826E-18
 5552.31585567131  6.780215E-18
 5554.38426284337  6.767808E-18
 5556.45267001543  6.207746E-18
 5558.52107718749  6.051685E-18
 5560.58948435955  6.182149E-18
 5562.65789153161  6.096969E-18
 5564.72629870367  7.107351E-18
 5566.79470587573  6.857698E-18
 5568.86311304779  6.012205E-18
 5570.93152021985  7.195389E-18
 5572.99992739191  6.832921E-18
 5575.06833456397  7.139215E-18
 5577.13674173603  8.365981E-18
 5579.20514890809  7.146194E-18
 5581.27355608015  7.381158E-18
 5583.34196325221  7.777472E-18
 5585.41037042427  6.974436E-18
 5587.47877759633  6.547071E-18
 5589.54718476839  7.162677E-18
 5591.61559194044  6.949360E-18
 5593.6839991125   6.791723E-18
 5595.75240628456  6.348850E-18
 5597.82081345662  6.574611E-18
 5599.88922062868  6.184875E-18
 5601.95762780074  6.153574E-18
 5604.0260349728   5.934829E-18
 5606.09444214486  5.939664E-18
 5608.16284931692  6.159683E-18
 5610.23125648898  5.476024E-18
 5612.29966366104  6.319567E-18
 5614.3680708331   6.491346E-18
 5616.43647800516  5.599803E-18
 5618.50488517722  6.023938E-18
 5620.57329234928  5.680815E-18
 5622.64169952134  5.211723E-18
 5624.7101066934   5.810590E-18
 5626.77851386546  6.069042E-18
 5628.84692103752  6.175828E-18
 5630.91532820958  5.204947E-18
 5632.98373538164  5.507219E-18
 5635.0521425537   6.275535E-18
 5637.12054972576  5.282191E-18
 5639.18895689782  5.120389E-18
 5641.25736406988  5.814291E-18
 5643.32577124194  4.922381E-18
 5645.39417841399  6.120692E-18
 5647.46258558605  6.069696E-18
 5649.53099275811  5.926730E-18
 5651.59939993017  5.645113E-18
 5653.66780710223  5.694464E-18
 5655.73621427429  6.135144E-18
 5657.80462144635  6.014552E-18
 5659.87302861841  6.641056E-18
 5661.94143579047  5.971999E-18
 5664.00984296253  5.646488E-18
 5666.07825013459  5.788331E-18
 5668.14665730665  5.169728E-18
 5670.21506447871  5.570529E-18
 5672.28347165077  6.354660E-18
 5674.35187882283  6.058513E-18
 5676.42028599489  5.639522E-18
 5678.48869316695  6.348701E-18
 5680.55710033901  5.651403E-18
 5682.62550751107  5.395079E-18
 5684.69391468313  5.788302E-18
 5686.76232185519  4.591541E-18
 5688.83072902725  6.051086E-18
 5690.89913619931  6.164387E-18
 5692.96754337137  5.929158E-18
 5695.03595054343  5.141370E-18
 5697.10435771549  5.461852E-18
 5699.17276488755  6.452815E-18
 5701.2411720596   6.008925E-18
 5703.30957923166  5.905365E-18
 5705.37798640372  5.870125E-18
 5707.44639357578  6.205589E-18
 5709.51480074784  6.125711E-18
 5711.5832079199   6.089187E-18
 5713.65161509196  6.011047E-18
 5715.72002226402  5.245780E-18
 5717.78842943608  5.366102E-18
 5719.85683660814  5.714297E-18
 5721.9252437802   6.110068E-18
 5723.99365095226  6.271645E-18
 5726.06205812432  5.626253E-18
 5728.13046529638  5.571243E-18
 5730.19887246844  6.266809E-18
 5732.2672796405   6.251066E-18
 5734.33568681256  6.043570E-18
 5736.40409398462  6.294319E-18
 5738.47250115668  6.306291E-18
 5740.54090832874  6.279608E-18
 5742.6093155008   6.245934E-18
 5744.67772267286  6.115976E-18
 5746.74612984492  6.187831E-18
 5748.81453701698  6.236040E-18
 5750.88294418903  6.073083E-18
 5752.95135136109  5.471787E-18
 5755.01975853315  5.934958E-18
 5757.08816570521  6.374320E-18
 5759.15657287727  6.108172E-18
 5761.22498004933  6.906189E-18
 5763.29338722139  7.120937E-18
 5765.36179439345  7.714567E-18
 5767.43020156551  6.520396E-18
 5769.49860873757  7.016991E-18
 5771.56701590963  6.726361E-18
 5773.63542308169  6.736736E-18
 5775.70383025375  6.943657E-18
 5777.77223742581  6.488446E-18
 5779.84064459787  6.068836E-18
 5781.90905176993  5.940759E-18
 5783.97745894199  5.630151E-18
 5786.04586611405  5.604077E-18
 5788.11427328611  6.459823E-18
 5790.18268045817  6.722826E-18
 5792.25108763023  6.686814E-18
 5794.31949480229  6.720521E-18
 5796.38790197435  6.719793E-18
 5798.45630914641  6.970409E-18
 5800.52471631847  6.606524E-18
 5802.59312349052  6.626694E-18
 5804.66153066258  6.942524E-18
 5806.72993783464  6.956156E-18
 5808.7983450067   6.881973E-18
 5810.86675217876  6.560971E-18
 5812.93515935082  6.364403E-18
 5815.00356652288  6.419459E-18
 5817.07197369494  6.033863E-18
 5819.140380867    6.088318E-18
 5821.20878803906  5.920479E-18
 5823.27719521112  6.298700E-18
 5825.34560238318  6.469494E-18
 5827.41400955524  6.747428E-18
 5829.4824167273   6.264952E-18
 5831.55082389936  6.292248E-18
 5833.61923107142  7.065065E-18
 5835.68763824348  7.065478E-18
 5837.75604541554  7.483503E-18
 5839.8244525876   6.528433E-18
 5841.89285975966  6.907536E-18
 5843.96126693172  7.130300E-18
 5846.02967410378  6.517046E-18
 5848.09808127584  6.379403E-18
 5850.1664884479   5.836167E-18
 5852.23489561996  5.994124E-18
 5854.30330279201  6.232267E-18
 5856.37170996407  5.991517E-18
 5858.44011713613  5.039418E-18
 5860.50852430819  4.309527E-18
 5862.57693148025  3.745319E-18
 5864.64533865231  3.775851E-18
 5866.71374582437  3.798807E-18
 5868.78215299643  3.891072E-18
 5870.85056016849  4.485646E-18
 5872.91896734055  5.229691E-18
 5874.98737451261  7.004109E-18
 5877.05578168467  6.594685E-18
 5879.12418885673  6.897250E-18
 5881.19259602879  8.173540E-18
 5883.26100320085  8.553705E-18
 5885.32941037291  9.605955E-18
 5887.39781754497  8.696150E-18
 5889.46622471703  5.657522E-18
 5891.53463188909  6.826420E-18
 5893.60303906115  7.333256E-18
 5895.67144623321  7.677974E-18
 5897.73985340527  5.733003E-18
 5899.80826057733  3.656371E-18
 5901.87666774939  3.787482E-18
 5903.94507492145  3.066706E-18
 5906.0134820935   3.923251E-18
 5908.08188926556  4.596160E-18
 5910.15029643762  5.322109E-18
 5912.21870360968  7.374477E-18
 5914.28711078174  8.146479E-18
 5916.3555179538   8.927941E-18
 5918.42392512586  8.452964E-18
 5920.49233229792  6.836356E-18
 5922.56073946998  6.531085E-18
 5924.62914664204  7.413251E-18
 5926.6975538141   7.267754E-18
 5928.76596098616  6.666739E-18
 5930.83436815822  6.471066E-18
 5932.90277533028  6.538616E-18
 5934.97118250234  6.843637E-18
 5937.0395896744   6.595142E-18
 5939.10799684646  6.634946E-18
 5941.17640401852  7.540805E-18
 5943.24481119058  6.788113E-18
 5945.31321836264  7.538655E-18
 5947.3816255347   7.323652E-18
 5949.45003270676  7.082545E-18
 5951.51843987882  6.556983E-18
 5953.58684705088  6.396822E-18
 5955.65525422294  6.694388E-18
 5957.723661395    7.034089E-18
 5959.79206856706  6.988516E-18
 5961.86047573911  6.586505E-18
 5963.92888291117  6.148472E-18
 5965.99729008323  6.612765E-18
 5968.06569725529  7.087791E-18
 5970.13410442735  6.229703E-18
 5972.20251159941  6.125278E-18
 5974.27091877147  6.542989E-18
 5976.33932594353  6.326282E-18
 5978.40773311559  6.560735E-18
 5980.47614028765  6.234285E-18
 5982.54454745971  6.450166E-18
 5984.61295463177  6.605658E-18
 5986.68136180383  6.633325E-18
 5988.74976897589  6.472342E-18
 5990.81817614795  6.164299E-18
 5992.88658332001  6.385919E-18
 5994.95499049207  6.641306E-18
 5997.02339766413  6.727565E-18
 5999.09180483619  6.933928E-18
 6001.16021200825  6.812289E-18
 6003.22861918031  6.649547E-18
 6005.29702635237  6.505436E-18
 6007.36543352443  7.433105E-18
 6009.43384069648  6.773612E-18
 6011.50224786854  7.201024E-18
 6013.5706550406   7.153241E-18
 6015.63906221266  7.556613E-18
 6017.70746938472  6.835694E-18
 6019.77587655678  6.727467E-18
 6021.84428372884  6.698372E-18
 6023.9126909009   6.449789E-18
 6025.98109807296  6.518042E-18
 6028.04950524502  6.554448E-18
 6030.11791241708  7.402251E-18
 6032.18631958914  7.596419E-18
 6034.2547267612   6.865059E-18
 6036.32313393326  7.216251E-18
 6038.39154110532  6.758471E-18
 6040.45994827738  6.598445E-18
 6042.52835544944  6.045381E-18
 6044.5967626215   6.226405E-18
 6046.66516979356  6.814605E-18
 6048.73357696562  6.501190E-18
 6050.80198413768  6.532537E-18
 6052.87039130974  6.715436E-18
 6054.9387984818   6.749224E-18
 6057.00720565386  7.730609E-18
 6059.07561282592  7.943392E-18
 6061.14401999798  6.868698E-18
 6063.21242717004  6.802868E-18
 6065.2808343421   5.975384E-18
 6067.34924151415  6.593924E-18
 6069.41764868621  7.012647E-18
 6071.48605585827  6.717016E-18
 6073.55446303033  6.748835E-18
 6075.62287020239  6.815191E-18
 6077.69127737445  6.103642E-18
 6079.75968454651  6.490813E-18
 6081.82809171857  7.398144E-18
 6083.89649889063  6.482925E-18
 6085.96490606269  5.810059E-18
 6088.03331323475  7.178861E-18
 6090.10172040681  7.712640E-18
 6092.17012757887  6.402744E-18
 6094.23853475093  6.069416E-18
 6096.30694192299  6.393422E-18
 6098.37534909505  6.340410E-18
 6100.44375626711  6.803402E-18
 6102.51216343917  6.849862E-18
 6104.58057061123  6.464490E-18
 6106.64897778329  6.565089E-18
 6108.71738495535  7.352693E-18
 6110.78579212741  7.357625E-18
 6112.85419929947  6.197706E-18
 6114.92260647153  6.509389E-18
 6116.99101364358  7.866455E-18
 6119.05942081564  7.028745E-18
 6121.1278279877   6.758225E-18
 6123.19623515976  7.800791E-18
 6125.26464233182  7.369183E-18
 6127.33304950388  7.069579E-18
 6129.40145667594  6.815613E-18
 6131.469863848    6.808739E-18
 6133.53827102006  6.907247E-18
 6135.60667819212  6.694082E-18
 6137.67508536418  6.816828E-18
 6139.74349253624  6.870430E-18
 6141.8118997083   6.651959E-18
 6143.88030688036  7.149846E-18
 6145.94871405242  6.516701E-18
 6148.01712122448  6.468340E-18
 6150.08552839654  5.480869E-18
 6152.1539355686   5.223689E-18
 6154.22234274066  5.329782E-18
 6156.29074991272  4.895297E-18
 6158.35915708478  5.766673E-18
 6160.42756425684  7.030233E-18
 6162.4959714289   7.543919E-18
 6164.56437860096  7.629389E-18
 6166.63278577302  7.459936E-18
 6168.70119294507  7.522508E-18
 6170.76960011713  6.856938E-18
 6172.83800728919  6.944295E-18
 6174.90641446125  7.337576E-18
 6176.97482163331  7.397354E-18
 6179.04322880537  7.167443E-18
 6181.11163597743  6.683784E-18
 6183.18004314949  8.039630E-18
 6185.24845032155  8.212439E-18
 6187.31685749361  6.859395E-18
 6189.38526466567  7.100802E-18
 6191.45367183773  7.671784E-18
 6193.52207900979  7.186101E-18
 6195.59048618185  6.859568E-18
 6197.65889335391  6.449374E-18
 6199.72730052597  6.667208E-18
 6201.79570769803  6.892378E-18
 6203.86411487009  6.594762E-18
 6205.93252204215  6.677871E-18
 6208.00092921421  6.462650E-18
 6210.06933638627  7.058675E-18
 6212.13774355833  7.514794E-18
 6214.20615073039  7.030686E-18
 6216.27455790245  7.217684E-18
 6218.34296507451  7.431499E-18
 6220.41137224657  6.941607E-18
 6222.47977941862  7.030693E-18
 6224.54818659068  7.011879E-18
 6226.61659376274  7.561889E-18
 6228.6850009348   7.116844E-18
 6230.75340810686  6.677301E-18
 6232.82181527892  6.816553E-18
 6234.89022245098  6.577532E-18
 6236.95862962304  5.495665E-18
 6239.0270367951   5.610972E-18
 6241.09544396716  6.574824E-18
 6243.16385113922  6.120914E-18
 6245.23225831128  5.938574E-18
 6247.30066548334  5.744058E-18
 6249.3690726554   6.626879E-18
 6251.43747982746  6.605108E-18
 6253.50588699952  6.800932E-18
 6255.57429417158  6.871314E-18
 6257.64270134364  7.285449E-18
 6259.7111085157   7.478315E-18
 6261.77951568776  6.865347E-18
 6263.84792285982  6.834901E-18
 6265.91633003188  7.524894E-18
 6267.98473720394  7.200125E-18
 6270.05314437599  6.331268E-18
 6272.12155154806  6.098540E-18
 6274.18995872011  5.920340E-18
 6276.25836589217  5.619248E-18
 6278.32677306423  6.677222E-18
 6280.39518023629  6.770754E-18
 6282.46358740835  7.153029E-18
 6284.53199458041  7.060285E-18
 6286.60040175247  6.398988E-18
 6288.66880892453  6.585761E-18
 6290.73721609659  6.942915E-18
 6292.80562326865  6.432190E-18
 6294.87403044071  5.053672E-18
 6296.94243761277  7.563401E-18
 6299.01084478483  4.611206E-18
 6301.07925195689  6.389107E-18
 6303.14765912895  9.363217E-18
 6305.21606630101  8.460512E-18
 6307.28447347307  6.926911E-18
 6309.35288064513  7.643167E-18
 6311.42128781719  9.100596E-18
 6313.48969498925  9.890850E-18
 6315.55810216131  1.042913E-17
 6317.62650933337  1.039485E-17
 6319.69491650543  9.622181E-18
 6321.76332367749  8.710163E-18
 6323.83173084955  8.047581E-18
 6325.90013802161  7.537519E-18
 6327.96854519366  7.531304E-18
 6330.03695236572  7.245967E-18
 6332.10535953778  6.749077E-18
 6334.17376670984  6.704637E-18
 6336.2421738819   6.825037E-18
 6338.31058105396  7.067417E-18
 6340.37898822602  7.396940E-18
 6342.44739539808  7.086498E-18
 6344.51580257014  7.411886E-18
 6346.5842097422   7.619707E-18
 6348.65261691426  7.429132E-18
 6350.72102408632  6.415462E-18
 6352.78943125838  6.476102E-18
 6354.85783843044  7.855709E-18
 6356.9262456025   8.079964E-18
 6358.99465277456  7.178683E-18
 6361.06305994662  7.592021E-18
 6363.13146711868  8.602427E-18
 6365.19987429074  8.026692E-18
 6367.2682814628   7.470614E-18
 6369.33668863486  7.363248E-18
 6371.40509580692  6.931720E-18
 6373.47350297898  7.191428E-18
 6375.54191015104  8.044595E-18
 6377.6103173231   8.622285E-18
 6379.67872449516  8.841545E-18
 6381.74713166721  8.884553E-18
 6383.81553883927  8.349302E-18
 6385.88394601133  7.546950E-18
 6387.95235318339  8.174613E-18
 6390.02076035545  8.355972E-18
 6392.08916752751  7.745708E-18
 6394.15757469957  7.792657E-18
 6396.22598187163  7.652105E-18
 6398.29438904369  7.026984E-18
 6400.36279621575  7.017558E-18
 6402.43120338781  7.734559E-18
 6404.49961055987  7.873244E-18
 6406.56801773193  6.892655E-18
 6408.63642490399  6.406717E-18
 6410.70483207605  7.432160E-18
 6412.77323924811  7.520481E-18
 6414.84164642017  7.066639E-18
 6416.91005359223  7.138494E-18
 6418.97846076428  7.702442E-18
 6421.04686793635  7.854195E-18
 6423.11527510841  7.759875E-18
 6425.18368228046  7.409977E-18
 6427.25208945252  6.810883E-18
 6429.32049662458  7.036518E-18
 6431.38890379664  7.029887E-18
 6433.4573109687   7.067875E-18
 6435.52571814076  7.122186E-18
 6437.59412531282  7.568232E-18
 6439.66253248488  7.558427E-18
 6441.73093965694  7.473307E-18
 6443.799346829    7.357724E-18
 6445.86775400106  7.210959E-18
 6447.93616117312  7.400280E-18
 6450.00456834518  7.593991E-18
 6452.07297551724  7.795670E-18
 6454.1413826893   7.686691E-18
 6456.20978986136  7.420177E-18
 6458.27819703342  7.076211E-18
 6460.34660420548  7.421383E-18
 6462.41501137754  7.849927E-18
 6464.4834185496   7.624240E-18
 6466.55182572166  7.265976E-18
 6468.62023289372  7.527574E-18
 6470.68864006578  8.137060E-18
 6472.75704723784  8.353737E-18
 6474.8254544099   8.188605E-18
 6476.89386158196  7.978278E-18
 6478.96226875402  8.486704E-18
 6481.03067592607  7.720284E-18
 6483.09908309813  7.665285E-18
 6485.1674902702   7.875692E-18
 6487.23589744225  8.014112E-18
 6489.30430461431  8.305366E-18
 6491.37271178637  7.825951E-18
 6493.44111895843  7.807632E-18
 6495.50952613049  8.503117E-18
 6497.57793330255  7.859771E-18
 6499.64634047461  6.900097E-18
 6501.71474764667  7.795041E-18
 6503.78315481873  8.036184E-18
 6505.85156199079  7.561062E-18
 6507.91996916285  6.813328E-18
 6509.98837633491  5.926175E-18
 6512.05678350697  5.945390E-18
 6514.12519067903  6.669959E-18
 6516.19359785109  7.796228E-18
 6518.26200502315  8.927657E-18
 6520.33041219521  8.859496E-18
 6522.39881936727  8.449150E-18
 6524.46722653932  9.018471E-18
 6526.53563371139  9.855208E-18
 6528.60404088345  9.684196E-18
 6530.67244805551  9.201321E-18
 6532.74085522756  9.644798E-18
 6534.80926239962  1.056564E-17
 6536.87766957168  1.105550E-17
 6538.94607674374  1.083767E-17
 6541.0144839158   1.145215E-17
 6543.08289108786  1.206252E-17
 6545.15129825992  1.243133E-17
 6547.21970543198  1.295998E-17
 6549.28811260404  1.372373E-17
 6551.3565197761   1.447187E-17
 6553.42492694816  1.600699E-17
 6555.49333412022  1.855530E-17
 6557.56174129228  2.060887E-17
 6559.63014846434  2.526500E-17
 6561.6985556364   3.079991E-17
 6563.76696280846  4.135286E-17
 6565.83536998052  6.103962E-17
 6567.90377715258  9.112514E-17
 6569.97218432464  1.209948E-16
 6572.0405914967   1.327074E-16
 6574.10899866876  1.199031E-16
 6576.17740584082  1.077522E-16
 6578.24581301288  1.407705E-16
 6580.31422018493  2.185315E-16
 6582.382627357    2.972051E-16
 6584.45103452906  3.299631E-16
 6586.51944170111  2.940660E-16
 6588.58784887317  2.291858E-16
 6590.65625604523  1.746805E-16
 6592.72466321729  1.332392E-16
 6594.79307038935  1.009363E-16
 6596.86147756141  7.652912E-17
 6598.92988473347  5.993990E-17
 6600.99829190553  4.758567E-17
 6603.06669907759  3.852210E-17
 6605.13510624965  3.127586E-17
 6607.20351342171  2.722385E-17
 6609.27192059377  2.415047E-17
 6611.34032776583  2.182204E-17
 6613.40873493789  2.110911E-17
 6615.47714210995  1.978924E-17
 6617.54554928201  1.925314E-17
 6619.61395645407  1.678129E-17
 6621.68236362613  1.513800E-17
 6623.75077079819  1.402567E-17
 6625.81917797025  1.266478E-17
 6627.88758514231  1.168760E-17
 6629.95599231437  1.171149E-17
 6632.02439948642  1.180289E-17
 6634.09280665848  1.118826E-17
 6636.16121383055  1.057837E-17
 6638.2296210026   9.884752E-18
 6640.29802817466  9.766688E-18
 6642.36643534672  9.286542E-18
 6644.43484251878  9.051034E-18
 6646.50324969084  8.744293E-18
 6648.5716568629   8.795613E-18
 6650.64006403496  9.092798E-18
 6652.70847120702  8.752002E-18
 6654.77687837908  8.727717E-18
 6656.84528555114  9.248741E-18
 6658.9136927232   8.037305E-18
 6660.98209989526  7.755296E-18
 6663.05050706732  7.667207E-18
 6665.11891423938  7.322987E-18
 6667.18732141144  7.456312E-18
 6669.2557285835   7.478062E-18
 6671.32413575556  7.256003E-18
 6673.39254292762  7.557082E-18
 6675.46095009968  7.565672E-18
 6677.52935727174  7.233899E-18
 6679.5977644438   7.372011E-18
 6681.66617161586  7.844330E-18
 6683.73457878791  7.765032E-18
 6685.80298595997  7.728953E-18
 6687.87139313203  7.987320E-18
 6689.93980030409  7.912171E-18
 6692.00820747615  7.565127E-18
 6694.07661464821  7.110311E-18
 6696.14502182027  6.594599E-18
 6698.21342899233  7.624055E-18
 6700.28183616439  7.074513E-18
 6702.35024333645  6.487175E-18
 6704.41865050851  6.389479E-18
 6706.48705768057  6.738052E-18
 6708.55546485263  7.167676E-18
 6710.62387202469  7.389762E-18
 6712.69227919675  7.924494E-18
 6714.76068636881  7.876302E-18
 6716.82909354087  7.261455E-18
 6718.89750071293  7.127488E-18
 6720.96590788499  7.872168E-18
 6723.03431505705  7.403307E-18
 6725.10272222911  6.390524E-18
 6727.17112940117  6.928310E-18
 6729.23953657323  8.039913E-18
 6731.30794374529  7.859548E-18
 6733.37635091735  7.100516E-18
 6735.44475808941  6.548973E-18
 6737.51316526146  6.919267E-18
 6739.58157243352  6.679320E-18
 6741.64997960558  7.456919E-18
 6743.71838677764  7.236846E-18
 6745.7867939497   7.006646E-18
 6747.85520112176  7.484426E-18
 6749.92360829382  6.275486E-18
 6751.99201546588  6.657954E-18
 6754.06042263794  7.159634E-18
 6756.12882981     6.794018E-18
 6758.19723698206  6.666755E-18
 6760.26564415412  7.072334E-18
 6762.33405132618  6.906100E-18
 6764.40245849824  6.570341E-18
 6766.4708656703   6.798926E-18
 6768.53927284236  6.952271E-18
 6770.60768001442  7.115975E-18
 6772.67608718648  7.527074E-18
 6774.74449435854  7.439055E-18
 6776.8129015306   6.852529E-18
 6778.88130870266  6.746959E-18
 6780.94971587472  7.502083E-18
 6783.01812304678  7.494169E-18
 6785.08653021884  6.656517E-18
 6787.1549373909   6.939495E-18
 6789.22334456295  7.445590E-18
 6791.29175173501  7.140241E-18
 6793.36015890707  7.421017E-18
 6795.42856607913  7.402467E-18
 6797.49697325119  7.188171E-18
 6799.56538042325  6.796214E-18
 6801.63378759531  6.604658E-18
 6803.70219476737  6.835711E-18
 6805.77060193943  7.045501E-18
 6807.83900911149  7.495064E-18
 6809.90741628355  7.086504E-18
 6811.97582345561  6.271924E-18
 6814.04423062767  6.419018E-18
 6816.11263779973  6.718927E-18
 6818.18104497179  6.807753E-18
 6820.24945214385  7.025919E-18
 6822.31785931591  7.160319E-18
 6824.38626648797  6.891736E-18
 6826.45467366003  6.494818E-18
 6828.52308083209  7.043150E-18
 6830.59148800415  7.350087E-18
 6832.65989517621  7.790644E-18
 6834.72830234827  7.799494E-18
 6836.79670952033  7.011433E-18
 6838.86511669239  6.485069E-18
 6840.93352386445  6.665797E-18
 6843.0019310365   6.898628E-18
 6845.07033820856  7.181647E-18
 6847.13874538062  6.703534E-18
 6849.20715255268  6.411283E-18
 6851.27555972474  6.933196E-18
 6853.3439668968   7.304293E-18
 6855.41237406886  7.099134E-18
 6857.48078124092  7.268616E-18
 6859.54918841298  7.484277E-18
 6861.61759558504  6.691084E-18
 6863.6860027571   6.649726E-18
 6865.75440992916  5.699969E-18
 6867.82281710122  6.545861E-18
 6869.89122427328  7.661683E-18
 6871.95963144534  7.361512E-18
 6874.0280386174   7.483556E-18
 6876.09644578946  7.666919E-18
 6878.16485296152  7.180469E-18
 6880.23326013358  7.453796E-18
 6882.30166730564  7.617520E-18
 6884.3700744777   7.326076E-18
 6886.43848164976  7.333888E-18
 6888.50688882182  7.592111E-18
 6890.57529599388  7.223261E-18
 6892.64370316594  6.792387E-18
 6894.71211033799  7.170982E-18
 6896.78051751005  7.585377E-18
 6898.84892468211  7.280204E-18
 6900.91733185417  6.890083E-18
 6902.98573902623  7.726729E-18
 6905.05414619829  7.581685E-18
 6907.12255337035  7.229699E-18
 6909.19096054241  7.204709E-18
 6911.25936771447  7.077625E-18
 6913.32777488653  7.198766E-18
 6915.39618205859  6.729767E-18
 6917.46458923065  7.034241E-18
 6919.53299640271  7.049715E-18
 6921.60140357477  6.231326E-18
 6923.66981074683  6.762554E-18
 6925.73821791889  7.767547E-18
 6927.80662509095  7.577544E-18
 6929.87503226301  7.196471E-18
 6931.94343943507  7.387211E-18
 6934.01184660713  7.146344E-18
 6936.08025377919  6.965473E-18
 6938.14866095125  6.669527E-18
 6940.21706812331  6.866104E-18
 6942.28547529537  7.150564E-18
 6944.35388246743  6.882388E-18
 6946.42228963949  6.346403E-18
 6948.49069681155  6.944369E-18
 6950.5591039836   8.425082E-18
 6952.62751115566  7.277873E-18
 6954.69591832772  7.088049E-18
 6956.76432549978  6.918485E-18
 6958.83273267184  6.904686E-18
 6960.9011398439   7.315000E-18
 6962.96954701596  6.889317E-18
 6965.03795418802  6.476129E-18
 6967.10636136008  7.781678E-18
 6969.17476853214  8.003349E-18
 6971.2431757042   7.440178E-18
 6973.31158287626  7.566791E-18
 6975.37999004832  7.409082E-18
 6977.44839722038  7.251360E-18
 6979.51680439244  7.872448E-18
 6981.5852115645   7.887305E-18
 6983.65361873656  6.999160E-18
 6985.72202590862  7.483855E-18
 6987.79043308068  7.213198E-18
 6989.85884025274  7.495958E-18
 6991.9272474248   7.522709E-18
 6993.99565459686  7.194413E-18
 6996.06406176892  7.168808E-18
 6998.13246894098  7.304337E-18
 7000.20087611303  7.406180E-18
 7002.26928328509  7.558853E-18
 7004.33769045715  7.262111E-18
 7006.40609762921  7.479098E-18
 7008.47450480127  7.402653E-18
 7010.54291197333  8.025674E-18
 7012.61131914539  7.718249E-18
 7014.67972631745  6.563352E-18
 7016.74813348951  6.615924E-18
 7018.81654066157  6.694926E-18
 7020.88494783363  7.401888E-18
 7022.95335500569  6.993842E-18
 7025.02176217775  6.953522E-18
 7027.09016934981  7.519143E-18
 7029.15857652187  7.557003E-18
 7031.22698369393  7.269206E-18
 7033.29539086599  7.425120E-18
 7035.36379803805  7.873769E-18
 7037.43220521011  8.447865E-18
 7039.50061238217  8.119741E-18
 7041.56901955423  7.337318E-18
 7043.63742672629  7.249320E-18
 7045.70583389835  7.405153E-18
 7047.77424107041  7.520504E-18
 7049.84264824247  7.787271E-18
 7051.91105541452  7.619702E-18
 7053.97946258658  7.166610E-18
 7056.04786975864  7.493078E-18
 7058.1162769307   7.516968E-18
 7060.18468410276  6.901755E-18
 7062.25309127482  7.133117E-18
 7064.32149844688  7.891861E-18
 7066.38990561894  7.841179E-18
 7068.458312791    7.309162E-18
 7070.52671996306  6.753145E-18
 7072.59512713512  6.435816E-18
 7074.66353430718  7.046245E-18
 7076.73194147924  7.365615E-18
 7078.8003486513   7.360620E-18
 7080.86875582336  6.903194E-18
 7082.93716299542  6.693358E-18
 7085.00557016748  7.124087E-18
 7087.07397733954  6.381792E-18
 7089.1423845116   6.690055E-18
 7091.21079168366  6.561307E-18
 7093.27919885572  6.558407E-18
 7095.34760602778  6.131151E-18
 7097.41601319984  6.056895E-18
 7099.4844203719   6.770736E-18
 7101.55282754396  6.689908E-18
 7103.62123471601  6.268830E-18
 7105.68964188807  6.572217E-18
 7107.75804906013  6.770513E-18
 7109.82645623219  6.011168E-18
 7111.89486340425  6.084437E-18
 7113.96327057631  6.367458E-18
 7116.03167774837  6.499550E-18
 7118.10008492043  7.193465E-18
 7120.16849209249  6.675389E-18
 7122.23689926455  6.733943E-18
 7124.30530643661  6.963144E-18
 7126.37371360867  7.277970E-18
 7128.44212078073  7.107793E-18
 7130.51052795279  6.842957E-18
 7132.57893512485  7.199439E-18
 7134.64734229691  7.371079E-18
 7136.71574946897  6.647716E-18
 7138.78415664103  6.974449E-18
 7140.85256381309  6.984504E-18
 7142.92097098515  6.657317E-18
 7144.98937815721  6.360715E-18
 7147.05778532927  6.645359E-18
 7149.12619250133  6.929603E-18
 7151.19459967339  6.683083E-18
 7153.26300684545  6.676063E-18
 7155.33141401751  6.978398E-18
 7157.39982118956  6.782707E-18
 7159.46822836162  6.390537E-18
 7161.53663553368  6.789685E-18
 7163.60504270574  6.553677E-18
 7165.6734498778   6.267743E-18
 7167.74185704986  7.376370E-18
 7169.81026422192  7.159649E-18
 7171.87867139398  8.052314E-18
 7173.94707856604  8.296750E-18
 7176.0154857381   8.032234E-18
 7178.08389291016  7.827240E-18
 7180.15230008222  7.380448E-18
 7182.22070725428  6.682709E-18
 7184.28911442634  6.622319E-18
 7186.3575215984   7.267290E-18
 7188.42592877046  7.386719E-18
 7190.49433594252  7.261267E-18
 7192.56274311458  7.601570E-18
 7194.63115028664  7.471070E-18
 7196.6995574587   6.693762E-18
 7198.76796463076  6.666025E-18
 7200.83637180282  7.150349E-18
 7202.90477897488  6.306863E-18
 7204.97318614694  6.021977E-18
 7207.041593319    6.574618E-18
 7209.11000049106  6.684682E-18
 7211.17840766312  6.349172E-18
 7213.24681483517  6.547615E-18
 7215.31522200723  6.724419E-18
 7217.38362917929  6.051953E-18
 7219.45203635135  6.746103E-18
 7221.52044352341  6.629951E-18
 7223.58885069547  6.225818E-18
 7225.65725786753  6.562135E-18
 7227.72566503959  6.528697E-18
 7229.79407221165  6.358334E-18
 7231.86247938371  6.680014E-18
 7233.93088655577  6.299543E-18
 7235.99929372783  6.352422E-18
 7238.06770089989  6.211941E-18
 7240.13610807195  6.159204E-18
 7242.20451524401  6.643747E-18
 7244.27292241607  6.922176E-18
 7246.34132958813  6.540616E-18
 7248.40973676019  6.480475E-18
 7250.47814393225  6.910511E-18
 7252.54655110431  6.989696E-18
 7254.61495827637  7.423163E-18
 7256.68336544843  7.534468E-18
 7258.75177262049  7.108273E-18
 7260.82017979254  6.698772E-18
 7262.8885869646   6.727287E-18
 7264.95699413666  7.098786E-18
 7267.02540130872  7.191877E-18
 7269.09380848078  6.699860E-18
 7271.16221565284  6.524048E-18
 7273.2306228249   6.699938E-18
 7275.29902999696  7.545436E-18
 7277.36743716902  7.711980E-18
 7279.43584434108  6.736196E-18
 7281.50425151314  6.840021E-18
 7283.5726586852   6.742387E-18
 7285.64106585726  6.665375E-18
 7287.70947302932  7.179748E-18
 7289.77788020138  6.893582E-18
 7291.84628737344  6.825796E-18
 7293.9146945455   7.014195E-18
 7295.98310171756  6.323108E-18
 7298.05150888962  6.901995E-18
 7300.11991606168  7.222657E-18
 7302.18832323374  7.751069E-18
 7304.2567304058   8.606332E-18
 7306.32513757786  9.723944E-18
 7308.39354474992  1.010064E-17
 7310.46195192198  1.006072E-17
 7312.53035909404  1.078184E-17
 7314.59876626609  1.008321E-17
 7316.66717343815  8.204259E-18
 7318.73558061021  8.048026E-18
 7320.80398778227  7.732253E-18
 7322.87239495433  7.293488E-18
 7324.94080212639  6.843516E-18
 7327.00920929845  5.733724E-18
 7329.07761647051  6.251158E-18
 7331.14602364257  7.793723E-18
 7333.21443081463  7.878464E-18
 7335.28283798669  7.898316E-18
 7337.35124515875  8.922848E-18
 7339.41965233081  1.017209E-17
 7341.48805950287  1.039562E-17
 7343.55646667493  9.314297E-18
 7345.62487384699  8.256243E-18
 7347.69328101905  8.441242E-18
 7349.76168819111  8.041129E-18
 7351.83009536317  7.857973E-18
 7353.89850253523  7.577834E-18
 7355.96690970729  6.882512E-18
 7358.03531687935  6.867770E-18
 7360.10372405141  7.179267E-18
 7362.17213122347  6.621015E-18
 7364.24053839553  6.972404E-18
 7366.30894556759  7.527451E-18
 7368.37735273964  7.328761E-18
 7370.4457599117   6.854652E-18
 7372.51416708376  6.705028E-18
 7374.58257425582  6.627407E-18
 7376.65098142788  6.550815E-18
 7378.71938859994  6.936229E-18
 7380.787795772    6.539754E-18
 7382.85620294406  6.646214E-18
 7384.92461011612  7.147209E-18
 7386.99301728818  7.590570E-18
 7389.06142446024  7.555814E-18
 7391.1298316323   6.526862E-18
 7393.19823880436  6.739772E-18
 7395.26664597642  6.273362E-18
 7397.33505314848  7.079974E-18
 7399.40346032054  7.692354E-18
 7401.4718674926   6.839598E-18
 7403.54027466466  6.148733E-18
 7405.60868183672  6.642709E-18
 7407.67708900878  7.179948E-18
 7409.74549618084  6.431593E-18
 7411.8139033529   5.964963E-18
 7413.88231052495  6.337225E-18
 7415.95071769702  6.545576E-18
 7418.01912486907  6.646398E-18
 7420.08753204113  6.808749E-18
 7422.15593921319  6.259488E-18
 7424.22434638525  6.439951E-18
 7426.29275355731  6.943564E-18
 7428.36116072937  6.599211E-18
 7430.42956790143  6.488281E-18
 7432.49797507349  6.434662E-18
 7434.56638224555  6.317629E-18
 7436.63478941761  7.034962E-18
 7438.70319658967  6.869507E-18
 7440.77160376173  6.657295E-18
 7442.84001093379  6.541752E-18
 7444.90841810585  5.966918E-18
 7446.97682527791  5.392120E-18
 7449.04523244997  5.595225E-18
 7451.11363962203  6.092094E-18
 7453.18204679409  6.111538E-18
 7455.25045396615  6.461427E-18
 7457.31886113821  6.488248E-18
 7459.38726831027  6.235683E-18
 7461.45567548233  6.068001E-18
 7463.52408265439  5.916617E-18
 7465.59248982645  6.079730E-18
 7467.66089699851  6.788482E-18
 7469.72930417057  6.831903E-18
 7471.79771134263  6.678819E-18
 7473.86611851468  6.480901E-18
 7475.93452568674  6.552433E-18
 7478.0029328588   7.024354E-18
 7480.07134003086  6.878719E-18
 7482.13974720292  5.864656E-18
 7484.20815437498  5.930046E-18
 7486.27656154704  6.466821E-18
 7488.3449687191   6.455143E-18
 7490.41337589116  6.185832E-18
 7492.48178306322  6.376470E-18
 7494.55019023528  6.700710E-18
 7496.61859740734  6.492639E-18
 7498.6870045794   6.319403E-18
 7500.75541175146  6.718729E-18
 7502.82381892352  5.933714E-18
 7504.89222609558  5.479093E-18
 7506.96063326764  6.048943E-18
 7509.0290404397   6.174674E-18
 7511.09744761176  6.016148E-18
 7513.16585478382  6.645994E-18
 7515.23426195588  5.875049E-18
 7517.30266912794  5.487826E-18
 7519.37107629999  5.971518E-18
 7521.43948347205  6.638472E-18
 7523.50789064411  6.771734E-18
 7525.57629781617  6.458663E-18
 7527.64470498823  6.225430E-18
 7529.71311216029  5.930212E-18
 7531.78151933235  5.650853E-18
 7533.84992650441  6.480740E-18
 7535.91833367647  6.429904E-18
 7537.98674084853  5.832821E-18
 7540.05514802059  5.927191E-18
 7542.12355519265  6.048509E-18
 7544.19196236471  6.319208E-18
 7546.26036953677  6.515412E-18
 7548.32877670883  6.123341E-18
 7550.39718388089  5.870137E-18
 7552.46559105295  6.054276E-18
 7554.53399822501  6.181810E-18
 7556.60240539707  6.095143E-18
 7558.67081256913  6.003639E-18
 7560.73921974119  5.768186E-18
 7562.80762691325  6.093799E-18
 7564.87603408531  6.242892E-18
 7566.94444125737  5.889258E-18
 7569.01284842943  5.872206E-18
 7571.08125560149  6.449434E-18
 7573.14966277354  6.596566E-18
 7575.2180699456   6.120830E-18
 7577.28647711766  6.272393E-18
 7579.35488428972  6.607630E-18
 7581.42329146178  6.861630E-18
 7583.49169863384  6.751863E-18
 7585.5601058059   6.247339E-18
 7587.62851297796  6.241512E-18
 7589.69692015002  7.005916E-18
 7591.76532732208  6.690040E-18
 7593.83373449414  7.051280E-18
 7595.9021416662   6.627325E-18
 7597.97054883826  5.534320E-18
 7600.03895601032  5.755969E-18
 7602.10736318238  3.989790E-18
 7604.17577035444  4.425367E-18
 7606.2441775265   4.424174E-18
 7608.31258469856  5.196961E-18
 7610.38099187062  5.895348E-18
 7612.44939904268  6.894458E-18
 7614.51780621474  6.994774E-18
 7616.5862133868   6.726331E-18
 7618.65462055886  7.585080E-18
 7620.72302773092  6.605607E-18
 7622.79143490298  6.144025E-18
 7624.85984207504  6.685681E-18
 7626.92824924709  6.824726E-18
 7628.99665641915  5.694283E-18
 7631.06506359121  5.000907E-18
 7633.13347076327  6.012666E-18
 7635.20187793533  6.262464E-18
 7637.27028510739  5.975562E-18
 7639.33869227945  5.728806E-18
 7641.40709945151  5.908444E-18
 7643.47550662357  6.131894E-18
 7645.54391379563  5.936487E-18
 7647.61232096769  5.736420E-18
 7649.68072813975  6.391362E-18
 7651.74913531181  6.684166E-18
 7653.81754248387  6.766848E-18
 7655.88594965593  7.050568E-18
 7657.95435682799  7.344557E-18
 7660.02276400005  7.269313E-18
 7662.09117117211  7.082085E-18
 7664.15957834417  7.280749E-18
 7666.22798551623  6.531616E-18
 7668.29639268829  6.389702E-18
 7670.36479986035  6.712165E-18
 7672.43320703241  6.326487E-18
 7674.50161420446  5.341163E-18
 7676.57002137653  4.620596E-18
 7678.63842854859  4.394815E-18
 7680.70683572064  3.539509E-18
 7682.7752428927   4.190645E-18
 7684.84365006476  5.914942E-18
 7686.91205723682  6.837422E-18
 7688.98046440888  7.052332E-18
 7691.04887158094  7.528287E-18
 7693.117278753    7.564782E-18
 7695.18568592506  7.612941E-18
 7697.25409309712  7.122716E-18
 7699.32250026918  6.769814E-18
 7701.39090744124  6.938219E-18
 7703.4593146133   7.160358E-18
 7705.52772178536  6.775119E-18
 7707.59612895742  6.237447E-18
 7709.66453612948  6.544867E-18
 7711.73294330154  4.958605E-18
 7713.8013504736   3.185546E-18
 7715.86975764566  3.215940E-18
 7717.93816481772  4.084849E-18
 7720.00657198978  5.405559E-18
 7722.07497916184  7.234869E-18
 7724.1433863339   7.518030E-18
 7726.21179350596  7.524285E-18
 7728.28020067802  7.101259E-18
 7730.34860785008  6.248914E-18
 7732.41701502214  6.053737E-18
 7734.48542219419  6.432928E-18
 7736.55382936625  6.459312E-18
 7738.62223653831  6.630926E-18
 7740.69064371037  6.726410E-18
 7742.75905088243  6.763954E-18
 7744.82745805449  6.532130E-18
 7746.89586522655  6.490642E-18
 7748.96427239861  7.355953E-18
 7751.03267957067  7.682749E-18
 7753.10108674273  6.904185E-18
 7755.16949391479  6.803077E-18
 7757.23790108685  6.799871E-18
 7759.30630825891  6.785577E-18
 7761.37471543097  6.854864E-18
 7763.44312260303  6.286824E-18
 7765.51152977509  6.306190E-18
 7767.57993694715  6.226479E-18
 7769.64834411921  6.068166E-18
 7771.71675129127  6.243880E-18
 7773.78515846333  6.434824E-18
 7775.85356563539  6.190436E-18
 7777.92197280745  6.069939E-18
 7779.99037997951  6.755071E-18
 7782.05878715157  6.970638E-18
 7784.12719432363  5.878510E-18
 7786.19560149569  5.749378E-18
 7788.26400866774  6.297626E-18
 7790.3324158398   5.581375E-18
 7792.40082301186  4.678046E-18
 7794.46923018392  4.929295E-18
 7796.53763735598  5.392608E-18
 7798.60604452804  6.044365E-18
 7800.6744517001   6.485411E-18
 7802.74285887216  6.322265E-18
 7804.81126604422  6.133513E-18
 7806.87967321628  6.597071E-18
 7808.94808038834  6.903547E-18
 7811.0164875604   6.170342E-18
 7813.08489473246  6.537683E-18
 7815.15330190452  6.645926E-18
 7817.22170907658  6.402994E-18
 7819.29011624864  7.276494E-18
 7821.3585234207   7.314629E-18
 7823.42693059276  5.347952E-18
 7825.49533776482  5.681275E-18
 7827.56374493688  6.212129E-18
 7829.63215210894  6.152624E-18
 7831.70055928099  5.954094E-18
 7833.76896645305  5.849943E-18
 7835.83737362511  6.357325E-18
 7837.90578079717  5.888707E-18
 7839.97418796923  5.877953E-18
 7842.04259514129  6.532901E-18
 7844.11100231335  6.385751E-18
 7846.17940948541  5.736061E-18
 7848.24781665747  5.861607E-18
 7850.31622382953  6.164865E-18
