 4211.779296875    5.924142E-17
 4213.14092076612  6.806924E-17
 4214.50254465723  8.757588E-17
 4215.86416854834  8.742541E-17
 4217.22579243946  6.190628E-17
 4218.58741633057  6.943503E-17
 4219.94904022168  7.871275E-17
 4221.31066411279  7.884932E-17
 4222.67228800391  7.698617E-17
 4224.03391189502  6.941932E-17
 4225.39553578613  6.950234E-17
 4226.75715967724  6.783478E-17
 4228.11878356836  6.882131E-17
 4229.48040745947  6.713660E-17
 4230.84203135058  5.846900E-17
 4232.2036552417   5.526700E-17
 4233.56527913281  6.636626E-17
 4234.92690302392  5.805584E-17
 4236.28852691503  6.128363E-17
 4237.65015080615  4.725081E-17
 4239.01177469726  7.440515E-17
 4240.37339858837  7.518553E-17
 4241.73502247949  7.749357E-17
 4243.0966463706   6.710754E-17
 4244.45827026171  7.492852E-17
 4245.81989415282  6.602540E-17
 4247.18151804394  7.168603E-17
 4248.54314193505  7.022410E-17
 4249.90476582616  6.971304E-17
 4251.26638971727  7.448649E-17
 4252.62801360839  6.435826E-17
 4253.9896374995   5.040914E-17
 4255.35126139061  6.493605E-17
 4256.71288528173  7.138731E-17
 4258.07450917284  6.665103E-17
 4259.43613306395  7.202211E-17
 4260.79775695506  7.041072E-17
 4262.15938084618  6.903426E-17
 4263.52100473729  7.886070E-17
 4264.8826286284   7.063915E-17
 4266.24425251951  6.199341E-17
 4267.60587641063  7.118585E-17
 4268.96750030174  7.333742E-17
 4270.32912419285  6.750743E-17
 4271.69074808397  5.579029E-17
 4273.05237197508  6.483322E-17
 4274.41399586619  6.996984E-17
 4275.77561975731  6.976280E-17
 4277.13724364842  6.352811E-17
 4278.49886753953  6.511752E-17
 4279.86049143064  5.319957E-17
 4281.22211532176  5.339377E-17
 4282.58373921287  6.324984E-17
 4283.94536310398  6.733552E-17
 4285.30698699509  5.519682E-17
 4286.66861088621  4.829656E-17
 4288.03023477732  4.829270E-17
 4289.39185866843  4.607822E-17
 4290.75348255955  4.967478E-17
 4292.11510645066  5.452414E-17
 4293.47673034177  6.480459E-17
 4294.83835423288  6.893697E-17
 4296.199978124    6.584517E-17
 4297.56160201511  4.854564E-17
 4298.92322590622  5.050486E-17
 4300.28484979734  5.803574E-17
 4301.64647368845  5.481227E-17
 4303.00809757956  4.975091E-17
 4304.36972147067  5.355512E-17
 4305.73134536179  6.612166E-17
 4307.0929692529   7.208574E-17
 4308.45459314401  6.503925E-17
 4309.81621703513  6.160940E-17
 4311.17784092624  6.696949E-17
 4312.53946481735  6.704511E-17
 4313.90108870846  7.142124E-17
 4315.26271259958  7.733499E-17
 4316.62433649069  7.695990E-17
 4317.9859603818   8.185126E-17
 4319.34758427292  6.656929E-17
 4320.70920816403  6.086989E-17
 4322.07083205514  6.188346E-17
 4323.43245594625  6.286284E-17
 4324.79407983737  5.910747E-17
 4326.15570372848  5.990489E-17
 4327.51732761959  6.335744E-17
 4328.8789515107   6.894417E-17
 4330.24057540182  6.154298E-17
 4331.60219929293  5.702426E-17
 4332.96382318404  5.714421E-17
 4334.32544707516  6.142905E-17
 4335.68707096627  6.153044E-17
 4337.04869485738  6.834013E-17
 4338.41031874849  6.439213E-17
 4339.77194263961  6.774749E-17
 4341.13356653072  6.480500E-17
 4342.49519042183  6.083922E-17
 4343.85681431295  5.410761E-17
 4345.21843820406  5.934682E-17
 4346.58006209517  6.382158E-17
 4347.94168598628  6.519558E-17
 4349.3033098774   7.215105E-17
 4350.66493376851  6.687418E-17
 4352.02655765962  6.272622E-17
 4353.38818155073  6.874709E-17
 4354.74980544185  7.330318E-17
 4356.11142933296  6.605872E-17
 4357.47305322407  6.144441E-17
 4358.83467711519  6.564259E-17
 4360.1963010063   7.073470E-17
 4361.55792489741  7.048360E-17
 4362.91954878852  6.297339E-17
 4364.28117267964  6.914059E-17
 4365.64279657075  6.540717E-17
 4367.00442046186  5.513590E-17
 4368.36604435298  5.565691E-17
 4369.72766824409  6.875453E-17
 4371.0892921352   7.294787E-17
 4372.45091602631  7.355176E-17
 4373.81253991743  6.982245E-17
 4375.17416380854  6.532751E-17
 4376.53578769965  6.718927E-17
 4377.89741159077  6.681739E-17
 4379.25903548188  5.800083E-17
 4380.62065937299  5.925413E-17
 4381.9822832641   6.010120E-17
 4383.34390715522  6.172047E-17
 4384.70553104633  6.047284E-17
 4386.06715493744  7.105836E-17
 4387.42877882856  7.494145E-17
 4388.79040271967  7.046017E-17
 4390.15202661078  6.356141E-17
 4391.51365050189  5.875604E-17
 4392.87527439301  5.912252E-17
 4394.23689828412  6.463267E-17
 4395.59852217523  6.390568E-17
 4396.96014606635  5.766918E-17
 4398.32176995746  5.081853E-17
 4399.68339384857  6.388897E-17
 4401.04501773968  6.531810E-17
 4402.4066416308   5.867795E-17
 4403.76826552191  5.893826E-17
 4405.12988941302  5.858785E-17
 4406.49151330413  5.715659E-17
 4407.85313719525  5.620752E-17
 4409.21476108636  5.594276E-17
 4410.57638497747  5.727766E-17
 4411.93800886859  6.022582E-17
 4413.2996327597   6.447538E-17
 4414.66125665081  6.100762E-17
 4416.02288054192  6.311456E-17
 4417.38450443304  6.984399E-17
 4418.74612832415  6.662530E-17
 4420.10775221526  5.792285E-17
 4421.46937610638  6.193138E-17
 4422.83099999749  6.442139E-17
 4424.1926238886   6.264068E-17
 4425.55424777971  6.070365E-17
 4426.91587167083  6.490710E-17
 4428.27749556194  6.846526E-17
 4429.63911945305  5.404918E-17
 4431.00074334417  5.458655E-17
 4432.36236723528  6.365787E-17
 4433.72399112639  6.255491E-17
 4435.0856150175   6.171528E-17
 4436.44723890862  6.512713E-17
 4437.80886279973  5.551954E-17
 4439.17048669084  5.872971E-17
 4440.53211058195  5.222024E-17
 4441.89373447307  5.416392E-17
 4443.25535836418  7.190689E-17
 4444.61698225529  7.084830E-17
 4445.97860614641  6.471825E-17
 4447.34023003752  6.416033E-17
 4448.70185392863  6.430677E-17
 4450.06347781974  5.995141E-17
 4451.42510171086  5.810656E-17
 4452.78672560197  5.516754E-17
 4454.14834949308  5.606598E-17
 4455.50997338419  5.851793E-17
 4456.87159727531  6.508798E-17
 4458.23322116642  5.864672E-17
 4459.59484505753  6.403193E-17
 4460.95646894865  6.257900E-17
 4462.31809283976  5.794765E-17
 4463.67971673087  5.529980E-17
 4465.04134062199  5.658083E-17
 4466.4029645131   6.005839E-17
 4467.76458840421  6.048816E-17
 4469.12621229532  5.994275E-17
 4470.48783618644  6.382367E-17
 4471.84946007755  6.390146E-17
 4473.21108396866  5.987002E-17
 4474.57270785977  6.295961E-17
 4475.93433175089  6.634639E-17
 4477.295955642    6.500489E-17
 4478.65757953311  6.659470E-17
 4480.01920342423  6.177462E-17
 4481.38082731534  6.268997E-17
 4482.74245120645  6.894608E-17
 4484.10407509756  6.542762E-17
 4485.46569898868  6.583685E-17
 4486.82732287979  6.924238E-17
 4488.1889467709   6.360977E-17
 4489.55057066201  5.866356E-17
 4490.91219455313  6.402783E-17
 4492.27381844424  5.936513E-17
 4493.63544233535  5.928544E-17
 4494.99706622647  6.462499E-17
 4496.35869011758  5.824335E-17
 4497.72031400869  6.513130E-17
 4499.0819378998   6.654301E-17
 4500.44356179092  6.619699E-17
 4501.80518568203  6.700095E-17
 4503.16680957314  7.018815E-17
 4504.52843346426  7.165371E-17
 4505.89005735537  6.817169E-17
 4507.25168124648  6.546630E-17
 4508.61330513759  6.995466E-17
 4509.97492902871  6.641282E-17
 4511.33655291982  6.026782E-17
 4512.69817681093  6.129064E-17
 4514.05980070205  5.800756E-17
 4515.42142459316  5.747173E-17
 4516.78304848427  5.790460E-17
 4518.14467237538  5.636915E-17
 4519.5062962665   5.999164E-17
 4520.86792015761  6.287725E-17
 4522.22954404872  6.894834E-17
 4523.59116793983  6.842786E-17
 4524.95279183095  6.667724E-17
 4526.31441572206  6.767589E-17
 4527.67603961317  6.735926E-17
 4529.03766350429  6.508314E-17
 4530.3992873954   6.691027E-17
 4531.76091128651  6.905633E-17
 4533.12253517762  6.631811E-17
 4534.48415906874  6.153613E-17
 4535.84578295985  5.913396E-17
 4537.20740685096  6.144339E-17
 4538.56903074208  6.548557E-17
 4539.93065463319  6.627439E-17
 4541.2922785243   6.855049E-17
 4542.65390241541  6.952846E-17
 4544.01552630653  6.886920E-17
 4545.37715019764  7.410763E-17
 4546.73877408875  6.592766E-17
 4548.10039797987  6.602847E-17
 4549.46202187098  6.998010E-17
 4550.82364576209  6.977409E-17
 4552.1852696532   6.856379E-17
 4553.54689354432  6.305909E-17
 4554.90851743543  6.443295E-17
 4556.27014132654  6.231531E-17
 4557.63176521766  6.819305E-17
 4558.99338910877  6.405209E-17
 4560.35501299988  6.335506E-17
 4561.71663689099  6.035527E-17
 4563.07826078211  6.635970E-17
 4564.43988467322  6.261258E-17
 4565.80150856433  6.790921E-17
 4567.16313245545  6.810375E-17
 4568.52475634656  6.641982E-17
 4569.88638023767  7.033160E-17
 4571.24800412878  7.015990E-17
 4572.6096280199   7.037561E-17
 4573.97125191101  6.326486E-17
 4575.33287580212  6.556539E-17
 4576.69449969323  6.306999E-17
 4578.05612358435  5.758221E-17
 4579.41774747546  6.015151E-17
 4580.77937136657  6.578636E-17
 4582.14099525769  6.918126E-17
 4583.5026191488   6.851626E-17
 4584.86424303991  6.745571E-17
 4586.22586693102  6.831552E-17
 4587.58749082214  6.627009E-17
 4588.94911471325  6.677038E-17
 4590.31073860436  6.359307E-17
 4591.67236249548  6.273910E-17
 4593.03398638659  6.853741E-17
 4594.3956102777   7.057626E-17
 4595.75723416881  6.940540E-17
 4597.11885805993  6.854539E-17
 4598.48048195104  6.838444E-17
 4599.84210584215  6.895685E-17
 4601.20372973327  7.253011E-17
 4602.56535362438  7.009172E-17
 4603.92697751549  6.798391E-17
 4605.2886014066   6.697043E-17
 4606.65022529772  6.576595E-17
 4608.01184918883  6.840007E-17
 4609.37347307994  7.144567E-17
 4610.73509697106  6.960029E-17
 4612.09672086217  6.638477E-17
 4613.45834475328  6.894388E-17
 4614.81996864439  7.289302E-17
 4616.18159253551  6.614409E-17
 4617.54321642662  6.659447E-17
 4618.90484031773  6.700760E-17
 4620.26646420884  6.668467E-17
 4621.62808809996  5.916651E-17
 4622.98971199107  6.711207E-17
 4624.35133588218  7.037875E-17
 4625.7129597733   6.172074E-17
 4627.07458366441  7.257124E-17
 4628.43620755552  7.324456E-17
 4629.79783144663  6.774576E-17
 4631.15945533775  6.174138E-17
 4632.52107922886  6.487820E-17
 4633.88270311997  6.677634E-17
 4635.24432701108  6.563136E-17
 4636.6059509022   6.203299E-17
 4637.96757479331  6.738302E-17
 4639.32919868442  6.700935E-17
 4640.69082257554  6.204668E-17
 4642.05244646665  6.437964E-17
 4643.41407035776  6.498042E-17
 4644.77569424888  6.680718E-17
 4646.13731813999  7.332012E-17
 4647.4989420311   7.499863E-17
 4648.86056592221  6.981368E-17
 4650.22218981333  6.664072E-17
 4651.58381370444  6.509138E-17
 4652.94543759555  6.529929E-17
 4654.30706148666  6.706295E-17
 4655.66868537778  6.902682E-17
 4657.03030926889  6.641996E-17
 4658.39193316     6.201868E-17
 4659.75355705112  6.114181E-17
 4661.11518094223  6.307701E-17
 4662.47680483334  6.578898E-17
 4663.83842872445  6.858915E-17
 4665.20005261557  6.748384E-17
 4666.56167650668  6.973054E-17
 4667.92330039779  7.010089E-17
 4669.28492428891  6.660363E-17
 4670.64654818002  6.507978E-17
 4672.00817207113  6.379619E-17
 4673.36979596224  6.023893E-17
 4674.73141985336  5.995307E-17
 4676.09304374447  6.691083E-17
 4677.45466763558  6.486974E-17
 4678.81629152669  6.632727E-17
 4680.17791541781  6.427084E-17
 4681.53953930892  6.528685E-17
 4682.90116320003  6.580737E-17
 4684.26278709115  6.807008E-17
 4685.62441098226  6.468116E-17
 4686.98603487337  6.281035E-17
 4688.34765876448  6.379265E-17
 4689.7092826556   6.413473E-17
 4691.07090654671  6.507469E-17
 4692.43253043782  6.333266E-17
 4693.79415432894  6.444034E-17
 4695.15577822005  6.346243E-17
 4696.51740211116  6.132021E-17
 4697.87902600227  6.223125E-17
 4699.24064989339  6.745254E-17
 4700.6022737845   6.482198E-17
 4701.96389767561  6.733989E-17
 4703.32552156672  6.533677E-17
 4704.68714545784  6.087194E-17
 4706.04876934895  5.765766E-17
 4707.41039324006  6.184405E-17
 4708.77201713118  6.509807E-17
 4710.13364102229  6.580177E-17
 4711.4952649134   6.724831E-17
 4712.85688880451  6.537974E-17
 4714.21851269563  6.408267E-17
 4715.58013658674  6.921859E-17
 4716.94176047785  7.046941E-17
 4718.30338436897  6.637718E-17
 4719.66500826008  5.864186E-17
 4721.02663215119  5.791301E-17
 4722.3882560423   6.088306E-17
 4723.74987993342  6.630485E-17
 4725.11150382453  6.401215E-17
 4726.47312771564  6.130849E-17
 4727.83475160676  6.315552E-17
 4729.19637549787  6.660338E-17
 4730.55799938898  6.319456E-17
 4731.91962328009  5.561535E-17
 4733.28124717121  5.909908E-17
 4734.64287106232  6.111325E-17
 4736.00449495343  6.109076E-17
 4737.36611884455  6.171348E-17
 4738.72774273566  6.621465E-17
 4740.08936662677  6.191909E-17
 4741.45099051788  5.842311E-17
 4742.812614409    6.402011E-17
 4744.17423830011  7.084176E-17
 4745.53586219122  7.404760E-17
 4746.89748608233  7.024388E-17
 4748.25910997345  6.050237E-17
 4749.62073386456  6.723601E-17
 4750.98235775567  7.480033E-17
 4752.34398164679  7.086294E-17
 4753.7056055379   6.826338E-17
 4755.06722942901  6.711006E-17
 4756.42885332012  6.724518E-17
 4757.79047721124  6.999953E-17
 4759.15210110235  7.361699E-17
 4760.51372499346  6.907724E-17
 4761.87534888458  6.368252E-17
 4763.23697277569  6.479408E-17
 4764.5985966668   6.595452E-17
 4765.96022055791  6.364974E-17
 4767.32184444903  6.096516E-17
 4768.68346834014  6.109322E-17
 4770.04509223125  6.508535E-17
 4771.40671612237  6.661174E-17
 4772.76834001348  6.948436E-17
 4774.12996390459  7.065387E-17
 4775.4915877957   6.273123E-17
 4776.85321168682  5.936714E-17
 4778.21483557793  6.210023E-17
 4779.57645946904  6.542956E-17
 4780.93808336016  6.476264E-17
 4782.29970725127  6.477615E-17
 4783.66133114238  6.305495E-17
 4785.02295503349  6.488357E-17
 4786.38457892461  6.639054E-17
 4787.74620281572  6.302590E-17
 4789.10782670683  6.045358E-17
 4790.46945059794  6.336671E-17
 4791.83107448906  6.314621E-17
 4793.19269838017  6.818186E-17
 4794.55432227128  6.594840E-17
 4795.9159461624   6.465763E-17
 4797.27757005351  6.583067E-17
 4798.63919394462  6.341733E-17
 4800.00081783573  6.725749E-17
 4801.36244172685  7.121318E-17
 4802.72406561796  6.791125E-17
 4804.08568950907  6.933759E-17
 4805.44731340019  6.942855E-17
 4806.8089372913   6.473173E-17
 4808.17056118241  6.793746E-17
 4809.53218507352  7.068845E-17
 4810.89380896464  6.650694E-17
 4812.25543285575  6.657449E-17
 4813.61705674686  6.978931E-17
 4814.97868063798  7.184639E-17
 4816.34030452909  7.034928E-17
 4817.7019284202   7.117342E-17
 4819.06355231131  6.227676E-17
 4820.42517620243  6.675668E-17
 4821.78680009354  7.045596E-17
 4823.14842398465  7.144990E-17
 4824.51004787576  6.779343E-17
 4825.87167176688  6.787579E-17
 4827.23329565799  6.554997E-17
 4828.5949195491   6.880144E-17
 4829.95654344022  7.063690E-17
 4831.31816733133  6.400128E-17
 4832.67979122244  6.813982E-17
 4834.04141511356  6.764950E-17
 4835.40303900467  6.945219E-17
 4836.76466289578  7.071015E-17
 4838.12628678689  7.045792E-17
 4839.48791067801  6.751518E-17
 4840.84953456912  6.612698E-17
 4842.21115846023  6.667829E-17
 4843.57278235134  6.926547E-17
 4844.93440624246  7.072146E-17
 4846.29603013357  6.635003E-17
 4847.65765402468  6.723644E-17
 4849.0192779158   6.576099E-17
 4850.38090180691  6.948830E-17
 4851.74252569802  6.704317E-17
 4853.10414958913  6.793314E-17
 4854.46577348025  6.991714E-17
 4855.82739737136  6.859706E-17
 4857.18902126247  6.530909E-17
 4858.55064515358  6.953213E-17
 4859.9122690447   7.512232E-17
 4861.27389293581  7.634966E-17
 4862.63551682692  7.370074E-17
 4863.99714071804  7.019838E-17
 4865.35876460915  7.327405E-17
 4866.72038850026  6.773568E-17
 4868.08201239137  6.725477E-17
 4869.44363628249  7.117452E-17
 4870.8052601736   7.179128E-17
 4872.16688406471  7.364103E-17
 4873.52850795583  7.321914E-17
 4874.89013184694  7.401837E-17
 4876.25175573805  7.605217E-17
 4877.61337962916  8.029376E-17
 4878.97500352028  7.721039E-17
 4880.33662741139  7.463426E-17
 4881.6982513025   7.890721E-17
 4883.05987519361  8.597728E-17
 4884.42149908473  8.361948E-17
 4885.78312297584  8.635169E-17
 4887.14474686695  8.682610E-17
 4888.50637075807  8.834598E-17
 4889.86799464918  9.456836E-17
 4891.22961854029  1.016742E-16
 4892.5912424314   1.076473E-16
 4893.95286632252  1.094622E-16
 4895.31449021363  1.050461E-16
 4896.67611410474  1.026314E-16
 4898.03773799586  9.875533E-17
 4899.39936188697  9.249270E-17
 4900.76098577808  8.730531E-17
 4902.12260966919  8.527359E-17
 4903.48423356031  8.744503E-17
 4904.84585745142  8.238519E-17
 4906.20748134253  7.875820E-17
 4907.56910523365  7.893117E-17
 4908.93072912476  7.974422E-17
 4910.29235301587  7.909154E-17
 4911.65397690698  7.503726E-17
 4913.0156007981   7.325510E-17
 4914.37722468921  7.588024E-17
 4915.73884858032  7.161693E-17
 4917.10047247144  6.795600E-17
 4918.46209636255  6.997575E-17
 4919.82372025366  7.200658E-17
 4921.18534414477  6.817782E-17
 4922.54696803589  6.695383E-17
 4923.908591927    7.081377E-17
 4925.27021581811  7.477747E-17
 4926.63183970922  7.075767E-17
 4927.99346360034  7.172222E-17
 4929.35508749145  7.128709E-17
 4930.71671138256  6.523012E-17
 4932.07833527368  6.592236E-17
 4933.43995916479  7.278596E-17
 4934.8015830559   7.301712E-17
 4936.16320694701  6.552031E-17
 4937.52483083813  6.248600E-17
 4938.88645472924  6.249301E-17
 4940.24807862035  6.583061E-17
 4941.60970251147  6.661168E-17
 4942.97132640258  6.556752E-17
 4944.33295029369  6.488954E-17
 4945.6945741848   6.934632E-17
 4947.05619807592  6.842297E-17
 4948.41782196703  6.826051E-17
 4949.77944585814  6.898060E-17
 4951.14106974926  6.587627E-17
 4952.50269364037  6.788353E-17
 4953.86431753148  6.962382E-17
 4955.22594142259  6.655546E-17
 4956.58756531371  7.398054E-17
 4957.94918920482  7.338069E-17
 4959.31081309593  7.239728E-17
 4960.67243698704  7.387454E-17
 4962.03406087816  6.992402E-17
 4963.39568476927  6.945509E-17
 4964.75730866038  6.768789E-17
 4966.1189325515   7.171586E-17
 4967.48055644261  7.072122E-17
 4968.84218033372  7.080534E-17
 4970.20380422483  7.029771E-17
 4971.56542811595  7.260142E-17
 4972.92705200706  7.005192E-17
 4974.28867589817  6.654572E-17
 4975.65029978929  6.836282E-17
 4977.0119236804   6.713161E-17
 4978.37354757151  6.887548E-17
 4979.73517146262  7.192460E-17
 4981.09679535374  6.767809E-17
 4982.45841924485  6.461930E-17
 4983.82004313596  6.852278E-17
 4985.18166702708  7.057207E-17
 4986.54329091819  6.661454E-17
 4987.9049148093   6.436673E-17
 4989.26653870041  6.372082E-17
 4990.62816259153  6.354736E-17
 4991.98978648264  6.376138E-17
 4993.35141037375  6.257922E-17
 4994.71303426487  6.354020E-17
 4996.07465815598  6.535766E-17
 4997.43628204709  6.924008E-17
 4998.7979059382   6.537387E-17
 5000.15952982932  6.407433E-17
 5001.52115372043  6.422314E-17
 5002.88277761154  6.365880E-17
 5004.24440150266  6.543005E-17
 5005.60602539377  6.580509E-17
 5006.96764928488  6.583902E-17
 5008.32927317599  6.673411E-17
 5009.69089706711  6.844299E-17
 5011.05252095822  6.810923E-17
 5012.41414484933  6.930134E-17
 5013.77576874044  6.992905E-17
 5015.13739263156  6.992778E-17
 5016.49901652267  6.858420E-17
 5017.86064041378  6.572680E-17
 5019.2222643049   6.530844E-17
 5020.58388819601  6.698456E-17
 5021.94551208712  7.280150E-17
 5023.30713597823  7.159970E-17
 5024.66875986935  7.007120E-17
 5026.03038376046  6.944767E-17
 5027.39200765157  6.647507E-17
 5028.75363154269  6.447064E-17
 5030.1152554338   6.833915E-17
 5031.47687932491  6.905375E-17
 5032.83850321602  6.494081E-17
 5034.20012710714  6.871990E-17
 5035.56175099825  7.230496E-17
 5036.92337488936  7.005484E-17
 5038.28499878048  7.039961E-17
 5039.64662267159  6.949115E-17
 5041.0082465627   6.711176E-17
 5042.36987045381  6.646975E-17
 5043.73149434493  6.914121E-17
 5045.09311823604  7.250294E-17
 5046.45474212715  7.297501E-17
 5047.81636601827  7.322117E-17
 5049.17798990938  7.522247E-17
 5050.53961380049  7.472249E-17
 5051.9012376916   7.589090E-17
 5053.26286158272  7.602698E-17
 5054.62448547383  7.344910E-17
 5055.98610936494  7.144806E-17
 5057.34773325606  6.962547E-17
 5058.70935714717  6.972026E-17
 5060.07098103828  6.733756E-17
 5061.43260492939  6.711207E-17
 5062.79422882051  7.032441E-17
 5064.15585271162  7.080501E-17
 5065.51747660273  7.161520E-17
 5066.87910049384  6.953801E-17
 5068.24072438496  6.973890E-17
 5069.60234827607  6.557746E-17
 5070.96397216718  6.841248E-17
 5072.3255960583   7.031073E-17
 5073.68721994941  7.089573E-17
 5075.04884384052  7.245595E-17
 5076.41046773163  7.367176E-17
 5077.77209162275  7.066458E-17
 5079.13371551386  6.839989E-17
 5080.49533940497  6.766698E-17
 5081.85696329609  6.693359E-17
 5083.2185871872   6.513266E-17
 5084.58021107831  6.669782E-17
 5085.94183496942  6.940186E-17
 5087.30345886054  6.807833E-17
 5088.66508275165  6.916873E-17
 5090.02670664276  6.947116E-17
 5091.38833053388  6.505457E-17
 5092.74995442499  6.373294E-17
 5094.1115783161   6.202575E-17
 5095.47320220721  5.942412E-17
 5096.83482609833  6.649289E-17
 5098.19644998944  6.790395E-17
 5099.55807388055  6.785023E-17
 5100.91969777166  6.917919E-17
 5102.28132166278  6.745931E-17
 5103.64294555389  6.389584E-17
 5105.004569445    6.433359E-17
 5106.36619333612  6.714669E-17
 5107.72781722723  6.475269E-17
 5109.08944111834  6.498936E-17
 5110.45106500945  6.727942E-17
 5111.81268890057  6.880031E-17
 5113.17431279168  6.991149E-17
 5114.53593668279  6.956333E-17
 5115.8975605739   7.088140E-17
 5117.25918446502  6.886177E-17
 5118.62080835613  6.944522E-17
 5119.98243224724  7.017811E-17
 5121.34405613836  6.881644E-17
 5122.70568002947  6.854936E-17
 5124.06730392058  6.772009E-17
 5125.42892781169  6.894772E-17
 5126.79055170281  6.978935E-17
 5128.15217559392  6.784091E-17
 5129.51379948503  6.977392E-17
 5130.87542337614  6.862025E-17
 5132.23704726726  6.910663E-17
 5133.59867115837  7.099076E-17
 5134.96029504948  7.098016E-17
 5136.3219189406   7.003981E-17
 5137.68354283171  7.060097E-17
 5139.04516672282  6.936203E-17
 5140.40679061394  6.846241E-17
 5141.76841450505  6.883456E-17
 5143.13003839616  6.799962E-17
 5144.49166228727  6.911199E-17
 5145.85328617839  6.973817E-17
 5147.2149100695   7.029777E-17
 5148.57653396061  7.062872E-17
 5149.93815785172  6.883314E-17
 5151.29978174284  6.882804E-17
 5152.66140563395  6.718464E-17
 5154.02302952506  7.003851E-17
 5155.38465341618  7.191198E-17
 5156.74627730729  6.995057E-17
 5158.1079011984   6.698526E-17
 5159.46952508952  6.859370E-17
 5160.83114898063  7.148486E-17
 5162.19277287174  7.232540E-17
 5163.55439676285  7.140845E-17
 5164.91602065397  7.343279E-17
 5166.27764454508  7.249416E-17
 5167.63926843619  7.145277E-17
 5169.0008923273   7.244009E-17
 5170.36251621842  7.156837E-17
 5171.72414010953  6.925616E-17
 5173.08576400064  6.937720E-17
 5174.44738789176  7.171142E-17
 5175.80901178287  6.940070E-17
 5177.17063567398  6.946046E-17
 5178.53225956509  7.084218E-17
 5179.89388345621  7.168776E-17
 5181.25550734732  7.223226E-17
 5182.61713123843  7.071353E-17
 5183.97875512955  7.255481E-17
 5185.34037902066  7.282530E-17
 5186.70200291177  7.162734E-17
 5188.06362680288  7.444638E-17
 5189.425250694    7.639964E-17
 5190.78687458511  7.627322E-17
 5192.14849847622  7.898777E-17
 5193.51012236733  7.499088E-17
 5194.87174625845  7.613883E-17
 5196.23337014956  7.481396E-17
 5197.59499404067  7.271801E-17
 5198.95661793179  7.116020E-17
 5200.3182418229   7.417421E-17
 5201.67986571401  7.755638E-17
 5203.04148960512  7.613642E-17
 5204.40311349624  7.181227E-17
 5205.76473738735  7.379167E-17
 5207.12636127846  7.659267E-17
 5208.48798516957  7.509646E-17
 5209.84960906069  7.572531E-17
 5211.2112329518   7.704450E-17
 5212.57285684291  7.497847E-17
 5213.93448073403  7.380350E-17
 5215.29610462514  7.437467E-17
 5216.65772851625  7.230637E-17
 5218.01935240737  7.419902E-17
 5219.38097629848  7.629996E-17
 5220.74260018959  7.476682E-17
 5222.1042240807   7.187645E-17
 5223.46584797182  7.141056E-17
 5224.82747186293  7.301122E-17
 5226.18909575404  7.338035E-17
 5227.55071964515  7.245311E-17
 5228.91234353627  7.355005E-17
 5230.27396742738  7.651497E-17
 5231.63559131849  7.606049E-17
 5232.99721520961  7.517707E-17
 5234.35883910072  7.278630E-17
 5235.72046299183  6.992193E-17
 5237.08208688294  7.032104E-17
 5238.44371077406  7.048732E-17
 5239.80533466517  7.152701E-17
 5241.16695855628  7.137615E-17
 5242.5285824474   7.016681E-17
 5243.89020633851  7.011275E-17
 5245.25183022962  7.057753E-17
 5246.61345412073  6.978477E-17
 5247.97507801185  6.827666E-17
 5249.33670190296  6.742887E-17
 5250.69832579407  7.093485E-17
 5252.05994968519  7.372339E-17
 5253.4215735763   7.294748E-17
 5254.78319746741  7.063293E-17
 5256.14482135852  7.223866E-17
 5257.50644524964  7.211071E-17
 5258.86806914075  7.195827E-17
 5260.22969303186  7.181612E-17
 5261.59131692298  7.258112E-17
 5262.95294081409  7.283008E-17
 5264.3145647052   7.289259E-17
 5265.67618859631  7.224427E-17
 5267.03781248743  7.335160E-17
 5268.39943637854  7.546471E-17
 5269.76106026965  7.409917E-17
 5271.12268416076  7.314743E-17
 5272.48430805188  7.446456E-17
 5273.84593194299  7.350395E-17
 5275.2075558341   7.206794E-17
 5276.56917972522  7.240639E-17
 5277.93080361633  7.281419E-17
 5279.29242750744  7.397123E-17
 5280.65405139855  7.348501E-17
 5282.01567528967  7.141201E-17
 5283.37729918078  7.302159E-17
 5284.73892307189  7.387255E-17
 5286.10054696301  7.288316E-17
 5287.46217085412  7.041559E-17
 5288.82379474523  6.758266E-17
 5290.18541863634  7.084589E-17
 5291.54704252746  7.297495E-17
 5292.90866641857  7.638922E-17
 5294.27029030968  7.463700E-17
 5295.6319142008   7.597164E-17
 5296.99353809191  7.194998E-17
 5298.35516198302  7.195526E-17
 5299.71678587413  7.258916E-17
 5301.07840976524  7.062219E-17
 5302.44003365636  6.921691E-17
 5303.80165754747  7.464379E-17
 5305.16328143858  7.778648E-17
 5306.5249053297   7.615806E-17
 5307.88652922081  7.290803E-17
 5309.24815311192  7.512219E-17
 5310.60977700304  7.501385E-17
 5311.97140089415  7.500137E-17
 5313.33302478526  7.517546E-17
 5314.69464867638  7.207422E-17
 5316.05627256749  7.036564E-17
 5317.4178964586   7.112681E-17
 5318.77952034971  7.618149E-17
 5320.14114424082  7.346226E-17
 5321.50276813194  7.282194E-17
 5322.86439202305  7.150813E-17
 5324.22601591416  6.809471E-17
 5325.58763980528  6.911876E-17
 5326.94926369639  7.069643E-17
 5328.3108875875   7.151827E-17
 5329.67251147861  7.147309E-17
 5331.03413536973  6.809829E-17
 5332.39575926084  6.700164E-17
 5333.75738315195  6.896235E-17
 5335.11900704307  6.980394E-17
 5336.48063093418  6.839692E-17
 5337.84225482529  6.799517E-17
 5339.2038787164   6.928790E-17
 5340.56550260752  6.937398E-17
 5341.92712649863  6.848865E-17
 5343.28875038974  7.111283E-17
 5344.65037428086  7.426696E-17
 5346.01199817197  7.197747E-17
 5347.37362206308  7.148396E-17
 5348.73524595419  7.351384E-17
 5350.09686984531  7.486668E-17
 5351.45849373642  7.327037E-17
 5352.82011762753  7.374938E-17
 5354.18174151864  7.492313E-17
 5355.54336540976  7.240905E-17
 5356.90498930087  7.091542E-17
 5358.26661319198  6.770084E-17
 5359.6282370831   6.897984E-17
 5360.98986097421  7.025377E-17
 5362.35148486532  7.034182E-17
 5363.71310875643  7.145794E-17
 5365.07473264755  7.016049E-17
 5366.43635653866  7.059214E-17
 5367.79798042977  7.274701E-17
 5369.15960432089  7.250855E-17
 5370.521228212    7.104979E-17
 5371.88285210311  7.154520E-17
 5373.24447599422  7.184981E-17
 5374.60609988534  7.050862E-17
 5375.96772377645  6.871767E-17
 5377.32934766756  6.829786E-17
 5378.69097155868  6.886561E-17
 5380.05259544979  6.862448E-17
 5381.4142193409   7.117950E-17
 5382.77584323201  7.071869E-17
 5384.13746712313  6.770553E-17
 5385.49909101424  6.789768E-17
 5386.86071490535  6.769516E-17
 5388.22233879647  6.950915E-17
 5389.58396268758  6.719405E-17
 5390.94558657869  6.829059E-17
 5392.3072104698   6.805340E-17
 5393.66883436092  6.771247E-17
 5395.03045825203  7.016085E-17
 5396.39208214314  6.976713E-17
 5397.75370603426  7.110376E-17
 5399.11532992537  7.108214E-17
 5400.47695381648  6.743167E-17
 5401.83857770759  6.659044E-17
 5403.20020159871  6.871803E-17
 5404.56182548982  6.895734E-17
 5405.92344938093  6.838295E-17
 5407.28507327205  6.737075E-17
 5408.64669716316  6.771434E-17
 5410.00832105427  7.002916E-17
 5411.36994494538  6.780366E-17
 5412.7315688365   6.699934E-17
 5414.09319272761  6.627341E-17
 5415.45481661872  6.558796E-17
 5416.81644050983  6.869775E-17
 5418.17806440095  6.672244E-17
 5419.53968829206  6.509786E-17
 5420.90131218317  6.693660E-17
 5422.26293607429  6.830259E-17
 5423.6245599654   6.814534E-17
 5424.98618385651  6.763614E-17
 5426.34780774762  6.802968E-17
 5427.70943163874  6.782300E-17
 5429.07105552985  6.766380E-17
 5430.43267942096  6.619652E-17
 5431.79430331207  6.781505E-17
 5433.15592720319  6.935600E-17
 5434.5175510943   6.725906E-17
 5435.87917498541  6.776650E-17
 5437.24079887653  6.744486E-17
 5438.60242276764  6.638349E-17
 5439.96404665875  6.621060E-17
 5441.32567054987  6.795232E-17
 5442.68729444098  6.951032E-17
 5444.04891833209  6.864263E-17
 5445.4105422232   6.666903E-17
 5446.77216611432  6.644735E-17
 5448.13379000543  6.809825E-17
 5449.49541389654  6.954704E-17
 5450.85703778765  6.786204E-17
 5452.21866167877  6.661007E-17
 5453.58028556988  6.756804E-17
 5454.94190946099  7.001968E-17
 5456.3035333521   7.079210E-17
 5457.66515724322  6.877693E-17
 5459.02678113433  7.001984E-17
 5460.38840502544  7.053216E-17
 5461.75002891656  6.938139E-17
 5463.11165280767  6.991082E-17
 5464.47327669878  6.929816E-17
 5465.8349005899   6.774955E-17
 5467.19652448101  6.820397E-17
 5468.55814837212  6.915903E-17
 5469.91977226323  6.761281E-17
 5471.28139615435  6.511832E-17
 5472.64302004546  6.615748E-17
 5474.00464393657  6.818181E-17
 5475.36626782768  6.697981E-17
 5476.7278917188   6.497770E-17
 5478.08951560991  6.720397E-17
 5479.45113950102  6.658032E-17
 5480.81276339213  6.493683E-17
 5482.17438728325  6.406594E-17
 5483.53601117436  6.478816E-17
 5484.89763506547  6.515972E-17
 5486.25925895659  6.729278E-17
 5487.6208828477   6.717918E-17
 5488.98250673881  6.702997E-17
 5490.34413062993  6.594690E-17
 5491.70575452104  6.697910E-17
 5493.06737841215  6.691986E-17
 5494.42900230326  6.456773E-17
 5495.79062619438  6.519749E-17
 5497.15225008549  6.557018E-17
 5498.5138739766   6.495718E-17
 5499.87549786772  6.380744E-17
 5501.23712175883  6.663255E-17
 5502.59874564994  6.360973E-17
 5503.96036954105  6.440775E-17
 5505.32199343217  6.656064E-17
 5506.68361732328  6.538744E-17
 5508.04524121439  6.396395E-17
 5509.40686510551  6.564618E-17
 5510.76848899662  6.596251E-17
 5512.13011288773  6.527072E-17
 5513.49173677884  6.447379E-17
 5514.85336066996  6.492160E-17
 5516.21498456107  6.260434E-17
 5517.57660845218  6.230430E-17
 5518.93823234329  6.101898E-17
 5520.29985623441  6.393548E-17
 5521.66148012552  6.464272E-17
 5523.02310401663  6.715353E-17
 5524.38472790774  6.545041E-17
 5525.74635179886  6.706017E-17
 5527.10797568997  6.912850E-17
 5528.46959958108  6.800363E-17
 5529.8312234722   6.846798E-17
 5531.19284736331  6.677875E-17
 5532.55447125442  6.809258E-17
 5533.91609514554  6.496474E-17
 5535.27771903665  6.445620E-17
 5536.63934292776  6.567500E-17
 5538.00096681887  6.611208E-17
 5539.36259070999  6.634669E-17
 5540.7242146011   6.591409E-17
 5542.08583849221  6.498507E-17
 5543.44746238332  6.399247E-17
 5544.80908627444  6.423922E-17
 5546.17071016555  6.462447E-17
 5547.53233405666  6.617454E-17
 5548.89395794778  6.278709E-17
 5550.25558183889  6.226892E-17
 5551.61720573     6.403898E-17
 5552.97882962111  6.442222E-17
 5554.34045351223  6.348401E-17
 5555.70207740334  6.547359E-17
 5557.06370129445  6.658920E-17
 5558.42532518557  6.524187E-17
 5559.78694907668  6.471774E-17
 5561.14857296779  6.676291E-17
 5562.5101968589   6.934329E-17
 5563.87182075002  6.863895E-17
 5565.23344464113  6.823809E-17
 5566.59506853224  6.754129E-17
 5567.95669242336  6.909289E-17
 5569.31831631447  6.920890E-17
 5570.67994020558  6.990199E-17
 5572.04156409669  6.834189E-17
 5573.40318798781  6.610152E-17
 5574.76481187892  6.367215E-17
 5576.12643577003  6.383666E-17
 5577.48805966114  6.397451E-17
 5578.84968355226  6.413995E-17
 5580.21130744337  6.383018E-17
 5581.57293133448  6.403746E-17
 5582.9345552256   6.465229E-17
 5584.29617911671  6.492382E-17
 5585.65780300782  6.509042E-17
 5587.01942689893  6.526008E-17
 5588.38105079005  6.533678E-17
 5589.74267468116  6.566148E-17
 5591.10429857227  6.624287E-17
 5592.46592246339  6.638196E-17
 5593.8275463545   6.642556E-17
 5595.18917024561  6.658474E-17
 5596.55079413672  6.625181E-17
 5597.91241802784  6.671240E-17
 5599.27404191895  6.689347E-17
 5600.63566581006  6.707305E-17
 5601.99728970118  6.743854E-17
 5603.35891359229  6.764692E-17
 5604.7205374834   6.782089E-17
 5606.08216137451  6.788745E-17
 5607.44378526563  6.771540E-17
 5608.80540915674  6.682278E-17
 5610.16703304785  6.874189E-17
 5611.52865693897  6.660878E-17
 5612.89028083008  6.565471E-17
 5614.25190472119  6.525609E-17
 5615.6135286123   6.423760E-17
 5616.97515250342  6.360783E-17
 5618.33677639453  6.432858E-17
 5619.69840028564  7.013495E-17
 5621.06002417676  6.657508E-17
 5622.42164806787  6.556877E-17
 5623.78327195898  6.657825E-17
 5625.14489585009  6.658754E-17
 5626.50651974121  6.405697E-17
 5627.86814363232  6.841838E-17
 5629.22976752343  6.500877E-17
 5630.59139141454  6.515013E-17
 5631.95301530566  6.637095E-17
 5633.31463919677  6.143279E-17
 5634.67626308788  6.622051E-17
 5636.037886979    6.714899E-17
 5637.39951087011  6.436130E-17
 5638.76113476122  6.546532E-17
 5640.12275865233  7.012768E-17
 5641.48438254345  6.760467E-17
 5642.84600643456  6.372891E-17
 5644.20763032567  6.701733E-17
 5645.56925421679  6.781140E-17
 5646.9308781079   6.763500E-17
 5648.29250199901  6.582466E-17
 5649.65412589012  6.717630E-17
 5651.01574978124  6.689469E-17
 5652.37737367235  6.265062E-17
 5653.73899756346  6.809101E-17
 5655.10062145457  6.591745E-17
 5656.46224534569  6.476848E-17
 5657.8238692368   6.458905E-17
 5659.18549312791  6.461380E-17
 5660.54711701903  6.798299E-17
 5661.90874091014  6.598262E-17
 5663.27036480125  6.991135E-17
 5664.63198869237  6.650677E-17
 5665.99361258348  6.722298E-17
 5667.35523647459  6.375808E-17
 5668.7168603657   6.041658E-17
 5670.07848425681  6.620549E-17
 5671.44010814793  6.380690E-17
 5672.80173203904  6.628437E-17
 5674.16335593015  6.530870E-17
 5675.52497982127  6.199350E-17
 5676.88660371238  6.333110E-17
 5678.24822760349  6.729596E-17
 5679.6098514946   6.382849E-17
 5680.97147538572  6.503797E-17
 5682.33309927683  6.760410E-17
 5683.69472316794  6.213719E-17
 5685.05634705906  6.506478E-17
 5686.41797095017  6.538662E-17
 5687.77959484128  6.737147E-17
 5689.14121873239  6.587488E-17
 5690.50284262351  6.344491E-17
 5691.86446651462  6.419391E-17
 5693.22609040573  6.312932E-17
 5694.58771429685  6.088200E-17
 5695.94933818796  6.275955E-17
 5697.31096207907  6.842311E-17
 5698.67258597018  6.982216E-17
 5700.0342098613   6.511988E-17
 5701.39583375241  6.331665E-17
 5702.75745764352  6.563252E-17
 5704.11908153463  6.485357E-17
 5705.48070542575  6.536095E-17
 5706.84232931686  6.454349E-17
 5708.20395320797  6.524494E-17
 5709.56557709909  6.740572E-17
 5710.9272009902   6.644857E-17
 5712.28882488131  6.410327E-17
 5713.65044877243  6.505463E-17
 5715.01207266354  6.431986E-17
 5716.37369655465  6.274760E-17
 5717.73532044576  6.576467E-17
 5719.09694433688  6.288855E-17
 5720.45856822799  6.157769E-17
 5721.8201921191   6.491490E-17
 5723.18181601021  6.406456E-17
 5724.54343990133  6.324266E-17
 5725.90506379244  6.446723E-17
 5727.26668768355  6.585310E-17
 5728.62831157467  6.377726E-17
 5729.98993546578  6.416244E-17
 5731.35155935689  6.512417E-17
 5732.713183248    6.555973E-17
 5734.07480713912  6.660214E-17
 5735.43643103023  6.496389E-17
 5736.79805492134  6.436100E-17
 5738.15967881246  6.449771E-17
 5739.52130270357  6.483910E-17
 5740.88292659468  6.420976E-17
 5742.24455048579  6.536537E-17
 5743.60617437691  6.522678E-17
 5744.96779826802  6.339944E-17
 5746.32942215913  6.410491E-17
 5747.69104605024  6.415445E-17
 5749.05266994136  6.361547E-17
 5750.41429383247  6.511065E-17
 5751.77591772358  6.466222E-17
 5753.1375416147   6.447236E-17
 5754.49916550581  6.275410E-17
 5755.86078939692  6.252360E-17
 5757.22241328804  6.500453E-17
 5758.58403717915  6.553841E-17
 5759.94566107026  6.652910E-17
 5761.30728496137  6.664954E-17
 5762.66890885249  6.549312E-17
 5764.0305327436   6.482050E-17
 5765.39215663471  6.401410E-17
 5766.75378052582  6.313132E-17
 5768.11540441694  6.444759E-17
 5769.47702830805  6.698625E-17
 5770.83865219916  6.578018E-17
 5772.20027609028  6.508443E-17
 5773.56189998139  6.358665E-17
 5774.9235238725   6.534754E-17
 5776.28514776361  6.620680E-17
 5777.64677165473  6.555972E-17
 5779.00839554584  6.360964E-17
 5780.37001943695  6.253291E-17
 5781.73164332806  6.522696E-17
 5783.09326721918  6.623827E-17
 5784.45489111029  6.366518E-17
 5785.8165150014   6.460099E-17
 5787.17813889252  6.479111E-17
 5788.53976278363  6.401985E-17
 5789.90138667474  6.511410E-17
 5791.26301056586  6.475975E-17
 5792.62463445697  6.672306E-17
 5793.98625834808  6.240187E-17
 5795.34788223919  6.502743E-17
 5796.70950613031  6.304883E-17
 5798.07113002142  6.311278E-17
 5799.43275391253  6.453202E-17
 5800.79437780364  6.681151E-17
 5802.15600169476  6.404687E-17
 5803.51762558587  6.601055E-17
 5804.87924947698  6.494433E-17
 5806.2408733681   6.491202E-17
 5807.60249725921  6.239302E-17
 5808.96412115032  6.164038E-17
 5810.32574504143  6.254168E-17
 5811.68736893255  6.086207E-17
 5813.04899282366  6.394957E-17
 5814.41061671477  6.754656E-17
 5815.77224060589  6.114220E-17
 5817.133864497    6.510779E-17
 5818.49548838811  6.270773E-17
 5819.85711227922  6.496796E-17
 5821.21873617034  6.474540E-17
 5822.58036006145  6.115729E-17
 5823.94198395256  6.748744E-17
 5825.30360784367  6.336495E-17
 5826.66523173479  6.293393E-17
 5828.0268556259   6.142418E-17
 5829.38847951701  6.448050E-17
 5830.75010340812  6.200443E-17
 5832.11172729924  6.560929E-17
 5833.47335119035  6.499931E-17
 5834.83497508147  6.296173E-17
 5836.19659897258  6.372069E-17
 5837.55822286369  6.632723E-17
 5838.9198467548   6.361073E-17
 5840.28147064592  6.495366E-17
 5841.64309453703  6.561167E-17
 5843.00471842814  6.411314E-17
 5844.36634231925  6.365267E-17
 5845.72796621037  6.473517E-17
 5847.08959010148  6.564300E-17
 5848.45121399259  6.778126E-17
 5849.8128378837   6.283038E-17
 5851.17446177482  6.201573E-17
 5852.53608566593  6.474103E-17
 5853.89770955704  6.411818E-17
 5855.25933344816  6.226855E-17
 5856.62095733927  6.453839E-17
 5857.98258123038  6.453487E-17
 5859.3442051215   6.516092E-17
 5860.70582901261  6.813573E-17
 5862.06745290372  6.449490E-17
 5863.42907679483  6.325089E-17
 5864.79070068595  6.219093E-17
 5866.15232457706  6.326780E-17
 5867.51394846817  6.175196E-17
 5868.87557235929  6.292485E-17
 5870.2371962504   6.149404E-17
 5871.59882014151  6.540779E-17
 5872.96044403262  6.626946E-17
 5874.32206792373  6.586049E-17
 5875.68369181485  6.442155E-17
 5877.04531570596  6.412226E-17
 5878.40693959707  6.226755E-17
 5879.76856348819  6.305923E-17
 5881.1301873793   6.481080E-17
 5882.49181127041  6.370868E-17
 5883.85343516153  5.985814E-17
 5885.21505905264  6.004120E-17
 5886.57668294375  6.174436E-17
 5887.93830683486  5.708459E-17
 5889.29993072598  5.760296E-17
 5890.66155461709  5.700714E-17
 5892.0231785082   5.603527E-17
 5893.38480239931  6.217113E-17
 5894.74642629043  5.906423E-17
 5896.10805018154  6.183654E-17
 5897.46967407265  6.220945E-17
 5898.83129796377  5.827933E-17
 5900.19292185488  5.958060E-17
 5901.55454574599  6.109268E-17
 5902.9161696371   6.374416E-17
 5904.27779352822  6.273610E-17
 5905.63941741933  6.193912E-17
 5907.00104131044  6.339332E-17
 5908.36266520156  6.416163E-17
 5909.72428909267  6.324282E-17
 5911.08591298378  6.215696E-17
 5912.44753687489  6.392886E-17
 5913.80916076601  6.320371E-17
 5915.17078465712  6.068487E-17
 5916.53240854823  6.239098E-17
 5917.89403243934  6.223939E-17
 5919.25565633046  6.333172E-17
 5920.61728022157  6.189373E-17
 5921.97890411268  6.072750E-17
 5923.3405280038   6.237523E-17
 5924.70215189491  6.278163E-17
 5926.06377578602  6.221264E-17
 5927.42539967713  6.335791E-17
 5928.78702356825  6.298640E-17
 5930.14864745936  6.124861E-17
 5931.51027135047  6.169971E-17
 5932.87189524159  6.220754E-17
 5934.2335191327   6.325332E-17
 5935.59514302381  6.216313E-17
 5936.95676691492  6.351291E-17
 5938.31839080604  6.624197E-17
 5939.68001469715  6.520744E-17
 5941.04163858826  6.225509E-17
 5942.40326247938  6.150272E-17
 5943.76488637049  6.047967E-17
 5945.1265102616   6.166104E-17
 5946.48813415271  6.295436E-17
 5947.84975804383  6.310329E-17
 5949.21138193494  6.284563E-17
 5950.57300582605  6.135541E-17
 5951.93462971717  6.125450E-17
 5953.29625360828  6.224193E-17
 5954.65787749939  6.366389E-17
 5956.0195013905   6.555103E-17
 5957.38112528162  6.296982E-17
 5958.74274917273  6.172119E-17
 5960.10437306384  6.226194E-17
 5961.46599695495  6.163748E-17
 5962.82762084607  6.275527E-17
 5964.18924473718  6.636621E-17
 5965.55086862829  6.464521E-17
 5966.91249251941  6.142731E-17
 5968.27411641052  6.280778E-17
 5969.63574030163  6.337573E-17
 5970.99736419274  6.087296E-17
 5972.35898808386  6.339029E-17
 5973.72061197497  6.254430E-17
 5975.08223586608  6.024086E-17
 5976.4438597572   6.325452E-17
 5977.80548364831  6.282222E-17
 5979.16710753942  6.148905E-17
 5980.52873143053  6.274991E-17
 5981.89035532165  6.244437E-17
 5983.25197921276  6.128852E-17
 5984.61360310387  6.259598E-17
 5985.97522699499  6.278377E-17
 5987.3368508861   6.201023E-17
 5988.69847477721  6.184555E-17
 5990.06009866832  6.206355E-17
 5991.42172255944  6.213942E-17
 5992.78334645055  6.165710E-17
 5994.14497034166  6.249088E-17
 5995.50659423278  6.131746E-17
 5996.86821812389  6.114598E-17
 5998.229842015    6.322902E-17
 5999.59146590611  6.333716E-17
 6000.95308979723  6.340840E-17
 6002.31471368834  6.301089E-17
 6003.67633757945  6.319132E-17
 6005.03796147056  6.282960E-17
 6006.39958536168  6.238858E-17
 6007.76120925279  6.276848E-17
 6009.1228331439   6.160362E-17
 6010.48445703502  6.154797E-17
 6011.84608092613  6.208640E-17
 6013.20770481724  6.227204E-17
 6014.56932870836  6.119856E-17
 6015.93095259947  6.284852E-17
 6017.29257649058  6.533464E-17
 6018.65420038169  6.347530E-17
 6020.01582427281  6.273498E-17
 6021.37744816392  6.384625E-17
 6022.73907205503  6.426582E-17
 6024.10069594614  6.420496E-17
 6025.46231983726  6.854896E-17
 6026.82394372837  6.783162E-17
 6028.18556761948  6.862185E-17
 6029.54719151059  7.012782E-17
 6030.90881540171  6.456222E-17
 6032.27043929282  6.672384E-17
 6033.63206318393  6.600513E-17
 6034.99368707505  6.373418E-17
 6036.35531096616  6.259212E-17
 6037.71693485727  6.385707E-17
 6039.07855874838  6.356423E-17
 6040.4401826395   6.507546E-17
 6041.80180653061  6.398990E-17
 6043.16343042172  6.596287E-17
 6044.52505431284  6.534231E-17
 6045.88667820395  6.203524E-17
 6047.24830209506  6.514736E-17
 6048.60992598617  6.244220E-17
 6049.97154987729  5.854782E-17
 6051.3331737684   5.980089E-17
 6052.69479765951  6.097207E-17
 6054.05642155062  6.399155E-17
 6055.41804544174  6.469607E-17
 6056.77966933285  6.552884E-17
 6058.14129322396  6.330396E-17
 6059.50291711508  6.291339E-17
 6060.86454100619  6.453018E-17
 6062.2261648973   6.384603E-17
 6063.58778878842  6.110430E-17
 6064.94941267953  5.947018E-17
 6066.31103657064  6.278769E-17
 6067.67266046175  6.359457E-17
 6069.03428435287  6.242416E-17
 6070.39590824398  6.107053E-17
 6071.75753213509  6.141545E-17
 6073.1191560262   6.454978E-17
 6074.48077991732  6.344978E-17
 6075.84240380843  6.504979E-17
 6077.20402769954  6.390084E-17
 6078.56565159066  6.311732E-17
 6079.92727548177  6.349732E-17
 6081.28889937288  6.354204E-17
 6082.650523264    6.326576E-17
 6084.01214715511  6.299860E-17
 6085.37377104622  6.161540E-17
 6086.73539493733  6.355972E-17
 6088.09701882845  5.987141E-17
 6089.45864271956  6.393190E-17
 6090.82026661067  6.346451E-17
 6092.18189050178  6.404872E-17
 6093.5435143929   6.241060E-17
 6094.90513828401  6.235628E-17
 6096.26676217512  6.257154E-17
 6097.62838606623  6.078111E-17
 6098.99000995735  6.355248E-17
 6100.35163384846  6.067799E-17
 6101.71325773957  6.443994E-17
 6103.07488163069  6.532678E-17
 6104.4365055218   6.347748E-17
 6105.79812941291  6.396669E-17
 6107.15975330403  6.249302E-17
 6108.52137719514  6.486283E-17
 6109.88300108625  6.226235E-17
 6111.24462497736  6.324660E-17
 6112.60624886848  6.215014E-17
 6113.96787275959  6.135674E-17
 6115.3294966507   6.223717E-17
 6116.69112054181  6.390050E-17
 6118.05274443293  6.280112E-17
 6119.41436832404  6.556836E-17
 6120.77599221515  6.405053E-17
 6122.13761610627  6.230389E-17
 6123.49923999738  6.627849E-17
 6124.86086388849  6.166438E-17
 6126.2224877796   6.416458E-17
 6127.58411167072  6.357114E-17
 6128.94573556183  6.139090E-17
 6130.30735945294  6.273770E-17
 6131.66898334405  6.114403E-17
 6133.03060723517  6.067215E-17
 6134.39223112628  6.413446E-17
 6135.75385501739  6.622012E-17
 6137.11547890851  6.637290E-17
 6138.47710279962  6.368338E-17
 6139.83872669073  6.342835E-17
 6141.20035058184  6.353561E-17
 6142.56197447296  6.354172E-17
 6143.92359836407  6.571450E-17
 6145.28522225518  6.467609E-17
 6146.6468461463   6.542795E-17
 6148.00847003741  6.306313E-17
 6149.37009392852  6.554332E-17
 6150.73171781963  6.598886E-17
 6152.09334171075  6.336568E-17
 6153.45496560186  6.153609E-17
 6154.81658949297  6.470645E-17
 6156.17821338409  6.257735E-17
 6157.5398372752   6.381757E-17
 6158.90146116631  6.092316E-17
 6160.26308505742  5.709942E-17
 6161.62470894854  6.139779E-17
 6162.98633283965  6.251153E-17
 6164.34795673076  6.407090E-17
 6165.70958062187  6.319466E-17
 6167.07120451299  6.419501E-17
 6168.4328284041   6.077769E-17
 6169.79445229521  6.597249E-17
 6171.15607618633  6.507707E-17
 6172.51770007744  6.283345E-17
 6173.87932396855  6.306847E-17
 6175.24094785967  6.026202E-17
 6176.60257175078  6.449765E-17
 6177.96419564189  6.451824E-17
 6179.325819533    6.286684E-17
 6180.68744342412  6.494209E-17
 6182.04906731523  6.046530E-17
 6183.41069120634  6.584309E-17
 6184.77231509745  6.485319E-17
 6186.13393898857  6.431069E-17
 6187.49556287968  7.014476E-17
 6188.85718677079  6.641816E-17
 6190.21881066191  6.608529E-17
 6191.58043455302  6.571465E-17
 6192.94205844413  6.206506E-17
 6194.30368233524  6.059473E-17
 6195.66530622636  6.330031E-17
 6197.02693011747  6.259688E-17
 6198.38855400858  6.362603E-17
 6199.75017789969  6.173216E-17
 6201.11180179081  6.033089E-17
 6202.47342568192  6.045317E-17
 6203.83504957303  6.082382E-17
 6205.19667346415  5.967211E-17
 6206.55829735526  5.911862E-17
 6207.91992124637  6.088515E-17
 6209.28154513748  6.235736E-17
 6210.6431690286   6.082398E-17
 6212.00479291971  6.304146E-17
 6213.36641681082  6.217770E-17
 6214.72804070194  6.428467E-17
 6216.08966459305  6.349468E-17
 6217.45128848416  6.371306E-17
 6218.81291237527  6.434093E-17
 6220.17453626639  6.357465E-17
 6221.5361601575   6.304710E-17
 6222.89778404861  6.203951E-17
 6224.25940793973  6.318420E-17
 6225.62103183084  6.136912E-17
 6226.98265572195  6.191886E-17
 6228.34427961306  6.145129E-17
 6229.70590350418  6.027293E-17
 6231.06752739529  6.265842E-17
 6232.4291512864   6.311411E-17
 6233.79077517752  6.601292E-17
 6235.15239906863  6.283437E-17
 6236.51402295974  6.227070E-17
 6237.87564685085  6.670827E-17
 6239.23727074197  6.175494E-17
 6240.59889463308  6.149672E-17
 6241.96051852419  6.182862E-17
 6243.3221424153   6.256616E-17
 6244.68376630642  5.996238E-17
 6246.04539019753  6.294864E-17
 6247.40701408864  6.140140E-17
 6248.76863797976  6.113736E-17
 6250.13026187087  6.230044E-17
 6251.49188576198  6.038596E-17
 6252.85350965309  5.924188E-17
 6254.21513354421  5.010134E-17
 6255.57675743532  6.314586E-17
 6256.93838132643  6.254744E-17
 6258.30000521755  6.426524E-17
 6259.66162910866  6.138707E-17
 6261.02325299977  6.121739E-17
 6262.38487689088  6.309652E-17
 6263.746500782    6.026178E-17
 6265.10812467311  6.226333E-17
 6266.46974856422  6.142592E-17
 6267.83137245534  6.186434E-17
 6269.19299634645  6.404217E-17
 6270.55462023756  6.441785E-17
 6271.91624412867  6.407916E-17
 6273.27786801979  6.246010E-17
 6274.6394919109   6.038096E-17
 6276.00111580201  5.953378E-17
 6277.36273969312  6.176537E-17
 6278.72436358424  6.335799E-17
 6280.08598747535  6.269999E-17
 6281.44761136646  5.913330E-17
 6282.80923525758  6.122657E-17
 6284.17085914869  6.301103E-17
 6285.5324830398   6.270087E-17
 6286.89410693091  6.569528E-17
 6288.25573082203  6.508161E-17
 6289.61735471314  6.229442E-17
 6290.97897860425  6.419113E-17
 6292.34060249537  6.242702E-17
 6293.70222638648  5.891608E-17
 6295.06385027759  6.105644E-17
 6296.4254741687   6.108432E-17
 6297.78709805982  6.205865E-17
 6299.14872195093  6.186396E-17
 6300.51034584204  6.147106E-17
 6301.87196973316  6.005794E-17
 6303.23359362427  5.963964E-17
 6304.59521751538  5.758038E-17
 6305.95684140649  6.006787E-17
 6307.31846529761  6.010924E-17
 6308.68008918872  5.946634E-17
 6310.04171307983  6.095714E-17
 6311.40333697094  6.190516E-17
 6312.76496086206  5.854924E-17
 6314.12658475317  6.076260E-17
 6315.48820864428  5.930209E-17
 6316.8498325354   5.870251E-17
 6318.21145642651  5.884159E-17
 6319.57308031762  5.896379E-17
 6320.93470420873  5.947603E-17
 6322.29632809985  5.991129E-17
 6323.65795199096  6.126475E-17
 6325.01957588207  5.801439E-17
 6326.38119977319  5.896739E-17
 6327.7428236643   5.928560E-17
 6329.10444755541  5.682265E-17
 6330.46607144652  5.999108E-17
 6331.82769533764  6.077076E-17
 6333.18931922875  6.193040E-17
 6334.55094311986  5.855815E-17
 6335.91256701098  6.229051E-17
 6337.27419090209  6.760506E-17
 6338.6358147932   6.787631E-17
 6339.99743868431  6.193696E-17
 6341.35906257543  6.241784E-17
 6342.72068646654  6.335304E-17
 6344.08231035765  6.275432E-17
 6345.44393424877  5.930238E-17
 6346.80555813988  5.746332E-17
 6348.16718203099  6.039915E-17
 6349.5288059221   5.947190E-17
 6350.89042981322  6.217068E-17
 6352.25205370433  6.131655E-17
 6353.61367759544  6.329605E-17
 6354.97530148655  6.001882E-17
 6356.33692537767  6.304340E-17
 6357.69854926878  6.021403E-17
 6359.06017315989  5.946827E-17
 6360.42179705101  5.802186E-17
 6361.78342094212  6.251455E-17
 6363.14504483323  6.137089E-17
 6364.50666872434  5.797352E-17
 6365.86829261546  6.407509E-17
 6367.22991650657  5.963905E-17
 6368.59154039768  5.986333E-17
 6369.9531642888   5.782712E-17
 6371.31478817991  5.958023E-17
 6372.67641207102  6.192376E-17
 6374.03803596213  6.089330E-17
 6375.39965985325  5.937516E-17
 6376.76128374436  5.924535E-17
 6378.12290763547  6.190029E-17
 6379.48453152659  6.066345E-17
 6380.8461554177   5.978422E-17
 6382.20777930881  6.319040E-17
 6383.56940319992  5.983380E-17
 6384.93102709104  5.782354E-17
 6386.29265098215  5.501790E-17
 6387.65427487326  5.735578E-17
 6389.01589876437  6.011378E-17
 6390.37752265549  5.671537E-17
 6391.7391465466   5.923019E-17
 6393.10077043771  5.860369E-17
 6394.46239432883  5.709598E-17
 6395.82401821994  5.980499E-17
 6397.18564211105  6.171313E-17
 6398.54726600216  6.334117E-17
 6399.90888989328  6.109006E-17
 6401.27051378439  5.991128E-17
 6402.6321376755   6.157024E-17
 6403.99376156662  6.403846E-17
 6405.35538545773  5.933517E-17
 6406.71700934884  6.190912E-17
 6408.07863323995  6.238738E-17
 6409.44025713107  6.242234E-17
 6410.80188102218  6.088123E-17
 6412.16350491329  6.134446E-17
 6413.52512880441  6.089546E-17
 6414.88675269552  6.138622E-17
 6416.24837658663  6.005150E-17
 6417.61000047774  5.801898E-17
 6418.97162436886  6.004179E-17
 6420.33324825997  6.118143E-17
 6421.69487215108  6.394080E-17
 6423.05649604219  6.149510E-17
 6424.41811993331  5.870957E-17
 6425.77974382442  5.922317E-17
 6427.14136771553  5.972457E-17
 6428.50299160665  6.219447E-17
 6429.86461549776  5.874197E-17
 6431.22623938887  6.093194E-17
 6432.58786327998  5.764274E-17
 6433.9494871711   6.193369E-17
 6435.31111106221  6.187946E-17
 6436.67273495332  6.068521E-17
 6438.03435884444  6.292320E-17
 6439.39598273555  6.043975E-17
 6440.75760662666  6.096837E-17
 6442.11923051777  5.980454E-17
 6443.48085440889  6.118006E-17
 6444.8424783      6.145372E-17
 6446.20410219111  6.156155E-17
 6447.56572608223  5.848567E-17
 6448.92734997334  6.116618E-17
 6450.28897386445  6.242017E-17
 6451.65059775556  6.223643E-17
 6453.01222164668  6.240770E-17
 6454.37384553779  6.377662E-17
 6455.7354694289   6.110226E-17
 6457.09709332002  6.138619E-17
 6458.45871721113  6.176388E-17
 6459.82034110224  6.177494E-17
 6461.18196499335  6.168106E-17
 6462.54358888447  5.888086E-17
 6463.90521277558  5.339523E-17
 6465.26683666669  6.157020E-17
 6466.6284605578   6.217972E-17
 6467.99008444892  6.098453E-17
 6469.35170834003  6.153417E-17
 6470.71333223114  6.350919E-17
 6472.07495612226  6.346895E-17
 6473.43658001337  6.391412E-17
 6474.79820390448  6.170182E-17
 6476.15982779559  6.143319E-17
 6477.52145168671  6.133085E-17
 6478.88307557782  5.848780E-17
 6480.24469946893  6.195761E-17
 6481.60632336005  5.949940E-17
 6482.96794725116  5.965843E-17
 6484.32957114227  6.094678E-17
 6485.69119503338  5.864177E-17
 6487.0528189245   6.284210E-17
 6488.41444281561  6.184272E-17
 6489.77606670672  5.930234E-17
 6491.13769059784  6.016654E-17
 6492.49931448895  6.239814E-17
 6493.86093838006  6.412487E-17
 6495.22256227117  6.190804E-17
 6496.58418616229  6.141370E-17
 6497.9458100534   6.510641E-17
 6499.30743394451  6.594026E-17
 6500.66905783562  6.280354E-17
 6502.03068172674  6.016345E-17
 6503.39230561785  5.857597E-17
 6504.75392950896  6.131450E-17
 6506.11555340008  5.873401E-17
 6507.47717729119  5.511027E-17
 6508.8388011823   6.309867E-17
 6510.20042507341  5.806245E-17
 6511.56204896453  6.031516E-17
 6512.92367285564  5.855596E-17
 6514.28529674675  5.582981E-17
 6515.64692063787  5.576946E-17
 6517.00854452898  6.123022E-17
 6518.37016842009  5.744022E-17
 6519.7317923112   5.984646E-17
 6521.09341620232  5.591519E-17
 6522.45504009343  6.042033E-17
 6523.81666398454  6.173086E-17
 6525.17828787565  5.987335E-17
 6526.53991176677  5.642906E-17
 6527.90153565788  5.859691E-17
 6529.26315954899  5.918535E-17
 6530.62478344011  6.147966E-17
 6531.98640733122  6.011626E-17
 6533.34803122233  6.140736E-17
 6534.70965511344  5.944178E-17
 6536.07127900456  6.342530E-17
 6537.43290289567  5.839543E-17
 6538.79452678678  6.309569E-17
 6540.1561506779   6.065297E-17
 6541.51777456901  5.723997E-17
 6542.87939846012  5.975682E-17
 6544.24102235123  5.975500E-17
 6545.60264624235  6.106092E-17
 6546.96427013346  5.954783E-17
 6548.32589402457  6.038373E-17
 6549.68751791568  6.162545E-17
 6551.0491418068   6.308148E-17
 6552.41076569791  6.075289E-17
 6553.77238958902  6.656840E-17
 6555.13401348014  6.763151E-17
 6556.49563737125  5.992197E-17
 6557.85726126236  6.654185E-17
 6559.21888515348  6.583931E-17
 6560.58050904459  6.491914E-17
 6561.9421329357   6.273218E-17
 6563.30375682681  6.363064E-17
 6564.66538071793  6.540607E-17
 6566.02700460904  6.409011E-17
 6567.38862850015  6.693818E-17
 6568.75025239126  6.519497E-17
 6570.11187628238  6.564695E-17
 6571.47350017349  6.748186E-17
 6572.8351240646   6.921260E-17
 6574.19674795572  6.809224E-17
 6575.55837184683  6.739198E-17
 6576.91999573794  6.865788E-17
 6578.28161962905  7.505712E-17
 6579.64324352017  7.457829E-17
 6581.00486741128  7.351462E-17
 6582.36649130239  7.775267E-17
 6583.72811519351  8.203611E-17
 6585.08973908462  8.050682E-17
 6586.45136297573  8.515801E-17
 6587.81298686684  8.864947E-17
 6589.17461075796  8.943963E-17
 6590.53623464907  9.684959E-17
 6591.89785854018  1.028149E-16
 6593.2594824313   1.019910E-16
 6594.62110632241  1.129188E-16
 6595.98273021352  1.217728E-16
 6597.34435410463  1.370328E-16
 6598.70597799575  1.596596E-16
 6600.06760188686  1.837391E-16
 6601.42922577797  2.070075E-16
 6602.79084966909  2.175936E-16
 6604.1524735602   2.099358E-16
 6605.51409745131  1.934599E-16
 6606.87572134242  1.766310E-16
 6608.23734523354  1.554590E-16
 6609.59896912465  1.391041E-16
 6610.96059301576  1.246481E-16
 6612.32221690687  1.176566E-16
 6613.68384079799  1.090739E-16
 6615.0454646891   1.027540E-16
 6616.40708858021  9.719655E-17
 6617.76871247133  9.541806E-17
 6619.13033636244  9.059125E-17
 6620.49196025355  8.365344E-17
 6621.85358414466  7.940113E-17
 6623.21520803578  7.543020E-17
 6624.57683192689  7.287660E-17
 6625.938455818    7.249279E-17
 6627.30007970911  7.113176E-17
 6628.66170360023  6.952901E-17
 6630.02332749134  6.978430E-17
 6631.38495138245  6.830736E-17
 6632.74657527357  6.487006E-17
 6634.10819916468  6.473531E-17
 6635.46982305579  6.585789E-17
 6636.83144694691  6.662728E-17
 6638.19307083802  6.318395E-17
 6639.55469472913  6.184759E-17
 6640.91631862024  6.359588E-17
 6642.27794251135  6.210610E-17
 6643.63956640247  6.108798E-17
 6645.00119029358  6.007496E-17
 6646.36281418469  5.833189E-17
 6647.72443807581  6.076156E-17
 6649.08606196692  6.093058E-17
 6650.44768585803  6.217043E-17
 6651.80930974915  6.015125E-17
 6653.17093364026  6.114497E-17
 6654.53255753137  6.121494E-17
 6655.89418142248  6.166737E-17
 6657.2558053136   6.021449E-17
 6658.61742920471  6.043611E-17
 6659.97905309582  5.727019E-17
 6661.34067698693  5.678666E-17
 6662.70230087805  5.844499E-17
 6664.06392476916  5.866001E-17
 6665.42554866027  5.813739E-17
 6666.78717255139  5.952121E-17
 6668.1487964425   5.950631E-17
 6669.51042033361  5.872160E-17
 6670.87204422473  5.918273E-17
 6672.23366811584  5.882983E-17
 6673.59529200695  5.766078E-17
 6674.95691589806  5.575834E-17
 6676.31853978918  5.601515E-17
 6677.68016368029  5.835154E-17
 6679.0417875714   5.745317E-17
 6680.40341146251  5.758017E-17
 6681.76503535363  5.848193E-17
 6683.12665924474  5.917166E-17
 6684.48828313585  5.844921E-17
 6685.84990702697  5.641033E-17
 6687.21153091808  5.757893E-17
 6688.57315480919  5.876387E-17
 6689.9347787003   5.855240E-17
 6691.29640259142  5.856627E-17
 6692.65802648253  5.871309E-17
 6694.01965037364  5.722563E-17
 6695.38127426476  5.882765E-17
 6696.74289815587  5.817188E-17
 6698.10452204698  5.773911E-17
 6699.46614593809  5.843785E-17
 6700.82776982921  5.770595E-17
 6702.18939372032  5.853337E-17
 6703.55101761143  5.793778E-17
 6704.91264150254  5.639702E-17
 6706.27426539366  5.595311E-17
 6707.63588928477  5.885027E-17
 6708.99751317588  6.044868E-17
 6710.359137067    5.895051E-17
 6711.72076095811  5.813015E-17
 6713.08238484922  5.801077E-17
 6714.44400874034  5.681645E-17
 6715.80563263145  5.126285E-17
 6717.16725652256  2.813383E-17
 6718.52888041367  3.076518E-17
 6719.89050430479  5.819041E-17
 6721.2521281959   5.628560E-17
 6722.61375208701  5.817913E-17
 6723.97537597812  6.028698E-17
 6725.33699986924  5.703208E-17
 6726.69862376035  5.867862E-17
 6728.06024765146  5.828297E-17
 6729.42187154258  5.901732E-17
 6730.78349543369  5.836809E-17
 6732.1451193248   5.814433E-17
 6733.50674321591  5.833901E-17
 6734.86836710703  5.768201E-17
 6736.22999099814  5.867448E-17
 6737.59161488925  5.738828E-17
 6738.95323878037  5.671103E-17
 6740.31486267148  5.718398E-17
 6741.67648656259  5.660844E-17
 6743.0381104537   5.798974E-17
 6744.39973434482  6.035537E-17
 6745.76135823593  5.993024E-17
 6747.12298212704  5.665422E-17
 6748.48460601815  5.693912E-17
 6749.84622990927  5.814296E-17
 6751.20785380038  5.894284E-17
 6752.56947769149  5.638213E-17
 6753.9311015826   5.678810E-17
 6755.29272547372  5.759762E-17
 6756.65434936483  5.675678E-17
 6758.01597325594  5.580781E-17
 6759.37759714706  5.638643E-17
 6760.73922103817  5.668061E-17
 6762.10084492928  5.607987E-17
 6763.4624688204   5.738182E-17
 6764.82409271151  5.582126E-17
 6766.18571660262  5.745227E-17
 6767.54734049373  5.891217E-17
 6768.90896438485  5.483761E-17
 6770.27058827596  5.649098E-17
 6771.63221216707  5.883026E-17
 6772.99383605818  5.644687E-17
 6774.3554599493   5.739843E-17
 6775.71708384041  5.766232E-17
 6777.07870773152  5.792662E-17
 6778.44033162264  5.914135E-17
 6779.80195551375  5.863806E-17
 6781.16357940486  5.682353E-17
 6782.52520329598  5.578009E-17
 6783.88682718709  5.788876E-17
 6785.2484510782   5.514691E-17
 6786.61007496931  5.562418E-17
 6787.97169886043  5.621595E-17
 6789.33332275154  5.749147E-17
 6790.69494664265  5.584527E-17
 6792.05657053376  5.831204E-17
 6793.41819442488  5.702033E-17
 6794.77981831599  5.847856E-17
 6796.1414422071   5.839951E-17
 6797.50306609821  5.966457E-17
 6798.86468998933  5.746148E-17
 6800.22631388044  5.793095E-17
 6801.58793777155  5.818945E-17
 6802.94956166267  5.738464E-17
 6804.31118555378  5.744871E-17
 6805.67280944489  5.717785E-17
 6807.03443333601  5.619052E-17
 6808.39605722712  5.813125E-17
 6809.75768111823  6.156363E-17
 6811.11930500934  5.794787E-17
 6812.48092890046  5.834827E-17
 6813.84255279157  5.637511E-17
 6815.20417668268  5.727493E-17
 6816.56580057379  5.681542E-17
 6817.92742446491  5.701256E-17
 6819.28904835602  5.708247E-17
 6820.65067224713  5.417395E-17
 6822.01229613825  5.593806E-17
 6823.37392002936  5.779091E-17
 6824.73554392047  5.381409E-17
 6826.09716781159  5.834020E-17
 6827.4587917027   5.573931E-17
 6828.82041559381  5.601117E-17
 6830.18203948492  5.867237E-17
 6831.54366337604  5.876181E-17
 6832.90528726715  5.869455E-17
 6834.26691115826  6.076265E-17
 6835.62853504937  5.558490E-17
 6836.99015894049  5.456655E-17
 6838.3517828316   5.654451E-17
 6839.71340672271  5.935965E-17
 6841.07503061383  5.997998E-17
 6842.43665450494  6.059299E-17
 6843.79827839605  5.815016E-17
 6845.15990228716  5.662168E-17
 6846.52152617828  5.736967E-17
 6847.88315006939  5.793768E-17
 6849.2447739605   5.744194E-17
 6850.60639785161  5.988694E-17
 6851.96802174273  5.970827E-17
 6853.32964563384  5.759956E-17
 6854.69126952495  5.870126E-17
 6856.05289341607  5.807822E-17
 6857.41451730718  5.705047E-17
 6858.77614119829  5.670039E-17
 6860.1377650894   5.943180E-17
 6861.49938898052  5.232918E-17
 6862.86101287163  5.208202E-17
 6864.22263676274  5.527467E-17
 6865.58426065385  4.960155E-17
 6866.94588454497  4.642472E-17
 6868.30750843608  4.504142E-17
 6869.66913232719  4.149518E-17
 6871.03075621831  4.080503E-17
 6872.39238010942  4.383938E-17
 6873.75400400053  4.710539E-17
 6875.11562789164  5.142686E-17
 6876.47725178276  4.894990E-17
 6877.83887567387  5.158995E-17
 6879.20049956498  5.312357E-17
 6880.5621234561   5.306705E-17
 6881.92374734721  5.344082E-17
 6883.28537123832  5.421606E-17
 6884.64699512943  5.193081E-17
 6886.00861902055  5.134116E-17
 6887.37024291166  5.138196E-17
 6888.73186680277  5.233614E-17
 6890.09349069389  5.056783E-17
 6891.455114585    5.126515E-17
 6892.81673847611  5.170657E-17
 6894.17836236722  5.178960E-17
 6895.53998625834  5.203085E-17
 6896.90161014945  5.126578E-17
 6898.26323404056  5.206975E-17
 6899.62485793168  5.304924E-17
 6900.98648182279  5.332000E-17
 6902.3481057139   5.336635E-17
 6903.70972960501  5.520283E-17
 6905.07135349613  5.644291E-17
 6906.43297738724  5.417300E-17
 6907.79460127835  5.423368E-17
 6909.15622516947  5.486905E-17
 6910.51784906058  5.515727E-17
 6911.87947295169  5.291817E-17
 6913.2410968428   5.421024E-17
 6914.60272073392  5.494443E-17
 6915.96434462503  5.600998E-17
 6917.32596851614  5.711269E-17
 6918.68759240725  5.521150E-17
 6920.04921629837  5.458586E-17
 6921.41084018948  5.388516E-17
 6922.77246408059  5.540322E-17
 6924.13408797171  5.680944E-17
 6925.49571186282  5.631962E-17
 6926.85733575393  5.429214E-17
 6928.21895964504  5.435751E-17
 6929.58058353616  5.558443E-17
 6930.94220742727  5.663308E-17
 6932.30383131838  5.726667E-17
 6933.6654552095   5.810397E-17
 6935.02707910061  5.626211E-17
 6936.38870299172  5.696230E-17
 6937.75032688283  5.871489E-17
 6939.11195077395  5.502233E-17
 6940.47357466506  5.394449E-17
 6941.83519855617  5.367289E-17
 6943.19682244729  5.537633E-17
 6944.5584463384   5.571312E-17
 6945.92007022951  5.552449E-17
 6947.28169412062  5.783579E-17
 6948.64331801174  5.500062E-17
 6950.00494190285  5.669381E-17
 6951.36656579396  5.570245E-17
 6952.72818968507  5.609906E-17
 6954.08981357619  5.205571E-17
 6955.4514374673   5.481104E-17
 6956.81306135841  5.671720E-17
 6958.17468524953  5.490930E-17
 6959.53630914064  5.532941E-17
 6960.89793303175  5.796486E-17
 6962.25955692287  5.677344E-17
 6963.62118081398  5.920715E-17
 6964.98280470509  5.798017E-17
 6966.3444285962   5.611316E-17
 6967.70605248732  5.914179E-17
 6969.06767637843  5.735451E-17
 6970.42930026954  6.048274E-17
 6971.79092416065  5.697639E-17
 6973.15254805177  5.627099E-17
 6974.51417194288  5.710027E-17
 6975.87579583399  5.958054E-17
 6977.2374197251   5.679331E-17
 6978.59904361622  5.682993E-17
 6979.96066750733  5.841750E-17
 6981.32229139844  5.836719E-17
 6982.68391528956  5.667247E-17
 6984.04553918067  5.628750E-17
 6985.40716307178  5.590202E-17
 6986.7687869629   5.042404E-17
 6988.13041085401  5.414514E-17
 6989.49203474512  4.825544E-17
 6990.85365863623  5.363350E-17
 6992.21528252735  5.339678E-17
 6993.57690641846  5.363390E-17
 6994.93853030957  5.589939E-17
 6996.30015420068  5.414651E-17
 6997.6617780918   5.426510E-17
 6999.02340198291  5.432160E-17
 7000.38502587402  5.425110E-17
 7001.74664976513  5.430368E-17
 7003.10827365625  5.434697E-17
 7004.46989754736  5.410856E-17
 7005.83152143848  5.419779E-17
 7007.19314532959  5.427390E-17
 7008.5547692207   5.436242E-17
 7009.91639311181  5.444952E-17
 7011.27801700293  5.452863E-17
 7012.63964089404  5.460549E-17
 7014.00126478515  5.481342E-17
 7015.36288867626  5.487859E-17
 7016.72451256738  5.493055E-17
 7018.08613645849  5.495488E-17
 7019.4477603496   5.516107E-17
 7020.80938424071  5.506044E-17
 7022.17100813183  5.517737E-17
 7023.53263202294  5.523653E-17
 7024.89425591405  5.586554E-17
 7026.25587980517  5.598779E-17
 7027.61750369628  5.655180E-17
 7028.97912758739  5.422807E-17
 7030.34075147851  5.708252E-17
 7031.70237536962  5.717217E-17
 7033.06399926073  5.779816E-17
 7034.42562315184  5.385766E-17
 7035.78724704296  5.413808E-17
 7037.14887093407  5.406068E-17
 7038.51049482518  5.454410E-17
 7039.87211871629  5.407880E-17
 7041.23374260741  5.453072E-17
 7042.59536649852  5.480317E-17
 7043.95699038963  5.708896E-17
 7045.31861428074  5.743812E-17
 7046.68023817186  5.696650E-17
 7048.04186206297  5.762970E-17
 7049.40348595408  5.760132E-17
 7050.7651098452   5.677362E-17
 7052.12673373631  5.646288E-17
 7053.48835762742  5.752870E-17
 7054.84998151854  5.837161E-17
 7056.21160540965  5.628085E-17
 7057.57322930076  5.506071E-17
 7058.93485319187  5.647091E-17
 7060.29647708299  5.742427E-17
 7061.6581009741   5.639525E-17
 7063.01972486521  5.584683E-17
 7064.38134875632  5.514252E-17
 7065.74297264744  5.542669E-17
 7067.10459653855  5.573739E-17
 7068.46622042966  5.609707E-17
 7069.82784432078  5.633255E-17
 7071.18946821189  5.701762E-17
 7072.551092103    5.589164E-17
 7073.91271599411  5.551560E-17
 7075.27433988523  5.604480E-17
 7076.63596377634  5.566035E-17
 7077.99758766745  5.438282E-17
 7079.35921155857  5.600260E-17
 7080.72083544968  5.793502E-17
 7082.08245934079  5.770274E-17
 7083.4440832319   5.668927E-17
 7084.80570712302  5.607262E-17
 7086.16733101413  5.692566E-17
 7087.52895490524  5.866612E-17
 7088.89057879635  5.782950E-17
 7090.25220268747  5.788567E-17
 7091.61382657858  5.801731E-17
 7092.97545046969  5.575352E-17
 7094.33707436081  5.501993E-17
 7095.69869825192  5.667322E-17
 7097.06032214303  5.566256E-17
 7098.42194603414  5.578362E-17
 7099.78356992526  5.588210E-17
 7101.14519381637  5.535996E-17
 7102.50681770748  5.537300E-17
 7103.8684415986   5.548351E-17
 7105.23006548971  5.520041E-17
 7106.59168938082  5.437412E-17
 7107.95331327193  5.399083E-17
 7109.31493716305  5.370084E-17
 7110.67656105416  5.530061E-17
 7112.03818494527  5.434089E-17
 7113.39980883639  5.688714E-17
 7114.7614327275   5.524001E-17
 7116.12305661861  5.520468E-17
 7117.48468050972  5.507378E-17
 7118.84630440084  5.464043E-17
 7120.20792829195  5.500227E-17
 7121.56955218306  5.779346E-17
 7122.93117607418  5.510239E-17
 7124.29279996529  5.331555E-17
 7125.6544238564   5.589285E-17
 7127.01604774751  5.492584E-17
 7128.37767163863  5.669641E-17
 7129.73929552974  5.465170E-17
 7131.10091942085  5.515646E-17
 7132.46254331197  5.579996E-17
 7133.82416720308  5.577605E-17
 7135.18579109419  5.405368E-17
 7136.5474149853   5.538649E-17
 7137.90903887642  5.562410E-17
 7139.27066276753  5.312789E-17
 7140.63228665864  5.505069E-17
 7141.99391054975  5.297417E-17
 7143.35553444087  5.452065E-17
 7144.71715833198  5.519754E-17
 7146.07878222309  5.539949E-17
 7147.44040611421  5.703737E-17
 7148.80203000532  5.519234E-17
 7150.16365389643  5.382590E-17
 7151.52527778754  5.438103E-17
 7152.88690167866  5.336541E-17
 7154.24852556977  5.335657E-17
 7155.61014946088  5.552948E-17
 7156.971773352    5.413432E-17
 7158.33339724311  5.544687E-17
 7159.69502113422  5.533793E-17
 7161.05664502533  5.389377E-17
 7162.41826891645  5.290539E-17
 7163.77989280756  5.212130E-17
 7165.14151669867  5.027447E-17
 7166.50314058979  4.965625E-17
 7167.8647644809   4.991396E-17
 7169.22638837201  4.653202E-17
 7170.58801226312  4.641328E-17
 7171.94963615424  4.561112E-17
 7173.31126004535  4.610258E-17
 7174.67288393646  4.600992E-17
 7176.03450782757  4.615414E-17
 7177.39613171869  4.693055E-17
 7178.7577556098   4.607182E-17
 7180.11937950091  4.625266E-17
 7181.48100339203  4.610658E-17
 7182.84262728314  4.531174E-17
 7184.20425117425  4.379340E-17
 7185.56587506537  4.274814E-17
 7186.92749895648  4.471427E-17
 7188.28912284759  4.610333E-17
 7189.6507467387   4.418125E-17
 7191.01237062982  4.235507E-17
 7192.37399452093  4.491717E-17
 7193.73561841204  4.716083E-17
 7195.09724230315  4.863821E-17
 7196.45886619427  4.811246E-17
 7197.82049008538  4.815728E-17
 7199.18211397649  4.767902E-17
 7200.5437378676   4.716979E-17
 7201.90536175872  4.713057E-17
 7203.26698564983  4.642344E-17
 7204.62860954094  4.789437E-17
 7205.99023343206  4.864828E-17
 7207.35185732317  4.979411E-17
 7208.71348121428  5.098020E-17
 7210.0751051054   5.128160E-17
 7211.43672899651  5.174106E-17
 7212.79835288762  5.285179E-17
 7214.15997677873  5.291863E-17
 7215.52160066985  5.393392E-17
 7216.88322456096  5.377113E-17
 7218.24484845207  5.402254E-17
 7219.60647234318  5.333180E-17
 7220.9680962343   5.455799E-17
 7222.32972012541  5.395233E-17
 7223.69134401652  5.370106E-17
 7225.05296790763  5.453909E-17
 7226.41459179875  5.349368E-17
 7227.77621568986  5.132442E-17
 7229.13783958098  4.823926E-17
 7230.49946347209  4.581436E-17
 7231.8610873632   4.445290E-17
 7233.22271125431  4.419883E-17
 7234.58433514543  4.449716E-17
 7235.94595903654  4.804673E-17
 7237.30758292765  4.962573E-17
 7238.66920681876  4.891772E-17
 7240.03083070988  4.495885E-17
 7241.39245460099  4.707056E-17
 7242.7540784921   4.800399E-17
 7244.11570238321  4.830179E-17
 7245.47732627433  5.106765E-17
 7246.83895016544  5.093912E-17
 7248.20057405655  4.896128E-17
 7249.56219794767  4.810041E-17
 7250.92382183878  4.750755E-17
 7252.28544572989  4.895074E-17
 7253.64706962101  4.781233E-17
 7255.00869351212  4.828098E-17
 7256.37031740323  4.927553E-17
 7257.73194129434  5.022257E-17
 7259.09356518546  4.814747E-17
 7260.45518907657  4.775243E-17
 7261.81681296768  4.774346E-17
 7263.17843685879  4.947487E-17
 7264.54006074991  4.967912E-17
 7265.90168464102  5.075884E-17
 7267.26330853213  5.252418E-17
 7268.62493242324  4.879558E-17
 7269.98655631436  4.928420E-17
 7271.34818020547  5.152843E-17
 7272.70980409658  5.026077E-17
 7274.0714279877   4.673644E-17
 7275.43305187881  4.611584E-17
 7276.79467576992  4.733650E-17
 7278.15629966104  4.901091E-17
 7279.51792355215  5.090978E-17
 7280.87954744326  5.201733E-17
 7282.24117133437  5.226268E-17
 7283.60279522549  5.190576E-17
 7284.9644191166   5.019089E-17
 7286.32604300771  4.889875E-17
 7287.68766689882  4.659173E-17
 7289.04929078994  4.694797E-17
 7290.41091468105  4.598404E-17
 7291.77253857216  4.683089E-17
 7293.13416246328  4.903136E-17
 7294.49578635439  5.080968E-17
 7295.8574102455   5.057058E-17
 7297.21903413661  5.026445E-17
 7298.58065802773  4.855594E-17
 7299.94228191884  4.667871E-17
 7301.30390580995  4.830684E-17
 7302.66552970107  4.945018E-17
 7304.02715359218  4.884119E-17
 7305.38877748329  4.777720E-17
 7306.7504013744   4.760120E-17
 7308.11202526552  4.773565E-17
 7309.47364915663  4.731399E-17
 7310.83527304774  4.736874E-17
 7312.19689693885  4.837543E-17
 7313.55852082997  4.674921E-17
 7314.92014472108  4.752651E-17
 7316.28176861219  4.770205E-17
 7317.64339250331  4.779406E-17
 7319.00501639442  5.020944E-17
 7320.36664028553  5.217172E-17
 7321.72826417664  5.216087E-17
 7323.08988806776  5.122824E-17
 7324.45151195887  5.033564E-17
 7325.81313584998  5.287304E-17
 7327.1747597411   5.289610E-17
 7328.53638363221  5.478481E-17
 7329.89800752332  5.659662E-17
 7331.25963141443  5.816885E-17
 7332.62125530555  6.450238E-17
 7333.98287919666  7.037699E-17
 7335.34450308777  7.244906E-17
 7336.70612697889  7.228579E-17
 7338.06775087     6.578623E-17
 7339.42937476111  6.148466E-17
 7340.79099865222  5.768931E-17
 7342.15262254334  5.641856E-17
 7343.51424643445  5.569040E-17
 7344.87587032556  5.593835E-17
 7346.23749421668  5.368112E-17
 7347.59911810779  5.548789E-17
 7348.9607419989   5.515110E-17
 7350.32236589001  5.588973E-17
 7351.68398978113  5.630585E-17
 7353.04561367224  5.745683E-17
 7354.40723756335  5.608062E-17
 7355.76886145447  5.414795E-17
 7357.13048534558  5.494677E-17
 7358.49210923669  5.597649E-17
 7359.8537331278   5.399109E-17
 7361.21535701892  5.492925E-17
 7362.57698091003  5.756732E-17
 7363.93860480114  6.136117E-17
 7365.30022869225  6.520577E-17
 7366.66185258337  6.679305E-17
 7368.02347647448  6.864739E-17
 7369.38510036559  6.557693E-17
 7370.74672425671  6.167891E-17
 7372.10834814782  5.700969E-17
 7373.46997203893  5.445869E-17
 7374.83159593004  5.382729E-17
 7376.19321982116  5.422289E-17
 7377.55484371227  5.499199E-17
 7378.91646760338  5.143259E-17
 7380.27809149449  5.259666E-17
 7381.63971538561  5.411263E-17
 7383.00133927672  5.335704E-17
 7384.36296316783  5.417402E-17
 7385.72458705895  5.379003E-17
 7387.08621095006  5.313777E-17
 7388.44783484117  5.201237E-17
 7389.80945873229  5.129516E-17
 7391.1710826234   5.079507E-17
 7392.53270651451  5.025981E-17
 7393.89433040562  5.046413E-17
 7395.25595429673  4.950426E-17
 7396.61757818785  5.088075E-17
 7397.97920207896  5.138942E-17
 7399.34082597007  5.286112E-17
 7400.70244986119  5.183839E-17
 7402.0640737523   5.251523E-17
 7403.42569764341  5.351362E-17
 7404.78732153453  5.354588E-17
 7406.14894542564  5.213532E-17
 7407.51056931675  5.144917E-17
 7408.87219320787  5.170701E-17
 7410.23381709898  5.119282E-17
 7411.59544099009  5.109753E-17
 7412.9570648812   5.129298E-17
 7414.31868877232  5.261081E-17
 7415.68031266343  5.304661E-17
 7417.04193655454  5.200078E-17
 7418.40356044565  5.290873E-17
 7419.76518433677  5.421029E-17
 7421.12680822788  5.431053E-17
 7422.48843211899  5.332680E-17
 7423.8500560101   5.183454E-17
 7425.21167990122  5.168389E-17
 7426.57330379233  5.125554E-17
 7427.93492768344  5.200725E-17
 7429.29655157456  5.260470E-17
 7430.65817546567  5.521500E-17
 7432.01979935678  5.398372E-17
 7433.3814232479   5.486637E-17
 7434.74304713901  5.499389E-17
 7436.10467103012  5.354008E-17
 7437.46629492123  5.205225E-17
 7438.82791881235  5.269675E-17
 7440.18954270346  5.099583E-17
 7441.55116659457  5.064722E-17
 7442.91279048568  5.167278E-17
 7444.2744143768   5.434522E-17
 7445.63603826791  5.237077E-17
 7446.99766215902  5.086242E-17
 7448.35928605013  5.005079E-17
 7449.72090994125  5.158845E-17
 7451.08253383236  5.198424E-17
 7452.44415772348  5.130023E-17
 7453.80578161459  5.508212E-17
 7455.1674055057   5.448588E-17
 7456.52902939681  5.351803E-17
 7457.89065328792  5.230442E-17
 7459.25227717904  5.226984E-17
 7460.61390107015  5.247842E-17
 7461.97552496126  5.324337E-17
 7463.33714885238  5.147742E-17
 7464.69877274349  5.227091E-17
 7466.0603966346   5.117689E-17
 7467.42202052571  5.133729E-17
 7468.78364441683  5.350794E-17
 7470.14526830794  5.256918E-17
 7471.50689219905  5.373119E-17
 7472.86851609016  5.466278E-17
 7474.23013998128  5.183832E-17
 7475.59176387239  5.265524E-17
 7476.9533877635   5.121972E-17
 7478.31501165462  5.209005E-17
 7479.67663554573  5.307144E-17
 7481.03825943684  5.369991E-17
 7482.39988332796  5.159789E-17
 7483.76150721907  5.130862E-17
 7485.12313111018  5.253116E-17
 7486.48475500129  5.193598E-17
 7487.8463788924   5.065224E-17
 7489.20800278352  5.043370E-17
 7490.56962667463  5.253592E-17
 7491.93125056574  5.277773E-17
 7493.29287445686  5.339067E-17
 7494.65449834797  5.477442E-17
 7496.01612223908  5.552848E-17
 7497.3777461302   5.459528E-17
 7498.73937002131  5.414772E-17
 7500.10099391242  5.333175E-17
 7501.46261780354  5.215634E-17
 7502.82424169465  5.185935E-17
 7504.18586558576  5.177176E-17
 7505.54748947687  5.218816E-17
 7506.90911336798  5.263569E-17
 7508.2707372591   5.349009E-17
 7509.63236115021  5.427764E-17
 7510.99398504132  5.342659E-17
 7512.35560893244  5.265470E-17
 7513.71723282355  5.322094E-17
 7515.07885671466  5.272093E-17
 7516.44048060578  5.162291E-17
 7517.80210449689  5.105042E-17
 7519.163728388    5.313480E-17
 7520.52535227911  5.392981E-17
 7521.88697617023  5.186134E-17
 7523.24860006134  5.076231E-17
 7524.61022395245  5.158684E-17
 7525.97184784356  5.241864E-17
 7527.33347173468  5.336181E-17
 7528.69509562579  5.496886E-17
 7530.0567195169   5.271876E-17
 7531.41834340802  5.193514E-17
 7532.77996729913  5.155592E-17
 7534.14159119024  5.065102E-17
 7535.50321508135  5.079749E-17
 7536.86483897247  5.109826E-17
 7538.22646286358  5.088339E-17
 7539.58808675469  5.193511E-17
 7540.94971064581  4.944468E-17
 7542.31133453692  4.876319E-17
 7543.67295842803  5.050478E-17
 7545.03458231914  5.119374E-17
 7546.39620621026  5.190552E-17
 7547.75783010137  5.124879E-17
 7549.11945399248  5.055005E-17
 7550.48107788359  5.023397E-17
 7551.84270177471  5.153538E-17
 7553.20432566582  5.165660E-17
 7554.56594955693  5.114571E-17
 7555.92757344805  5.081190E-17
 7557.28919733916  5.162574E-17
 7558.65082123027  5.134151E-17
 7560.01244512139  5.180823E-17
 7561.3740690125   5.015142E-17
 7562.73569290361  5.247801E-17
 7564.09731679472  5.201291E-17
 7565.45894068583  5.242798E-17
 7566.82056457695  5.286427E-17
 7568.18218846806  5.392721E-17
 7569.54381235917  5.159347E-17
 7570.90543625029  5.041291E-17
 7572.2670601414   5.121838E-17
 7573.62868403251  5.222673E-17
 7574.99030792363  5.304114E-17
 7576.35193181474  5.265141E-17
 7577.71355570585  5.368516E-17
 7579.07517959696  5.219594E-17
 7580.43680348808  5.076014E-17
 7581.79842737919  5.016691E-17
 7583.1600512703   5.086504E-17
 7584.52167516141  5.143554E-17
 7585.88329905253  5.252221E-17
 7587.24492294364  5.074144E-17
 7588.60654683475  4.792618E-17
 7589.96817072587  4.582432E-17
 7591.32979461698  4.312198E-17
 7592.69141850809  3.749269E-17
 7594.05304239921  3.258542E-17
 7595.41466629032  2.772481E-17
 7596.77629018143  2.454653E-17
 7598.13791407254  2.183680E-17
 7599.49953796365  1.827597E-17
 7600.86116185477  1.689180E-17
 7602.22278574588  1.741006E-17
 7603.58440963699  1.678956E-17
 7604.94603352811  1.724182E-17
 7606.30765741922  1.828815E-17
 7607.66928131033  1.810411E-17
 7609.03090520145  1.968821E-17
 7610.39252909256  2.156888E-17
 7611.75415298367  2.449611E-17
 7613.11577687478  3.101636E-17
 7614.4774007659   3.320169E-17
 7615.83902465701  3.732652E-17
 7617.20064854812  3.992298E-17
 7618.56227243923  4.013141E-17
 7619.92389633035  3.734288E-17
 7621.28552022146  3.542526E-17
 7622.64714411257  3.290606E-17
 7624.00876800369  2.934403E-17
 7625.3703918948   2.650071E-17
 7626.73201578591  2.739660E-17
 7628.09363967702  2.840776E-17
 7629.45526356814  2.910851E-17
 7630.81688745925  2.990226E-17
 7632.17851135036  2.931615E-17
 7633.54013524148  3.002322E-17
 7634.90175913259  2.981482E-17
 7636.2633830237   3.096206E-17
 7637.62500691481  3.276618E-17
 7638.98663080593  3.232711E-17
 7640.34825469704  3.221653E-17
 7641.70987858815  3.328395E-17
 7643.07150247926  3.382256E-17
 7644.43312637038  3.498843E-17
 7645.79475026149  3.644905E-17
 7647.1563741526   3.708981E-17
 7648.51799804372  3.577049E-17
 7649.87962193483  3.830430E-17
 7651.24124582594  3.957947E-17
 7652.60286971706  4.062118E-17
 7653.96449360817  4.092050E-17
 7655.32611749928  4.257279E-17
 7656.68774139039  4.397637E-17
 7658.04936528151  4.354457E-17
 7659.41098917262  4.286122E-17
 7660.77261306373  4.247171E-17
 7662.13423695484  4.379524E-17
 7663.49586084596  4.364286E-17
 7664.85748473707  4.421710E-17
 7666.21910862818  4.460555E-17
 7667.5807325193   4.574788E-17
 7668.94235641041  4.654066E-17
 7670.30398030152  4.675858E-17
 7671.66560419263  4.672145E-17
 7673.02722808375  4.665562E-17
 7674.38885197486  4.773447E-17
 7675.75047586597  4.796100E-17
 7677.11209975708  4.840161E-17
 7678.4737236482   4.861949E-17
 7679.83534753931  4.840811E-17
 7681.19697143042  4.906935E-17
 7682.55859532154  4.995333E-17
 7683.92021921265  4.766615E-17
 7685.28184310376  4.867874E-17
 7686.64346699488  4.864401E-17
 7688.00509088599  5.034448E-17
 7689.3667147771   5.087374E-17
 7690.72833866821  5.178094E-17
 7692.08996255933  5.022992E-17
 7693.45158645044  4.855540E-17
 7694.81321034155  4.989961E-17
 7696.17483423266  5.079030E-17
 7697.53645812378  5.207268E-17
 7698.89808201489  5.307833E-17
 7700.259705906    5.287405E-17
 7701.62132979712  5.307990E-17
 7702.98295368823  5.166914E-17
 7704.34457757934  5.208762E-17
 7705.70620147045  5.003300E-17
 7707.06782536157  4.766427E-17
 7708.42944925268  4.795131E-17
 7709.79107314379  5.093013E-17
 7711.1526970349   5.179651E-17
 7712.51432092602  5.037878E-17
 7713.87594481713  5.167266E-17
 7715.23756870824  5.395390E-17
 7716.59919259936  5.082111E-17
 7717.96081649047  5.304460E-17
 7719.32244038158  5.054676E-17
 7720.68406427269  5.033731E-17
 7722.04568816381  4.836838E-17
 7723.40731205492  4.986458E-17
 7724.76893594603  5.024163E-17
 7726.13055983715  4.965908E-17
 7727.49218372826  4.997105E-17
 7728.85380761937  5.034865E-17
 7730.21543151048  5.049125E-17
 7731.5770554016   5.048358E-17
 7732.93867929271  4.909363E-17
 7734.30030318382  4.874849E-17
 7735.66192707494  4.993650E-17
 7737.02355096605  5.102269E-17
 7738.38517485716  5.081477E-17
 7739.74679874827  5.058398E-17
 7741.10842263939  5.016741E-17
 7742.4700465305   5.049159E-17
 7743.83167042161  5.139263E-17
 7745.19329431272  5.161477E-17
 7746.55491820384  5.193271E-17
 7747.91654209495  5.204494E-17
 7749.27816598606  5.143502E-17
 7750.63978987718  5.053192E-17
 7752.00141376829  5.090465E-17
 7753.3630376594   5.130342E-17
 7754.72466155051  5.218884E-17
 7756.08628544163  5.021119E-17
 7757.44790933274  5.289199E-17
 7758.80953322385  5.367852E-17
 7760.17115711497  5.091750E-17
 7761.53278100608  5.041948E-17
 7762.89440489719  5.025090E-17
 7764.25602878831  4.909108E-17
 7765.61765267942  4.999612E-17
 7766.97927657053  4.971543E-17
 7768.34090046164  5.106153E-17
 7769.70252435276  5.200260E-17
 7771.06414824387  5.244862E-17
 7772.42577213498  5.143392E-17
 7773.78739602609  4.956628E-17
 7775.14901991721  4.825759E-17
 7776.51064380832  4.827043E-17
 7777.87226769943  4.885565E-17
 7779.23389159055  5.072568E-17
 7780.59551548166  5.019633E-17
 7781.95713937277  5.157352E-17
 7783.31876326388  5.008310E-17
 7784.680387155    4.627103E-17
 7786.04201104611  4.780318E-17
 7787.40363493722  4.874527E-17
 7788.76525882833  4.963597E-17
 7790.12688271945  4.785166E-17
 7791.48850661056  4.674811E-17
 7792.85013050167  4.602663E-17
 7794.21175439279  4.750292E-17
 7795.5733782839   4.743989E-17
 7796.93500217501  4.755947E-17
 7798.29662606612  4.683612E-17
 7799.65824995724  4.918125E-17
 7801.01987384835  5.055545E-17
 7802.38149773946  4.900189E-17
 7803.74312163058  4.831275E-17
 7805.10474552169  4.871202E-17
 7806.4663694128   4.853678E-17
 7807.82799330391  4.876255E-17
 7809.18961719503  4.840948E-17
 7810.55124108614  4.852127E-17
 7811.91286497725  4.871801E-17
 7813.27448886837  4.821933E-17
 7814.63611275948  4.596180E-17
 7815.99773665059  4.460655E-17
 7817.3593605417   4.208716E-17
 7818.72098443282  3.944765E-17
 7820.08260832393  3.964114E-17
 7821.44423221504  4.078254E-17
 7822.80585610615  4.180888E-17
 7824.16747999727  4.673835E-17
 7825.52910388838  4.839099E-17
 7826.89072777949  4.891480E-17
 7828.25235167061  4.630968E-17
 7829.61397556172  4.792885E-17
 7830.97559945283  4.892081E-17
 7832.33722334394  4.923036E-17
 7833.69884723506  4.950793E-17
 7835.06047112617  4.854603E-17
 7836.42209501728  4.830963E-17
 7837.7837189084   4.929257E-17
 7839.14534279951  4.960131E-17
 7840.50696669062  4.899179E-17
 7841.86859058173  4.997349E-17
 7843.23021447285  4.779153E-17
 7844.59183836396  5.045971E-17
 7845.95346225507  4.939847E-17
 7847.31508614619  4.973103E-17
 7848.6767100373   4.997031E-17
 7850.03833392841  4.968438E-17
 7851.39995781952  5.009770E-17
 7852.76158171064  5.011311E-17
 7854.12320560175  4.775122E-17
 7855.48482949286  4.830131E-17
 7856.84645338398  4.878026E-17
 7858.20807727509  4.919734E-17
 7859.5697011662   4.874142E-17
 7860.93132505731  4.918064E-17
 7862.29294894843  5.038555E-17
 7863.65457283954  4.934541E-17
 7865.01619673065  5.026727E-17
 7866.37782062176  4.965635E-17
 7867.73944451288  4.799803E-17
 7869.10106840399  4.683083E-17
 7870.4626922951   4.724890E-17
 7871.82431618622  4.737677E-17
 7873.18594007733  4.798023E-17
 7874.54756396844  4.879885E-17
 7875.90918785955  5.009151E-17
 7877.27081175067  5.056061E-17
 7878.63243564178  4.879447E-17
 7879.99405953289  4.804596E-17
 7881.35568342401  4.861920E-17
 7882.71730731512  4.867799E-17
 7884.07893120623  4.838822E-17
 7885.44055509734  4.648354E-17
 7886.80217898846  4.638520E-17
 7888.16380287957  4.817409E-17
 7889.52542677068  4.948562E-17
 7890.8870506618   4.924240E-17
 7892.24867455291  4.755204E-17
 7893.61029844402  4.707028E-17
 7894.97192233513  4.798662E-17
 7896.33354622625  4.763307E-17
 7897.69517011736  4.664220E-17
 7899.05679400847  4.801100E-17
 7900.41841789958  4.752412E-17
 7901.7800417907   5.027472E-17
 7903.14166568181  4.847321E-17
 7904.50328957292  4.732766E-17
 7905.86491346404  4.728434E-17
 7907.22653735515  4.721591E-17
 7908.58816124626  4.806263E-17
 7909.94978513737  4.409741E-17
 7911.31140902849  4.476718E-17
 7912.6730329196   4.561758E-17
 7914.03465681071  4.268392E-17
 7915.39628070183  5.082454E-17
 7916.75790459294  4.725005E-17
 7918.11952848405  4.323870E-17
 7919.48115237516  4.511909E-17
 7920.84277626628  4.664087E-17
 7922.20440015739  4.652128E-17
 7923.5660240485   4.642380E-17
 7924.92764793962  4.800413E-17
 7926.28927183073  4.642787E-17
 7927.65089572184  4.517825E-17
 7929.01251961295  4.550496E-17
 7930.37414350407  4.702837E-17
 7931.73576739518  4.736654E-17
 7933.09739128629  4.732689E-17
 7934.4590151774   4.877218E-17
 7935.82063906852  4.998599E-17
 7937.18226295963  5.019978E-17
 7938.54388685074  5.130658E-17
 7939.90551074186  5.134012E-17
 7941.26713463297  5.107687E-17
 7942.62875852408  4.979917E-17
 7943.99038241519  4.919224E-17
 7945.35200630631  4.990671E-17
 7946.71363019742  4.914163E-17
 7948.07525408853  4.870807E-17
 7949.43687797965  4.890555E-17
 7950.79850187076  4.873930E-17
 7952.16012576187  4.858168E-17
 7953.52174965298  4.936759E-17
 7954.8833735441   4.874519E-17
 7956.24499743521  4.587111E-17
 7957.60662132632  4.696555E-17
 7958.96824521744  4.815647E-17
 7960.32986910855  4.570177E-17
 7961.69149299966  4.611678E-17
 7963.05311689077  4.656806E-17
 7964.41474078189  4.693113E-17
 7965.776364673    4.719202E-17
 7967.13798856411  4.868080E-17
 7968.49961245522  4.615555E-17
 7969.86123634634  4.479422E-17
 7971.22286023745  4.751496E-17
 7972.58448412856  4.671439E-17
 7973.94610801968  4.996979E-17
 7975.30773191079  4.714871E-17
 7976.6693558019   4.571281E-17
 7978.03097969301  4.721855E-17
 7979.39260358413  4.715491E-17
 7980.75422747524  4.803873E-17
 7982.11585136635  4.816698E-17
 7983.47747525746  4.641931E-17
 7984.83909914858  4.566663E-17
 7986.20072303969  4.869796E-17
 7987.5623469308   4.740522E-17
 7988.92397082192  4.460833E-17
 7990.28559471303  4.532398E-17
 7991.64721860414  4.678476E-17
 7993.00884249526  4.862712E-17
 7994.37046638637  4.700918E-17
 7995.73209027748  4.482159E-17
 7997.09371416859  4.440513E-17
 7998.45533805971  4.612249E-17
 7999.81696195082  4.545867E-17
 8001.17858584193  4.652944E-17
 8002.54020973305  4.573782E-17
 8003.90183362416  4.422715E-17
 8005.26345751527  4.535524E-17
 8006.62508140638  4.531754E-17
 8007.9867052975   4.446358E-17
 8009.34832918861  4.650770E-17
 8010.70995307972  4.864226E-17
 8012.07157697083  4.841478E-17
 8013.43320086195  4.777613E-17
 8014.79482475306  4.868464E-17
 8016.15644864417  4.983836E-17
 8017.51807253529  4.932786E-17
 8018.8796964264   4.790242E-17
 8020.24132031751  4.696378E-17
 8021.60294420862  4.753806E-17
 8022.96456809974  4.762190E-17
 8024.32619199085  4.570639E-17
 8025.68781588196  4.442120E-17
 8027.04943977308  4.584893E-17
 8028.41106366419  4.487698E-17
 8029.7726875553   4.447209E-17
 8031.13431144641  4.518074E-17
 8032.49593533753  4.673618E-17
 8033.85755922864  4.798902E-17
 8035.21918311975  4.394359E-17
 8036.58080701087  4.773540E-17
 8037.94243090198  4.886323E-17
 8039.30405479309  4.740667E-17
 8040.6656786842   4.811912E-17
 8042.02730257532  4.701381E-17
 8043.38892646643  4.685782E-17
 8044.75055035754  4.735428E-17
 8046.11217424865  4.578281E-17
 8047.47379813977  4.663653E-17
 8048.83542203088  4.715823E-17
 8050.19704592199  4.762177E-17
 8051.55866981311  4.788768E-17
 8052.92029370422  4.768866E-17
 8054.28191759533  4.824042E-17
 8055.64354148644  4.814531E-17
 8057.00516537756  4.732586E-17
 8058.36678926867  4.642642E-17
 8059.72841315978  4.675763E-17
 8061.0900370509   4.724304E-17
 8062.45166094201  4.677790E-17
 8063.81328483312  4.646660E-17
 8065.17490872423  4.689948E-17
 8066.53653261535  4.553838E-17
 8067.89815650646  4.425459E-17
 8069.25978039757  4.537233E-17
 8070.62140428868  4.672671E-17
 8071.9830281798   4.712890E-17
 8073.34465207091  4.723914E-17
 8074.70627596202  4.740153E-17
 8076.06789985313  4.664136E-17
 8077.42952374425  4.341515E-17
 8078.79114763536  4.365602E-17
 8080.15277152647  4.391746E-17
 8081.51439541759  4.214981E-17
 8082.8760193087   4.424153E-17
 8084.23764319981  4.464830E-17
 8085.59926709093  4.524651E-17
 8086.96089098204  4.472774E-17
 8088.32251487315  4.806113E-17
 8089.68413876426  4.913850E-17
 8091.04576265538  4.650605E-17
 8092.40738654649  4.627668E-17
 8093.7690104376   4.528418E-17
 8095.13063432872  4.506199E-17
 8096.49225821983  4.564793E-17
 8097.85388211094  4.772771E-17
 8099.21550600205  4.667785E-17
 8100.57712989316  4.503764E-17
 8101.93875378428  4.508108E-17
 8103.30037767539  4.810697E-17
 8104.66200156651  4.686553E-17
 8106.02362545762  4.428455E-17
 8107.38524934873  4.492098E-17
 8108.74687323984  4.588924E-17
 8110.10849713096  4.581727E-17
 8111.47012102207  4.611693E-17
 8112.83174491318  4.584314E-17
 8114.19336880429  4.500154E-17
 8115.55499269541  4.526657E-17
 8116.91661658652  4.621060E-17
 8118.27824047763  4.477702E-17
 8119.63986436875  4.318296E-17
 8121.00148825986  4.331174E-17
 8122.36311215097  4.423948E-17
 8123.72473604208  4.389877E-17
 8125.0863599332   4.357764E-17
 8126.44798382431  4.316326E-17
 8127.80960771542  4.215797E-17
 8129.17123160654  4.179895E-17
 8130.53285549765  4.233477E-17
 8131.89447938876  4.175579E-17
 8133.25610327987  4.041704E-17
 8134.61772717099  4.020330E-17
 8135.9793510621   4.003184E-17
 8137.34097495321  3.957573E-17
 8138.70259884432  3.906276E-17
 8140.06422273544  3.864170E-17
 8141.42584662655  3.779789E-17
 8142.78747051766  3.695926E-17
 8144.14909440878  3.793494E-17
 8145.51071829989  3.839448E-17
 8146.872342191    3.885437E-17
 8148.23396608211  3.880244E-17
 8149.59558997323  3.849135E-17
 8150.95721386434  3.675103E-17
 8152.31883775545  3.703316E-17
 8153.68046164657  3.792218E-17
 8155.04208553768  3.937639E-17
 8156.40370942879  3.758398E-17
 8157.7653333199   3.714232E-17
 8159.12695721102  3.651843E-17
 8160.48858110213  3.377012E-17
 8161.85020499324  3.302015E-17
 8163.21182888435  3.657640E-17
 8164.57345277547  3.787909E-17
 8165.93507666658  3.792375E-17
 8167.29670055769  3.802651E-17
 8168.65832444881  3.721305E-17
 8170.01994833992  3.908535E-17
 8171.38157223103  4.029106E-17
 8172.74319612215  4.179829E-17
 8174.10482001326  3.992245E-17
 8175.46644390437  3.908644E-17
 8176.82806779548  3.878430E-17
 8178.1896916866   3.758320E-17
 8179.55131557771  3.759363E-17
 8180.91293946882  3.819881E-17
 8182.27456335994  3.849686E-17
 8183.63618725105  3.985614E-17
 8184.99781114216  4.099645E-17
 8186.35943503327  4.132601E-17
 8187.72105892439  3.937309E-17
 8189.0826828155   3.835759E-17
 8190.44430670661  3.836969E-17
 8191.80593059772  3.764765E-17
 8193.16755448884  3.949005E-17
 8194.52917837995  4.128678E-17
 8195.89080227106  4.110758E-17
 8197.25242616218  3.657190E-17
 8198.61405005329  3.820056E-17
 8199.9756739444   4.044224E-17
 8201.33729783551  4.245130E-17
 8202.69892172663  4.425318E-17
 8204.06054561774  4.556896E-17
 8205.42216950885  4.516476E-17
 8206.78379339997  4.568328E-17
 8208.14541729108  4.658706E-17
 8209.50704118219  4.379662E-17
 8210.8686650733   4.186880E-17
 8212.23028896442  4.324012E-17
 8213.59191285553  4.327027E-17
 8214.95353674664  4.389554E-17
 8216.31516063775  4.503951E-17
 8217.67678452887  4.417776E-17
 8219.03840841998  4.570735E-17
 8220.40003231109  4.369389E-17
 8221.76165620221  4.152040E-17
 8223.12328009332  3.887243E-17
 8224.48490398443  3.656021E-17
 8225.84652787554  3.560724E-17
 8227.20815176666  3.255535E-17
 8228.56977565777  3.268523E-17
 8229.93139954888  3.223195E-17
 8231.29302344     3.407657E-17
 8232.65464733111  3.734937E-17
 8234.01627122222  3.900760E-17
 8235.37789511333  4.001433E-17
 8236.73951900445  4.226298E-17
 8238.10114289556  4.241076E-17
 8239.46276678667  4.169221E-17
 8240.82439067778  4.207709E-17
 8242.1860145689   4.235709E-17
 8243.54763846001  4.295500E-17
 8244.90926235112  4.193634E-17
 8246.27088624224  4.299281E-17
 8247.63251013335  4.496035E-17
 8248.99413402446  4.448985E-17
 8250.35575791558  4.397543E-17
 8251.71738180669  4.261164E-17
 8253.0790056978   4.167216E-17
 8254.44062958891  4.242709E-17
 8255.80225348003  4.150505E-17
 8257.16387737114  4.210765E-17
 8258.52550126225  4.128433E-17
 8259.88712515337  4.073302E-17
 8261.24874904448  4.182166E-17
 8262.61037293559  4.137927E-17
 8263.9719968267   4.207057E-17
 8265.33362071782  4.414281E-17
 8266.69524460893  4.320351E-17
 8268.05686850004  4.209836E-17
 8269.41849239115  4.124645E-17
 8270.78011628227  3.912483E-17
 8272.14174017338  3.781944E-17
 8273.50336406449  3.819832E-17
 8274.86498795561  3.739126E-17
 8276.22661184672  3.784091E-17
 8277.58823573783  3.728795E-17
 8278.94985962894  3.783656E-17
 8280.31148352006  3.940587E-17
 8281.67310741117  4.057884E-17
 8283.03473130228  4.165356E-17
 8284.39635519339  4.139545E-17
 8285.75797908451  4.225334E-17
 8287.11960297562  4.120002E-17
 8288.48122686673  4.078703E-17
 8289.84285075785  4.122583E-17
 8291.20447464896  3.967651E-17
 8292.56609854007  3.741145E-17
 8293.92772243118  3.673771E-17
 8295.2893463223   3.813164E-17
 8296.65097021341  3.783177E-17
 8298.01259410452  3.925056E-17
 8299.37421799563  4.040630E-17
 8300.73584188675  3.866155E-17
 8302.09746577786  3.668598E-17
 8303.45908966897  3.607321E-17
 8304.82071356009  3.763277E-17
 8306.1823374512   3.866351E-17
 8307.54396134231  4.128858E-17
 8308.90558523343  4.039287E-17
 8310.26720912454  4.042966E-17
 8311.62883301565  3.902344E-17
 8312.99045690676  3.826260E-17
 8314.35208079788  3.890582E-17
 8315.71370468899  4.048595E-17
 8317.0753285801   4.193198E-17
 8318.43695247121  3.945149E-17
 8319.79857636233  3.978524E-17
 8321.16020025344  3.898896E-17
 8322.52182414455  3.997846E-17
 8323.88344803566  4.152308E-17
 8325.24507192678  4.096024E-17
 8326.60669581789  4.170863E-17
 8327.96831970901  4.392653E-17
 8329.32994360012  4.383429E-17
 8330.69156749123  4.318150E-17
 8332.05319138234  4.198858E-17
 8333.41481527346  4.076131E-17
 8334.77643916457  4.228044E-17
 8336.13806305568  4.154684E-17
 8337.49968694679  4.049038E-17
 8338.86131083791  4.108455E-17
 8340.22293472902  4.082610E-17
 8341.58455862013  4.163747E-17
 8342.94618251125  4.312470E-17
 8344.30780640236  4.374391E-17
 8345.66943029347  4.309866E-17
 8347.03105418458  4.269839E-17
 8348.39267807569  4.572161E-17
 8349.75430196681  4.446389E-17
 8351.11592585792  4.556058E-17
 8352.47754974904  4.247861E-17
 8353.83917364015  3.994346E-17
 8355.20079753126  3.889038E-17
 8356.56242142237  3.833959E-17
 8357.92404531349  3.801461E-17
 8359.2856692046   3.989066E-17
 8360.64729309571  4.067598E-17
 8362.00891698682  4.108100E-17
 8363.37054087794  4.069380E-17
 8364.73216476905  3.969808E-17
 8366.09378866016  4.018782E-17
 8367.45541255128  3.819574E-17
 8368.81703644239  4.117987E-17
 8370.1786603335   4.077116E-17
 8371.54028422461  3.899094E-17
 8372.90190811573  3.952148E-17
 8374.26353200684  3.908099E-17
 8375.62515589795  3.865284E-17
 8376.98677978907  3.692491E-17
 8378.34840368018  4.015115E-17
 8379.71002757129  4.061201E-17
 8381.0716514624   3.985567E-17
 8382.43327535352  3.977696E-17
 8383.79489924463  3.910785E-17
 8385.15652313574  3.944258E-17
 8386.51814702685  3.931111E-17
 8387.87977091797  4.009489E-17
 8389.24139480908  4.056851E-17
 8390.60301870019  4.045528E-17
 8391.9646425913   4.208822E-17
 8393.32626648242  4.318647E-17
 8394.68789037353  4.287345E-17
 8396.04951426465  4.104068E-17
 8397.41113815576  4.188881E-17
 8398.77276204687  4.154306E-17
 8400.13438593798  4.228534E-17
 8401.4960098291   4.228130E-17
 8402.85763372021  4.147344E-17
 8404.21925761132  4.131424E-17
 8405.58088150244  3.911282E-17
 8406.94250539355  4.175157E-17
 8408.30412928466  4.147674E-17
 8409.66575317577  4.132029E-17
 8411.02737706688  4.185302E-17
 8412.389000958    4.158256E-17
 8413.75062484911  4.119148E-17
 8415.11224874023  4.274538E-17
 8416.47387263134  4.009166E-17
 8417.83549652245  4.055652E-17
 8419.19712041356  4.010188E-17
 8420.55874430468  4.155706E-17
 8421.92036819579  4.016550E-17
 8423.2819920869   3.851303E-17
 8424.64361597801  3.995758E-17
 8426.00523986913  3.994478E-17
 8427.36686376024  3.995328E-17
 8428.72848765135  3.788682E-17
 8430.09011154246  3.665823E-17
 8431.45173543358  3.718530E-17
 8432.81335932469  3.767574E-17
 8434.1749832158   3.567991E-17
 8435.53660710692  3.832859E-17
 8436.89823099803  3.707362E-17
 8438.25985488914  3.721906E-17
 8439.62147878026  3.930581E-17
 8440.98310267137  3.867351E-17
 8442.34472656248  3.917541E-17
