 3427.442          -1.541361E-17
 3430.17671773911  -1.189328E-17
 3432.91143547822  1.878516E-17
 3435.64615321733  -7.545724E-18
 3438.38087095644  -9.956747E-18
 3441.11558869555  1.976488E-17
 3443.85030643466  2.681634E-17
 3446.58502417376  -5.424699E-17
 3449.31974191287  -1.605461E-17
 3452.05445965198  1.287403E-17
 3454.78917739109  1.244735E-17
 3457.5238951302   -1.958676E-17
 3460.25861286931  4.374792E-18
 3462.99333060842  -3.562211E-17
 3465.72804834753  -7.965475E-18
 3468.46276608664  1.975652E-17
 3471.19748382575  1.574832E-17
 3473.93220156486  2.159390E-18
 3476.66691930396  2.585501E-17
 3479.40163704307  2.389266E-18
 3482.13635478218  7.288620E-18
 3484.87107252129  8.711323E-19
 3487.6057902604   3.714151E-17
 3490.34050799951  -1.298775E-17
 3493.07522573862  -7.061362E-18
 3495.80994347773  3.114001E-17
 3498.54466121684  2.597698E-17
 3501.27937895595  1.356677E-17
 3504.01409669506  -2.576534E-19
 3506.74881443416  1.458495E-17
 3509.48353217327  -2.558642E-20
 3512.21824991238  -5.880176E-18
 3514.95296765149  8.646701E-18
 3517.6876853906   1.901187E-17
 3520.42240312971  -1.225562E-17
 3523.15712086882  2.384269E-18
 3525.89183860793  -1.114882E-17
 3528.62655634704  2.404874E-17
 3531.36127408615  2.850465E-17
 3534.09599182526  1.385513E-17
 3536.83070956437  3.520996E-18
 3539.56542730347  1.272917E-17
 3542.30014504258  -1.594859E-17
 3545.03486278169  4.116347E-18
 3547.7695805208   2.524881E-17
 3550.50429825991  2.267779E-17
 3553.23901599902  1.334607E-17
 3555.97373373813  3.115361E-18
 3558.70845147724  -7.491188E-18
 3561.44316921635  1.159518E-17
 3564.17788695546  1.607154E-17
 3566.91260469456  5.428647E-18
 3569.64732243367  8.875772E-19
 3572.38204017278  8.385680E-18
 3575.11675791189  1.476826E-17
 3577.851475651    1.946418E-17
 3580.58619339011  1.080096E-17
 3583.32091112922  7.180563E-18
 3586.05562886833  1.531240E-17
 3588.79034660744  6.545975E-18
 3591.52506434655  -9.964356E-19
 3594.25978208566  3.269827E-18
 3596.99449982476  1.319690E-17
 3599.72921756387  2.614044E-18
 3602.46393530298  -8.241045E-18
 3605.19865304209  2.205194E-18
 3607.9333707812   2.938683E-18
 3610.66808852031  1.286335E-17
 3613.40280625942  -3.573831E-18
 3616.13752399853  -1.370060E-17
 3618.87224173764  -3.852302E-18
 3621.60695947675  3.494035E-18
 3624.34167721586  7.861622E-18
 3627.07639495497  8.291984E-18
 3629.81111269407  1.156008E-18
 3632.54583043318  -2.569361E-18
 3635.28054817229  4.025826E-18
 3638.0152659114   9.923242E-18
 3640.74998365051  -2.271941E-22
 3643.48470138962  6.234318E-18
 3646.21941912873  -1.774160E-18
 3648.95413686784  2.298682E-18
 3651.68885460695  8.836606E-19
 3654.42357234606  1.931791E-17
 3657.15829008517  9.408641E-18
 3659.89300782427  2.153446E-19
 3662.62772556338  1.182517E-17
 3665.36244330249  1.802204E-18
 3668.0971610416   -3.933657E-18
 3670.83187878071  1.218280E-18
 3673.56659651982  1.443242E-17
 3676.30131425893  1.263430E-17
 3679.03603199804  8.184346E-21
 3681.77074973715  1.864138E-18
 3684.50546747626  1.380237E-17
 3687.24018521537  -1.023991E-18
 3689.97490295447  4.378457E-18
 3692.70962069358  7.829476E-18
 3695.44433843269  -8.447123E-18
 3698.1790561718   2.765526E-18
 3700.91377391091  7.098028E-18
 3703.64849165002  -6.298173E-18
 3706.38320938913  6.535756E-18
 3709.11792712824  7.871458E-18
 3711.85264486735  -3.695683E-18
 3714.58736260646  4.003402E-18
 3717.32208034557  2.979408E-18
 3720.05679808467  1.041047E-18
 3722.79151582378  -2.535540E-18
 3725.52623356289  -3.633093E-18
 3728.260951302    1.843409E-17
 3730.99566904111  1.027486E-17
 3733.73038678022  3.489227E-17
 3736.46510451933  5.228378E-17
 3739.19982225844  4.360454E-17
 3741.93453999755  1.966524E-17
 3744.66925773666  3.338535E-18
 3747.40397547577  -1.635451E-18
 3750.13869321487  -2.304008E-18
 3752.87341095398  4.803374E-18
 3755.60812869309  -2.697994E-18
 3758.3428464322   -2.610942E-18
 3761.07756417131  1.185736E-17
 3763.81228191042  1.548473E-17
 3766.54699964953  -2.775150E-18
 3769.28171738864  -4.059474E-18
 3772.01643512775  1.514618E-19
 3774.75115286686  8.269916E-19
 3777.48587060597  1.071003E-19
 3780.22058834508  5.531631E-18
 3782.95530608418  1.572689E-17
 3785.69002382329  8.619334E-18
 3788.4247415624   1.569629E-18
 3791.15945930151  3.402470E-19
 3793.89417704062  1.464101E-17
 3796.62889477973  1.207757E-17
 3799.36361251884  -1.711038E-18
 3802.09833025795  -5.246236E-18
 3804.83304799706  1.080321E-18
 3807.56776573617  1.110853E-18
 3810.30248347528  -2.755299E-19
 3813.03720121438  1.372570E-17
 3815.77191895349  1.262229E-17
 3818.5066366926   6.519262E-18
 3821.24135443171  6.800825E-18
 3823.97607217082  6.521530E-18
 3826.71078990993  1.210701E-17
 3829.44550764904  1.266673E-17
 3832.18022538815  -7.142202E-18
 3834.91494312726  5.924191E-18
 3837.64966086637  1.807577E-17
 3840.38437860548  1.103266E-17
 3843.11909634458  3.993569E-18
 3845.85381408369  2.009369E-20
 3848.5885318228   2.259195E-18
 3851.32324956191  7.418893E-18
 3854.05796730102  1.062844E-19
 3856.79268504013  8.208799E-18
 3859.52740277924  1.031698E-17
 3862.26212051835  4.624322E-18
 3864.99683825746  6.714594E-18
 3867.73155599657  -1.286641E-18
 3870.46627373568  4.760421E-18
 3873.20099147478  5.461235E-18
 3875.93570921389  1.044425E-17
 3878.670426953    7.567616E-18
 3881.40514469211  1.083606E-17
 3884.13986243122  5.376094E-18
 3886.87458017033  2.502316E-18
 3889.60929790944  2.128578E-18
 3892.34401564855  1.121820E-18
 3895.07873338766  3.637366E-18
 3897.81345112677  1.016458E-17
 3900.54816886588  1.341886E-17
 3903.28288660499  2.411482E-18
 3906.01760434409  6.843944E-18
 3908.7523220832   -1.999827E-19
 3911.48703982231  1.085197E-19
 3914.22175756142  1.674960E-18
 3916.95647530053  6.422397E-18
 3919.69119303964  2.195118E-19
 3922.42591077875  1.434819E-18
 3925.16062851786  6.724617E-18
 3927.89534625697  9.149875E-18
 3930.63006399608  4.162196E-18
 3933.36478173518  2.197802E-18
 3936.09949947429  -9.579144E-19
 3938.8342172134   -1.320365E-18
 3941.56893495251  7.335407E-18
 3944.30365269162  1.081635E-17
 3947.03837043073  6.035792E-18
 3949.77308816984  3.047993E-18
 3952.50780590895  2.661639E-18
 3955.24252364806  4.301391E-18
 3957.97724138717  8.997068E-18
 3960.71195912628  2.776765E-18
 3963.44667686539  1.069599E-18
 3966.18139460449  3.044011E-18
 3968.9161123436   6.498070E-18
 3971.65083008271  5.590426E-18
 3974.38554782182  5.649113E-18
 3977.12026556093  7.320784E-18
 3979.85498330004  5.482929E-18
 3982.58970103915  6.815053E-18
 3985.32441877826  7.843418E-18
 3988.05913651737  3.459654E-18
 3990.79385425648  -1.950898E-18
 3993.52857199558  -7.059625E-19
 3996.26328973469  6.908966E-19
 3998.9980074738   2.740797E-19
 4001.73272521291  1.074755E-17
 4004.46744295202  9.851943E-18
 4007.20216069113  2.186462E-18
 4009.93687843024  6.002488E-19
 4012.67159616935  4.935402E-18
 4015.40631390846  8.495584E-18
 4018.14103164757  5.041488E-18
 4020.87574938668  6.332800E-18
 4023.61046712578  5.770973E-18
 4026.3451848649   8.187995E-18
 4029.079902604    7.499569E-18
 4031.81462034311  9.473893E-18
 4034.54933808222  3.137580E-18
 4037.28405582133  1.774720E-18
 4040.01877356044  4.056190E-18
 4042.75349129955  1.011247E-17
 4045.48820903866  9.793755E-18
 4048.22292677777  1.542598E-18
 4050.95764451688  8.343916E-18
 4053.69236225599  3.110123E-18
 4056.42707999509  -5.940035E-19
 4059.1617977342   2.411510E-18
 4061.89651547331  1.810825E-17
 4064.63123321242  1.574361E-17
 4067.36595095153  8.177309E-18
 4070.10066869064  9.540709E-18
 4072.83538642975  7.178812E-18
 4075.57010416886  1.125083E-17
 4078.30482190797  3.653658E-18
 4081.03953964708  1.202931E-18
 4083.77425738619  3.754414E-18
 4086.50897512529  3.887164E-18
 4089.2436928644   8.766933E-18
 4091.97841060351  1.217322E-17
 4094.71312834262  1.128397E-17
 4097.44784608173  9.480897E-18
 4100.18256382084  7.476950E-18
 4102.91728155995  9.216310E-18
 4105.65199929906  1.204417E-17
 4108.38671703817  1.176499E-17
 4111.12143477728  1.562415E-17
 4113.85615251639  6.366617E-18
 4116.59087025549  4.830262E-18
 4119.3255879946   1.373604E-17
 4122.06030573371  1.914601E-18
 4124.79502347282  -9.013195E-20
 4127.52974121193  5.485845E-18
 4130.26445895104  4.057363E-18
 4132.99917669015  8.157501E-18
 4135.73389442926  1.270508E-17
 4138.46861216837  3.598120E-18
 4141.20332990748  1.907155E-18
 4143.93804764659  6.135311E-18
 4146.67276538569  2.943496E-18
 4149.4074831248   -2.628338E-18
 4152.14220086391  -2.497784E-18
 4154.87691860302  3.457816E-18
 4157.61163634213  1.026157E-17
 4160.34635408124  -5.589154E-19
 4163.08107182035  7.518238E-18
 4165.81578955946  9.284827E-18
 4168.55050729857  9.074007E-18
 4171.28522503768  5.813842E-18
 4174.01994277679  1.124508E-17
 4176.7546605159   5.936006E-18
 4179.489378255    7.877205E-18
 4182.22409599411  1.022743E-17
 4184.95881373322  1.118443E-17
 4187.69353147233  9.125992E-18
 4190.42824921144  1.117550E-17
 4193.16296695055  2.376870E-18
 4195.89768468966  1.973327E-18
 4198.63240242877  5.730469E-18
 4201.36712016788  7.620266E-18
 4204.10183790699  1.301930E-17
 4206.83655564609  9.660294E-18
 4209.5712733852   1.204858E-17
 4212.30599112431  9.705836E-18
 4215.04070886342  7.322350E-18
 4217.77542660253  9.972303E-18
 4220.51014434164  1.080174E-17
 4223.24486208075  8.176049E-18
 4225.97957981986  5.815282E-18
 4228.71429755897  9.139411E-18
 4231.44901529808  5.976337E-18
 4234.18373303719  7.998741E-18
 4236.9184507763   5.004736E-18
 4239.6531685154   6.441239E-18
 4242.38788625451  1.087698E-17
 4245.12260399362  6.193533E-18
 4247.85732173273  4.375168E-18
 4250.59203947184  8.537493E-18
 4253.32675721095  5.483156E-18
 4256.06147495006  8.994591E-18
 4258.79619268917  1.113054E-17
 4261.53091042828  5.449271E-18
 4264.26562816739  4.585903E-18
 4267.0003459065   8.174082E-18
 4269.7350636456   6.289874E-18
 4272.46978138471  7.405039E-18
 4275.20449912382  1.005822E-17
 4277.93921686293  6.412750E-18
 4280.67393460204  5.668883E-18
 4283.40865234115  4.268844E-18
 4286.14337008026  1.149351E-17
 4288.87808781937  7.203089E-18
 4291.61280555848  3.705020E-18
 4294.34752329759  5.371046E-18
 4297.08224103669  5.519786E-18
 4299.81695877581  4.801051E-18
 4302.55167651491  9.252995E-18
 4305.28639425402  6.719858E-18
 4308.02111199313  3.697268E-18
 4310.75582973224  6.081941E-18
 4313.49054747135  3.502435E-18
 4316.22526521046  2.276318E-18
 4318.95998294957  5.610334E-18
 4321.69470068868  8.901261E-18
 4324.42941842779  4.933532E-18
 4327.1641361669   1.012840E-17
 4329.898853906    8.910090E-18
 4332.63357164511  7.712175E-18
 4335.36828938422  1.049331E-17
 4338.10300712333  1.077541E-17
 4340.83772486244  7.949029E-18
 4343.57244260155  1.090651E-17
 4346.30716034066  1.258209E-17
 4349.04187807977  1.485995E-17
 4351.77659581888  1.699501E-17
 4354.51131355799  1.611572E-17
 4357.2460312971   8.812178E-18
 4359.98074903621  8.949736E-18
 4362.71546677531  1.299326E-17
 4365.45018451442  1.327562E-17
 4368.18490225353  7.367854E-18
 4370.91961999264  5.160707E-18
 4373.65433773175  1.098380E-17
 4376.38905547086  7.712900E-18
 4379.12377320997  7.363860E-18
 4381.85849094908  1.341937E-17
 4384.59320868819  5.557819E-18
 4387.3279264273   4.719999E-18
 4390.0626441664   1.126522E-17
 4392.79736190551  5.138236E-18
 4395.53207964462  7.180565E-18
 4398.26679738373  2.197859E-18
 4401.00151512284  -1.138380E-18
 4403.73623286195  4.776172E-18
 4406.47095060106  6.781683E-18
 4409.20566834017  4.854808E-18
 4411.94038607928  7.139034E-18
 4414.67510381839  7.524480E-18
 4417.4098215575   7.207872E-18
 4420.14453929661  6.915252E-18
 4422.87925703571  6.105719E-18
 4425.61397477482  4.990537E-18
 4428.34869251393  7.111083E-18
 4431.08341025304  1.121672E-17
 4433.81812799215  6.721148E-18
 4436.55284573126  1.746556E-18
 4439.28756347037  4.412914E-18
 4442.02228120948  3.281933E-18
 4444.75699894859  4.017594E-18
 4447.4917166877   4.795334E-18
 4450.22643442681  7.460837E-18
 4452.96115216591  1.346350E-17
 4455.69586990502  5.221494E-18
 4458.43058764413  2.953512E-18
 4461.16530538324  9.614989E-18
 4463.90002312235  7.531806E-18
 4466.63474086146  2.264428E-18
 4469.36945860057  3.815471E-18
 4472.10417633968  5.608684E-18
 4474.83889407879  1.094707E-17
 4477.5736118179   9.014850E-18
 4480.30832955701  1.204042E-17
 4483.04304729612  1.185632E-17
 4485.77776503522  8.213431E-18
 4488.51248277433  5.977727E-18
 4491.24720051344  1.032531E-17
 4493.98191825255  8.770326E-18
 4496.71663599166  9.301550E-18
 4499.45135373077  9.944001E-18
 4502.18607146988  5.863363E-18
 4504.92078920899  7.914887E-18
 4507.6555069481   6.813899E-18
 4510.39022468721  6.728711E-18
 4513.12494242631  9.410725E-18
 4515.85966016542  8.495769E-18
 4518.59437790453  5.844838E-18
 4521.32909564364  1.353623E-17
 4524.06381338275  1.141933E-17
 4526.79853112186  7.747107E-18
 4529.53324886097  6.714456E-18
 4532.26796660008  7.741356E-18
 4535.00268433919  5.667594E-18
 4537.7374020783   7.821444E-18
 4540.47211981741  4.317327E-18
 4543.20683755652  9.548797E-18
 4545.94155529562  1.200829E-17
 4548.67627303473  5.090836E-18
 4551.41099077384  1.078736E-17
 4554.14570851295  7.368650E-18
 4556.88042625206  4.049915E-18
 4559.61514399117  5.088258E-18
 4562.34986173028  6.101579E-18
 4565.08457946939  7.317825E-18
 4567.8192972085   4.659415E-18
 4570.55401494761  4.733039E-18
 4573.28873268671  6.095853E-18
 4576.02345042582  1.076831E-17
 4578.75816816493  1.176241E-17
 4581.49288590404  5.107129E-18
 4584.22760364315  4.247673E-18
 4586.96232138226  8.812060E-18
 4589.69703912137  9.590381E-18
 4592.43175686048  7.084702E-18
 4595.16647459959  1.036983E-17
 4597.9011923387   7.782769E-18
 4600.63591007781  9.416243E-18
 4603.37062781692  1.049579E-17
 4606.10534555602  9.339373E-18
 4608.84006329513  7.003389E-18
 4611.57478103424  8.131434E-18
 4614.30949877335  7.483826E-18
 4617.04421651246  6.093823E-18
 4619.77893425157  5.992404E-18
 4622.51365199068  5.867975E-18
 4625.24836972979  6.504189E-18
 4627.9830874689   9.075365E-18
 4630.71780520801  8.749779E-18
 4633.45252294712  5.396288E-18
 4636.18724068622  1.023740E-17
 4638.92195842533  8.786609E-18
 4641.65667616444  7.028143E-18
 4644.39139390355  7.326115E-18
 4647.12611164266  6.564041E-18
 4649.86082938177  8.495956E-18
 4652.59554712088  8.933374E-18
 4655.33026485999  8.449439E-18
 4658.0649825991   9.675481E-18
 4660.79970033821  5.014828E-18
 4663.53441807732  5.214371E-18
 4666.26913581643  6.176755E-18
 4669.00385355553  3.917744E-18
 4671.73857129464  3.491963E-18
 4674.47328903375  6.764616E-18
 4677.20800677286  6.667610E-18
 4679.94272451197  7.174310E-18
 4682.67744225108  2.411785E-18
 4685.41215999019  7.824531E-18
 4688.1468777293   9.784600E-18
 4690.88159546841  5.899398E-18
 4693.61631320752  6.862065E-18
 4696.35103094662  1.036081E-17
 4699.08574868573  8.528031E-18
 4701.82046642484  8.104664E-18
 4704.55518416395  8.354353E-18
 4707.28990190306  6.227944E-18
 4710.02461964217  2.364932E-18
 4712.75933738128  1.760828E-18
 4715.49405512039  8.113949E-18
 4718.2287728595   6.911628E-18
 4720.96349059861  4.164265E-18
 4723.69820833772  6.653091E-18
 4726.43292607683  6.670013E-18
 4729.16764381593  6.851324E-18
 4731.90236155504  8.361559E-18
 4734.63707929415  9.208228E-18
 4737.37179703326  1.121610E-17
 4740.10651477237  8.111113E-18
 4742.84123251148  7.101489E-18
 4745.57595025059  3.919300E-18
 4748.3106679897   5.873100E-18
 4751.04538572881  8.070286E-18
 4753.78010346792  7.988822E-18
 4756.51482120703  1.030115E-17
 4759.24953894613  7.391645E-18
 4761.98425668524  6.338416E-18
 4764.71897442435  8.255388E-18
 4767.45369216346  4.389367E-18
 4770.18840990257  5.025444E-18
 4772.92312764168  1.039744E-17
 4775.65784538079  1.108400E-17
 4778.3925631199   1.176921E-17
 4781.12728085901  9.365195E-18
 4783.86199859812  9.325564E-18
 4786.59671633722  4.943463E-18
 4789.33143407633  5.137724E-18
 4792.06615181544  9.423804E-18
 4794.80086955455  7.097723E-18
 4797.53558729366  4.980897E-18
 4800.27030503277  9.972303E-18
 4803.00502277188  9.333133E-18
 4805.73974051099  6.695474E-18
 4808.4744582501   2.986662E-18
 4811.20917598921  8.214856E-18
 4813.94389372832  5.504458E-18
 4816.67861146743  7.507734E-18
 4819.41332920653  5.804394E-18
 4822.14804694564  7.217319E-18
 4824.88276468475  5.053132E-18
 4827.61748242386  3.493400E-18
 4830.35220016297  9.576614E-18
 4833.08691790208  9.748620E-18
 4835.82163564119  8.765178E-18
 4838.5563533803   5.621459E-18
 4841.29107111941  6.775494E-18
 4844.02578885852  6.698238E-18
 4846.76050659763  4.001271E-18
 4849.49522433674  5.421130E-18
 4852.22994207584  2.154330E-18
 4854.96465981495  1.508036E-17
 4857.69937755406  1.899349E-17
 4860.43409529317  2.660842E-17
 4863.16881303228  2.520386E-17
 4865.90353077139  3.466760E-17
 4868.6382485105   4.300394E-17
 4871.37296624961  4.901166E-17
 4874.10768398872  5.038305E-17
 4876.84240172783  3.604894E-17
 4879.57711946694  2.670449E-17
 4882.31183720604  2.213685E-17
 4885.04655494515  1.364449E-17
 4887.78127268426  4.625722E-18
 4890.51599042337  1.127908E-17
 4893.25070816248  3.941557E-18
 4895.98542590159  5.715806E-18
 4898.7201436407   7.320381E-18
 4901.45486137981  5.676601E-18
 4904.18957911892  5.146681E-18
 4906.92429685803  4.678747E-18
 4909.65901459713  5.345163E-18
 4912.39373233624  4.714811E-18
 4915.12845007535  2.019010E-18
 4917.86316781446  9.372321E-18
 4920.59788555357  1.105752E-17
 4923.33260329268  9.151223E-18
 4926.06732103179  9.461661E-18
 4928.8020387709   1.042871E-17
 4931.53675651001  8.505174E-18
 4934.27147424912  4.913222E-18
 4937.00619198823  9.332457E-18
 4939.74090972734  4.735826E-18
 4942.47562746644  3.986057E-18
 4945.21034520555  1.174153E-17
 4947.94506294466  1.044654E-17
 4950.67978068377  6.976780E-18
 4953.41449842288  6.465535E-18
 4956.14921616199  4.719487E-18
 4958.8839339011   6.996433E-18
 4961.61865164021  7.740674E-18
 4964.35336937932  1.207272E-17
 4967.08808711843  1.454182E-17
 4969.82280485754  1.151305E-17
 4972.55752259664  1.654871E-17
 4975.29224033575  1.142277E-17
 4978.02695807486  5.547785E-18
 4980.76167581397  2.064421E-18
 4983.49639355308  6.504901E-18
 4986.23111129219  1.012353E-17
 4988.9658290313   3.344705E-18
 4991.70054677041  4.679012E-18
 4994.43526450952  5.462842E-18
 4997.16998224863  6.077211E-18
 4999.90469998774  1.116510E-17
 5002.63941772684  6.690113E-18
 5005.37413546595  3.629818E-18
 5008.10885320506  5.522912E-18
 5010.84357094417  1.329345E-17
 5013.57828868328  9.891762E-18
 5016.31300642239  3.306268E-17
 5019.0477241615   4.828318E-17
 5021.78244190061  3.463499E-17
 5024.51715963972  2.592965E-17
 5027.25187737883  2.003716E-17
 5029.98659511794  1.689299E-17
 5032.72131285705  9.314611E-18
 5035.45603059615  6.747013E-18
 5038.19074833526  9.147093E-18
 5040.92546607437  8.266139E-18
 5043.66018381348  5.347599E-18
 5046.39490155259  3.909480E-18
 5049.1296192917   9.539272E-18
 5051.86433703081  2.973106E-19
 5054.59905476992  -1.352331E-19
 5057.33377250903  1.022475E-17
 5060.06849024814  9.241954E-18
 5062.80320798725  5.434065E-18
 5065.53792572635  8.629308E-18
 5068.27264346546  1.845928E-18
 5071.00736120457  7.694298E-18
 5073.74207894368  6.220469E-18
 5076.47679668279  6.777998E-18
 5079.2115144219   8.598431E-18
 5081.94623216101  2.991435E-19
 5084.68094990012  7.705275E-18
 5087.41566763923  3.600405E-18
 5090.15038537834  4.855621E-18
 5092.88510311745  8.208531E-18
 5095.61982085655  8.929495E-18
 5098.35453859566  7.856636E-18
 5101.08925633477  7.133241E-18
 5103.82397407388  2.506671E-18
 5106.55869181299  3.680098E-18
 5109.2934095521   1.012143E-17
 5112.02812729121  1.027171E-17
 5114.76284503032  -1.636001E-18
 5117.49756276943  3.705216E-18
 5120.23228050854  1.270181E-17
 5122.96699824765  1.002066E-17
 5125.70171598676  6.834499E-18
 5128.43643372586  8.252826E-18
 5131.17115146497  1.047318E-17
 5133.90586920408  8.978619E-18
 5136.64058694319  1.162353E-17
 5139.3753046823   7.194461E-18
 5142.11002242141  4.995304E-18
 5144.84474016052  7.015392E-18
 5147.57945789963  8.272271E-18
 5150.31417563874  3.606291E-18
 5153.04889337785  2.909863E-18
 5155.78361111696  5.824405E-18
 5158.51832885606  3.772420E-18
 5161.25304659517  9.222002E-18
 5163.98776433428  3.930680E-18
 5166.72248207339  7.044437E-18
 5169.4571998125   1.064226E-17
 5172.19191755161  5.570202E-18
 5174.92663529072  9.033364E-18
 5177.66135302983  7.502054E-18
 5180.39607076894  1.395875E-17
 5183.13078850805  1.218273E-17
 5185.86550624715  5.679146E-18
 5188.60022398626  1.030414E-17
 5191.33494172537  1.126762E-17
 5194.06965946448  4.000847E-18
 5196.80437720359  5.727141E-18
 5199.5390949427   6.534669E-18
 5202.27381268181  3.895274E-18
 5205.00853042092  8.282224E-18
 5207.74324816003  7.039735E-18
 5210.47796589914  7.583535E-18
 5213.21268363825  3.474430E-18
 5215.94740137735  5.913767E-18
 5218.68211911646  4.442178E-18
 5221.41683685557  4.002538E-18
 5224.15155459468  9.211076E-18
 5226.88627233379  6.533105E-18
 5229.6209900729   6.353736E-18
 5232.35570781201  6.484324E-18
 5235.09042555112  1.203706E-17
 5237.82514329023  7.176827E-18
 5240.55986102934  3.947226E-18
 5243.29457876845  8.159254E-18
 5246.02929650756  9.126545E-18
 5248.76401424667  4.476062E-18
 5251.49873198577  1.050364E-17
 5254.23344972488  6.833439E-18
 5256.96816746399  6.337474E-18
 5259.7028852031   1.066887E-17
 5262.43760294221  1.308614E-17
 5265.17232068132  6.356392E-18
 5267.90703842043  9.713769E-18
 5270.64175615954  1.135262E-17
 5273.37647389865  5.394998E-18
 5276.11119163776  5.273647E-18
 5278.84590937686  5.957464E-18
 5281.58062711597  8.487624E-18
 5284.31534485508  1.251129E-17
 5287.05006259419  7.112325E-18
 5289.7847803333   8.594907E-18
 5292.51949807241  1.035869E-17
 5295.25421581152  1.252646E-17
 5297.98893355063  8.825198E-18
 5300.72365128974  3.637978E-18
 5303.45836902885  7.999859E-18
 5306.19308676796  6.950543E-18
 5308.92780450706  7.219268E-18
 5311.66252224617  6.472452E-18
 5314.39723998528  9.359178E-18
 5317.13195772439  1.217753E-17
 5319.8666754635   1.235651E-17
 5322.60139320261  6.429138E-18
 5325.33611094172  9.731298E-18
 5328.07082868083  1.352309E-17
 5330.80554641994  1.247396E-17
 5333.54026415905  7.048203E-18
 5336.27498189816  7.497836E-18
 5339.00969963727  1.226912E-17
 5341.74441737637  9.363585E-18
 5344.47913511548  7.817866E-18
 5347.21385285459  7.490642E-18
 5349.9485705937   1.208883E-17
 5352.68328833281  9.147613E-18
 5355.41800607192  4.479862E-18
 5358.15272381103  4.193674E-18
 5360.88744155014  6.641001E-18
 5363.62215928925  2.655434E-18
 5366.35687702836  3.806472E-18
 5369.09159476746  5.154695E-18
 5371.82631250657  1.420511E-17
 5374.56103024568  8.476524E-18
 5377.29574798479  7.845737E-18
 5380.0304657239   1.122189E-17
 5382.76518346301  5.619584E-18
 5385.49990120212  6.234062E-18
 5388.23461894123  3.388513E-18
 5390.96933668034  1.053570E-17
 5393.70405441945  1.042733E-17
 5396.43877215856  1.132631E-17
 5399.17348989767  1.104903E-17
 5401.90820763677  8.619559E-18
 5404.64292537588  -1.284428E-18
 5407.37764311499  8.148155E-18
 5410.1123608541   7.845500E-18
 5412.84707859321  8.594892E-18
 5415.58179633232  5.812253E-18
 5418.31651407143  3.003629E-18
 5421.05123181054  1.012052E-17
 5423.78594954965  6.392154E-18
 5426.52066728876  2.450956E-18
 5429.25538502787  5.373275E-18
 5431.99010276698  5.689710E-18
 5434.72482050608  5.510651E-18
 5437.45953824519  7.642635E-18
 5440.1942559843   8.211896E-18
 5442.92897372341  6.202903E-18
 5445.66369146252  6.509310E-18
 5448.39840920163  8.327118E-18
 5451.13312694074  1.140665E-17
 5453.86784467985  8.373277E-18
 5456.60256241896  7.984334E-18
 5459.33728015807  5.437796E-18
 5462.07199789717  5.759821E-18
 5464.80671563628  9.064051E-18
 5467.54143337539  1.007577E-17
 5470.2761511145   4.970707E-18
 5473.01086885361  5.050096E-19
 5475.74558659272  4.449493E-18
 5478.48030433183  8.688556E-18
 5481.21502207094  6.233469E-18
 5483.94973981005  2.126907E-18
 5486.68445754916  4.670111E-18
 5489.41917528827  1.103979E-17
 5492.15389302737  4.524893E-18
 5494.88861076648  3.366336E-18
 5497.62332850559  6.297846E-18
 5500.3580462447   9.432800E-18
 5503.09276398381  6.627891E-18
 5505.82748172292  7.293924E-18
 5508.56219946203  7.627055E-18
 5511.29691720114  4.501964E-18
 5514.03163494025  8.782655E-18
 5516.76635267936  1.235548E-17
 5519.50107041847  8.331771E-18
 5522.23578815758  3.532594E-18
 5524.97050589668  7.385973E-18
 5527.70522363579  5.764616E-18
 5530.4399413749   8.316667E-18
 5533.17465911401  6.522233E-18
 5535.90937685312  3.956906E-18
 5538.64409459223  5.566849E-18
 5541.37881233134  7.624488E-18
 5544.11353007045  8.851906E-18
 5546.84824780956  8.041754E-18
 5549.58296554866  7.027341E-18
 5552.31768328777  5.384755E-18
 5555.05240102688  5.661424E-18
 5557.78711876599  9.025927E-18
 5560.5218365051   9.489102E-18
 5563.25655424421  8.201219E-18
 5565.99127198332  9.609490E-18
 5568.72598972243  4.114583E-18
 5571.46070746154  -1.840937E-18
 5574.19542520065  5.768645E-18
 5576.93014293976  1.746792E-19
 5579.66486067887  8.043528E-18
 5582.39957841797  1.421197E-17
 5585.13429615708  5.508794E-18
 5587.86901389619  9.513651E-18
 5590.6037316353   6.949069E-18
 5593.33844937441  9.551997E-18
 5596.07316711352  5.367369E-18
 5598.80788485263  7.044529E-18
 5601.54260259174  1.091760E-17
 5604.27732033085  6.771180E-18
 5607.01203806996  2.826421E-18
 5609.74675580907  5.579512E-18
 5612.48147354818  8.990557E-18
 5615.21619128728  9.292636E-18
 5617.95090902639  6.237585E-18
 5620.6856267655   4.748517E-18
 5623.42034450461  6.443569E-18
 5626.15506224372  4.834146E-18
 5628.88977998283  7.344174E-18
 5631.62449772194  9.185494E-18
 5634.35921546105  6.978172E-18
 5637.09393320016  6.200927E-18
 5639.82865093927  7.716734E-18
 5642.56336867838  8.526742E-18
 5645.29808641749  6.304486E-18
 5648.03280415659  3.307335E-18
 5650.7675218957   4.865028E-18
 5653.50223963481  9.083810E-18
 5656.23695737392  6.130295E-18
 5658.97167511303  2.812156E-18
 5661.70639285214  8.276451E-19
 5664.44111059125  5.149795E-18
 5667.17582833036  5.022141E-18
 5669.91054606947  7.837100E-18
 5672.64526380858  8.808038E-18
 5675.37998154768  3.685927E-18
 5678.11469928679  4.293175E-18
 5680.8494170259   4.117427E-18
 5683.58413476501  2.056076E-18
 5686.31885250412  1.416211E-18
 5689.05357024323  5.402662E-18
 5691.78828798234  2.955746E-18
 5694.52300572145  2.555865E-18
 5697.25772346056  3.547607E-18
 5699.99244119967  6.630277E-18
 5702.72715893878  6.593230E-18
 5705.46187667788  7.738976E-18
 5708.19659441699  9.837635E-18
 5710.9313121561   6.827008E-18
 5713.66602989521  3.509090E-18
 5716.40074763432  1.954027E-18
 5719.13546537343  5.925900E-18
 5721.87018311254  1.015520E-17
 5724.60490085165  3.578694E-18
 5727.33961859076  2.972820E-18
 5730.07433632987  3.685875E-18
 5732.80905406898  2.507600E-18
 5735.54377180809  7.084311E-18
 5738.27848954719  5.797611E-18
 5741.0132072863   3.292707E-18
 5743.74792502541  2.873325E-18
 5746.48264276452  7.019029E-18
 5749.21736050363  1.060467E-18
 5751.95207824274  6.549247E-18
 5754.68679598185  8.390420E-18
 5757.42151372096  4.214728E-18
 5760.15623146007  3.592935E-18
 5762.89094919918  5.537266E-18
 5765.62566693828  1.312598E-18
 5768.3603846774   8.639993E-18
 5771.0951024165   8.462309E-18
 5773.82982015561  2.549416E-18
 5776.56453789472  5.056862E-18
 5779.29925563383  8.496286E-18
 5782.03397337294  5.463233E-18
 5784.76869111205  6.101422E-18
 5787.50340885116  6.223680E-18
 5790.23812659027  7.734763E-18
 5792.97284432938  4.810222E-18
 5795.70756206848  5.966443E-18
 5798.44227980759  5.627922E-18
 5801.1769975467   1.276263E-17
 5803.91171528581  1.120041E-17
 5806.64643302492  1.813978E-18
 5809.38115076403  5.180225E-18
 5812.11586850314  8.006001E-18
 5814.85058624225  4.124038E-18
 5817.58530398136  6.452843E-18
 5820.32002172047  6.130805E-18
 5823.05473945958  3.455489E-18
 5825.78945719869  8.325896E-18
 5828.52417493779  1.175751E-17
 5831.2588926769   6.632704E-18
 5833.99361041601  6.259402E-18
 5836.72832815512  6.753818E-18
 5839.46304589423  5.021012E-18
 5842.19776363334  7.227437E-18
 5844.93248137245  6.232667E-18
 5847.66719911156  3.745046E-18
 5850.40191685067  4.173065E-18
 5853.13663458978  6.628671E-18
 5855.87135232889  5.351414E-18
 5858.60607006799  5.238649E-18
 5861.3407878071   8.923290E-18
 5864.07550554621  3.501609E-18
 5866.81022328532  -7.961680E-19
 5869.54494102443  3.283755E-18
 5872.27965876354  4.915604E-18
 5875.01437650265  1.870523E-18
 5877.74909424176  3.702306E-18
 5880.48381198087  8.609611E-18
 5883.21852971998  7.966816E-18
 5885.95324745909  8.489910E-18
 5888.68796519819  4.814281E-18
 5891.4226829373   7.348836E-18
 5894.15740067641  8.509868E-18
 5896.89211841552  7.604470E-18
 5899.62683615463  -5.445880E-19
 5902.36155389374  7.023140E-18
 5905.09627163285  5.915647E-18
 5907.83098937196  9.219145E-18
 5910.56570711107  5.880438E-18
 5913.30042485018  6.329640E-18
 5916.03514258929  7.049863E-18
 5918.7698603284   7.106708E-18
 5921.5045780675   4.109738E-18
 5924.23929580661  2.097840E-18
 5926.97401354572  6.967953E-18
 5929.70873128483  5.039774E-18
 5932.44344902394  9.262983E-18
 5935.17816676305  9.738194E-18
 5937.91288450216  4.319398E-18
 5940.64760224127  1.060031E-17
 5943.38231998038  1.281817E-17
 5946.11703771949  6.567673E-18
 5948.85175545859  6.686423E-18
 5951.5864731977   4.450578E-18
 5954.32119093681  1.781833E-18
 5957.05590867592  4.526028E-18
 5959.79062641503  4.062375E-18
 5962.52534415414  4.939704E-18
 5965.26006189325  2.952730E-18
 5967.99477963236  6.857495E-18
 5970.72949737147  2.267026E-18
 5973.46421511058  3.289532E-18
 5976.19893284969  7.740362E-18
 5978.9336505888   6.295340E-18
 5981.6683683279   4.292241E-18
 5984.40308606701  1.120511E-17
 5987.13780380612  5.526049E-18
 5989.87252154523  2.456061E-18
 5992.60723928434  5.176583E-18
 5995.34195702345  3.328578E-18
 5998.07667476256  7.619970E-18
 6000.81139250167  7.105113E-18
 6003.54611024078  7.344066E-18
 6006.28082797989  5.213837E-18
 6009.015545719    5.761041E-18
 6011.7502634581   5.856658E-18
 6014.48498119721  2.982338E-18
 6017.21969893632  2.127913E-18
 6019.95441667543  7.171792E-18
 6022.68913441454  5.439162E-18
 6025.42385215365  4.066869E-18
 6028.15856989276  7.739110E-18
 6030.89328763187  6.169273E-18
 6033.62800537098  5.477777E-18
 6036.36272311009  8.272423E-18
 6039.0974408492   6.869914E-18
 6041.83215858831  7.116782E-18
 6044.56687632741  9.146756E-18
 6047.30159406652  4.865899E-18
 6050.03631180563  2.909901E-18
 6052.77102954474  4.005448E-18
 6055.50574728385  8.155701E-18
 6058.24046502296  7.204445E-18
 6060.97518276207  2.635616E-18
 6063.70990050118  1.364288E-18
 6066.44461824029  7.820356E-18
 6069.17933597939  7.213026E-18
 6071.9140537185   6.094575E-18
 6074.64877145761  2.980528E-18
 6077.38348919672  4.487404E-18
 6080.11820693583  6.368639E-18
 6082.85292467494  8.758556E-18
 6085.58764241405  7.841714E-18
 6088.32236015316  4.511836E-18
 6091.05707789227  6.953610E-18
 6093.79179563138  7.478925E-18
 6096.52651337049  5.741123E-18
 6099.2612311096   5.777596E-18
 6101.99594884871  4.237190E-18
 6104.73066658781  7.511619E-18
 6107.46538432692  8.445867E-18
 6110.20010206603  7.628501E-18
 6112.93481980514  5.802877E-18
 6115.66953754425  3.401413E-18
 6118.40425528336  5.974142E-18
 6121.13897302247  3.439103E-18
 6123.87369076158  3.669665E-18
 6126.60840850068  5.016991E-18
 6129.3431262398   3.547409E-18
 6132.07784397891  6.781336E-18
 6134.81256171802  7.886408E-18
 6137.54727945712  6.722809E-18
 6140.28199719623  5.998950E-18
 6143.01671493534  2.853127E-18
 6145.75143267445  8.034683E-19
 6148.48615041356  3.990430E-18
 6151.22086815267  2.496343E-18
 6153.95558589178  3.950603E-18
 6156.69030363089  2.758265E-18
 6159.42502137     2.619229E-18
 6162.1597391091   6.627155E-18
 6164.89445684821  5.416304E-18
 6167.62917458732  4.480200E-18
 6170.36389232643  5.232566E-18
 6173.09861006554  7.548801E-18
 6175.83332780465  4.743498E-18
 6178.56804554376  3.133505E-18
 6181.30276328287  5.777245E-18
 6184.03748102198  5.343261E-18
 6186.77219876109  7.242132E-18
 6189.5069165002   7.101453E-18
 6192.24163423931  6.042842E-18
 6194.97635197841  7.205134E-18
 6197.71106971752  8.270124E-18
 6200.44578745663  9.037204E-18
 6203.18050519574  6.704686E-18
 6205.91522293485  6.506508E-18
 6208.64994067396  5.306057E-18
 6211.38465841307  6.482633E-18
 6214.11937615218  8.564269E-18
 6216.85409389129  5.111899E-18
 6219.5888116304   3.211000E-18
 6222.32352936951  6.957794E-18
 6225.05824710862  4.319005E-18
 6227.79296484772  3.299302E-18
 6230.52768258683  3.863076E-18
 6233.26240032594  2.958876E-18
 6235.99711806505  1.448952E-17
 6238.73183580416  1.011278E-17
 6241.46655354327  6.812371E-18
 6244.20127128238  6.000189E-18
 6246.93598902149  8.119445E-18
 6249.6707067606   3.855149E-18
 6252.4054244997   5.461582E-18
 6255.14014223881  8.019606E-18
 6257.87485997792  2.706944E-18
 6260.60957771703  4.706632E-18
 6263.34429545614  6.591979E-18
 6266.07901319525  4.631670E-18
 6268.81373093436  5.032315E-18
 6271.54844867347  7.714463E-18
 6274.28316641258  8.395904E-18
 6277.01788415169  2.936599E-18
 6279.7526018908   1.542173E-18
 6282.48731962991  4.894724E-18
 6285.22203736902  6.901757E-18
 6287.95675510812  8.810635E-18
 6290.69147284723  2.058073E-18
 6293.42619058634  1.197905E-18
 6296.16090832545  4.506343E-18
 6298.89562606456  9.573967E-18
 6301.63034380367  1.048911E-17
 6304.36506154278  2.415361E-18
 6307.09977928189  6.382497E-18
 6309.834497021    7.066606E-18
 6312.56921476011  6.018464E-18
 6315.30393249921  7.035547E-18
 6318.03865023832  7.426443E-18
 6320.77336797743  4.830758E-18
 6323.50808571654  4.915791E-18
 6326.24280345565  5.625587E-18
 6328.97752119476  3.464858E-18
 6331.71223893387  8.343444E-18
 6334.44695667298  8.175664E-18
 6337.18167441209  4.362589E-18
 6339.9163921512   7.373586E-18
 6342.65110989031  7.793252E-18
 6345.38582762942  3.163140E-18
 6348.12054536852  7.197112E-18
 6350.85526310763  7.573208E-18
 6353.58998084674  -8.485285E-19
 6356.32469858585  1.074519E-18
 6359.05941632496  2.678542E-18
 6361.79413406407  7.259039E-18
 6364.52885180318  1.059445E-17
 6367.26356954229  4.278251E-18
 6369.9982872814   5.638918E-18
 6372.73300502051  1.385607E-18
 6375.46772275962  5.154291E-18
 6378.20244049872  7.295841E-18
 6380.93715823783  8.802284E-18
 6383.67187597694  8.159452E-18
 6386.40659371605  8.227538E-18
 6389.14131145516  5.887346E-18
 6391.87602919427  6.136955E-18
 6394.61074693338  9.968643E-18
 6397.34546467249  6.340745E-18
 6400.0801824116   4.383360E-18
 6402.8149001507   6.497830E-18
 6405.54961788982  6.417812E-18
 6408.28433562892  4.608713E-18
 6411.01905336804  3.242042E-18
 6413.75377110714  4.499045E-18
 6416.48848884625  6.639532E-18
 6419.22320658536  5.559255E-18
 6421.95792432447  6.391701E-18
 6424.69264206358  3.730867E-18
 6427.42735980269  3.127331E-18
 6430.1620775418   4.936776E-18
 6432.89679528091  4.764279E-18
 6435.63151302002  6.194215E-18
 6438.36623075912  8.268537E-18
 6441.10094849823  7.755912E-18
 6443.83566623734  6.853925E-18
 6446.57038397645  6.920886E-18
 6449.30510171556  4.597188E-18
 6452.03981945467  6.225871E-18
 6454.77453719378  8.764485E-18
 6457.50925493289  7.587983E-18
 6460.243972672    8.421087E-18
 6462.97869041111  5.229049E-18
 6465.71340815022  7.081293E-18
 6468.44812588933  1.016892E-17
 6471.18284362843  6.733941E-18
 6473.91756136754  8.842410E-18
 6476.65227910665  9.413391E-18
 6479.38699684576  6.292183E-18
 6482.12171458487  5.503084E-18
 6484.85643232398  5.915914E-18
 6487.59115006309  8.637022E-18
 6490.3258678022   7.841982E-18
 6493.06058554131  7.447893E-18
 6495.79530328042  8.498347E-18
 6498.53002101952  5.633756E-18
 6501.26473875863  8.272082E-18
 6503.99945649774  6.278659E-18
 6506.73417423685  6.668904E-18
 6509.46889197596  5.793607E-18
 6512.20360971507  -1.415644E-18
 6514.93832745418  8.396807E-18
 6517.67304519329  8.445306E-18
 6520.4077629324   9.811507E-18
 6523.14248067151  3.980489E-18
 6525.87719841062  6.268318E-18
 6528.61191614972  1.251541E-17
 6531.34663388883  7.810397E-18
 6534.08135162794  4.110573E-18
 6536.81606936705  4.675219E-18
 6539.55078710616  7.928118E-18
 6542.28550484527  7.571437E-18
 6545.02022258438  8.011819E-18
 6547.75494032349  8.474742E-18
 6550.4896580626   9.276496E-18
 6553.22437580171  1.622027E-17
 6555.95909354082  1.976974E-17
 6558.69381127993  2.092715E-17
 6561.42852901903  2.934472E-17
 6564.16324675814  4.983234E-17
 6566.89796449725  6.226964E-17
 6569.63268223636  6.236302E-17
 6572.36739997547  6.508070E-17
 6575.10211771458  7.387047E-17
 6577.83683545369  1.146616E-16
 6580.5715531928   1.522382E-16
 6583.30627093191  1.653602E-16
 6586.04098867102  1.516548E-16
 6588.77570641013  1.154995E-16
 6591.51042414923  8.291566E-17
 6594.24514188834  6.362620E-17
 6596.97985962745  4.245195E-17
 6599.71457736656  3.087997E-17
 6602.44929510567  2.713764E-17
 6605.18401284478  2.603397E-17
 6607.91873058389  1.580022E-17
 6610.653448323    1.253143E-17
 6613.38816606211  1.345321E-17
 6616.12288380122  1.146066E-17
 6618.85760154032  9.675342E-18
 6621.59231927944  6.214501E-18
 6624.32703701854  6.364184E-18
 6627.06175475765  1.070457E-17
 6629.79647249676  8.272617E-18
 6632.53119023587  7.229260E-18
 6635.26590797498  3.899157E-18
 6638.00062571409  6.553101E-18
 6640.7353434532   7.172239E-18
 6643.47006119231  8.331908E-18
 6646.20477893142  8.917655E-18
 6648.93949667053  5.346832E-18
 6651.67421440963  2.262720E-18
 6654.40893214874  6.164657E-18
 6657.14364988785  1.079343E-17
 6659.87836762696  9.191515E-18
 6662.61308536607  4.416484E-18
 6665.34780310518  3.704214E-18
 6668.08252084429  7.324925E-18
 6670.8172385834   8.919522E-18
 6673.55195632251  8.272049E-18
 6676.28667406162  7.058327E-18
 6679.02139180073  5.838243E-18
 6681.75610953984  6.531608E-18
 6684.49082727894  7.382709E-18
 6687.22554501805  4.400309E-18
 6689.96026275716  7.902673E-18
 6692.69498049627  1.002149E-17
 6695.42969823538  4.324526E-18
 6698.16441597449  4.395386E-18
 6700.8991337136   6.095397E-18
 6703.63385145271  4.407048E-18
 6706.36856919182  5.672586E-19
 6709.10328693093  2.603710E-18
 6711.83800467004  1.924131E-18
 6714.57272240914  7.369159E-18
 6717.30744014825  9.326279E-18
 6720.04215788736  6.402863E-18
 6722.77687562647  8.010329E-18
 6725.51159336558  6.445534E-18
 6728.24631110469  8.747510E-18
 6730.9810288438   1.103742E-17
 6733.71574658291  8.892139E-18
 6736.45046432202  7.996460E-18
 6739.18518206113  8.319156E-18
 6741.91989980024  4.881970E-18
 6744.65461753934  8.194594E-18
 6747.38933527845  4.386386E-18
 6750.12405301756  1.648311E-18
 6752.85877075667  5.191509E-18
 6755.59348849578  7.582673E-18
 6758.32820623489  1.044811E-17
 6761.062923974    9.459481E-18
 6763.79764171311  5.000435E-18
 6766.53235945222  2.589600E-18
 6769.26707719133  4.639241E-18
 6772.00179493044  4.735186E-18
 6774.73651266954  4.061001E-18
 6777.47123040865  8.655176E-18
 6780.20594814776  7.377068E-18
 6782.94066588687  4.789915E-18
 6785.67538362598  1.293716E-18
 6788.41010136509  2.952261E-18
 6791.1448191042   2.413160E-18
 6793.87953684331  5.457141E-18
 6796.61425458242  4.325497E-18
 6799.34897232153  6.243351E-18
 6802.08369006063  8.682003E-18
 6804.81840779974  6.513660E-18
 6807.55312553885  2.580726E-18
 6810.28784327796  5.459418E-18
 6813.02256101707  7.875104E-18
 6815.75727875618  3.157227E-18
 6818.49199649529  5.512895E-18
 6821.2267142344   8.967274E-18
 6823.96143197351  4.105249E-18
 6826.69614971262  3.376824E-18
 6829.43086745173  3.538112E-18
 6832.16558519084  1.136131E-18
 6834.90030292994  2.838450E-18
 6837.63502066905  6.966080E-18
 6840.36973840816  5.497595E-18
 6843.10445614727  2.812252E-18
 6845.83917388638  2.439255E-18
 6848.57389162549  4.053205E-18
 6851.3086093646   6.329770E-18
 6854.04332710371  4.200120E-18
 6856.77804484282  2.345861E-18
 6859.51276258193  2.360141E-18
 6862.24748032104  4.133097E-19
 6864.98219806014  2.760572E-18
 6867.71691579925  3.725078E-18
 6870.45163353836  2.128701E-19
 6873.18635127747  2.949752E-18
 6875.92106901658  4.053717E-18
 6878.65578675569  4.227281E-18
 6881.3905044948   6.394883E-18
 6884.12522223391  4.593022E-18
 6886.85993997302  5.365401E-18
 6889.59465771213  6.030352E-18
 6892.32937545124  2.636281E-18
 6895.06409319035  1.615470E-18
 6897.79881092945  4.797750E-18
 6900.53352866856  3.444184E-18
 6903.26824640767  2.512977E-18
 6906.00296414678  6.821317E-18
 6908.73768188589  3.594489E-18
 6911.472399625    5.571941E-18
 6914.20711736411  8.110997E-18
 6916.94183510322  4.659446E-18
 6919.67655284233  4.426674E-18
 6922.41127058144  2.339822E-18
 6925.14598832055  2.218960E-18
 6927.88070605965  3.792633E-19
 6930.61542379876  6.561191E-18
 6933.35014153787  8.574143E-18
 6936.08485927698  2.895772E-18
 6938.81957701609  5.084629E-18
 6941.5542947552   8.294657E-18
 6944.28901249431  6.187605E-18
 6947.02373023342  3.854127E-18
 6949.75844797253  4.501302E-18
 6952.49316571164  6.844363E-18
 6955.22788345075  5.751008E-18
 6957.96260118985  2.206025E-18
 6960.69731892896  2.662289E-18
 6963.43203666807  5.671903E-18
 6966.16675440718  5.598076E-18
 6968.90147214629  7.532876E-18
 6971.6361898854   8.175745E-18
 6974.37090762451  4.308704E-18
 6977.10562536362  6.212248E-18
 6979.84034310273  2.550157E-18
 6982.57506084184  6.862646E-18
 6985.30977858095  6.401839E-18
 6988.04449632006  3.583971E-18
 6990.77921405916  6.417995E-18
 6993.51393179827  6.230319E-18
 6996.24864953738  5.273465E-18
 6998.98336727649  5.372356E-18
 7001.7180850156   6.552319E-18
 7004.45280275471  5.387757E-18
 7007.18752049382  1.849638E-18
 7009.92223823293  6.589626E-18
 7012.65695597204  6.363883E-18
 7015.39167371114  3.571483E-18
 7018.12639145026  6.057530E-18
 7020.86110918936  3.707051E-18
 7023.59582692847  -9.575134E-21
 7026.33054466758  4.616311E-18
 7029.06526240669  5.213694E-18
 7031.7999801458   1.368302E-18
 7034.53469788491  2.184767E-18
 7037.26941562402  1.659337E-18
 7040.00413336313  4.947691E-18
 7042.73885110224  7.237578E-18
 7045.47356884135  4.905286E-18
 7048.20828658045  7.060298E-18
 7050.94300431956  7.895510E-18
 7053.67772205867  7.713869E-18
 7056.41243979778  4.939350E-18
 7059.14715753689  2.462076E-18
 7061.881875276    5.039600E-18
 7064.61659301511  6.238245E-18
 7067.35131075422  2.621210E-18
 7070.08602849333  5.778877E-18
 7072.82074623244  4.732738E-18
 7075.55546397155  6.752178E-18
 7078.29018171066  8.241333E-18
 7081.02489944976  6.489736E-18
 7083.75961718887  7.163847E-18
 7086.49433492798  5.963949E-18
 7089.22905266709  5.376893E-18
 7091.9637704062   5.634922E-18
 7094.69848814531  4.487024E-18
 7097.43320588442  4.333595E-18
 7100.16792362353  4.009666E-18
 7102.90264136264  2.834768E-18
 7105.63735910174  2.218324E-18
 7108.37207684085  4.488846E-18
 7111.10679457996  5.484994E-18
 7113.84151231907  2.886054E-18
 7116.57623005818  2.223661E-18
 7119.31094779729  4.605177E-18
 7122.0456655364   8.020513E-18
 7124.78038327551  5.422989E-18
 7127.51510101462  3.278203E-18
 7130.24981875373  3.079064E-18
 7132.98453649284  1.048773E-18
 7135.71925423195  6.274033E-18
 7138.45397197106  7.000540E-18
 7141.18868971016  7.241386E-18
 7143.92340744927  4.135653E-18
 7146.65812518838  6.593996E-18
 7149.39284292749  3.405798E-18
 7152.1275606666   1.104034E-18
 7154.86227840571  3.419455E-18
 7157.59699614482  6.439519E-18
 7160.33171388393  8.806693E-18
 7163.06643162304  8.397997E-18
 7165.80114936215  8.170768E-18
 7168.53586710126  5.295617E-18
 7171.27058484037  2.944141E-18
 7174.00530257947  5.739745E-18
 7176.74002031858  4.244163E-18
 7179.47473805769  1.547597E-18
 7182.2094557968   7.427426E-18
 7184.94417353591  5.215491E-18
 7187.67889127502  2.570393E-18
 7190.41360901413  6.670883E-18
 7193.14832675324  2.692494E-18
 7195.88304449235  3.414537E-18
 7198.61776223146  4.438872E-18
 7201.35247997056  3.625325E-18
 7204.08719770967  5.645566E-18
 7206.82191544878  5.245774E-18
 7209.55663318789  5.177730E-18
 7212.291350927    4.878307E-18
 7215.02606866611  5.206288E-18
 7217.76078640522  2.446568E-18
 7220.49550414433  5.835999E-18
 7223.23022188344  1.107645E-17
 7225.96493962255  3.947176E-18
 7228.69965736166  3.809599E-18
 7231.43437510076  3.469266E-18
 7234.16909283987  4.772960E-18
 7236.90381057898  3.186112E-18
 7239.63852831809  3.732393E-18
 7242.3732460572   8.574589E-18
 7245.10796379631  6.460408E-18
 7247.84268153542  2.314646E-18
 7250.57739927453  6.715926E-18
 7253.31211701364  9.447552E-18
 7256.04683475275  5.422515E-18
 7258.78155249186  4.126156E-18
 7261.51627023097  6.059105E-18
 7264.25098797008  7.404305E-18
 7266.98570570918  7.291048E-18
 7269.72042344829  5.712789E-18
 7272.4551411874   3.084481E-18
 7275.18985892651  1.613902E-18
 7277.92457666562  4.704048E-18
 7280.65929440473  5.118614E-18
 7283.39401214384  8.114476E-18
 7286.12872988295  5.086619E-18
 7288.86344762206  3.432262E-18
 7291.59816536116  4.050854E-18
 7294.33288310027  2.984334E-18
 7297.06760083938  1.531537E-18
 7299.80231857849  7.010513E-18
 7302.5370363176   -5.991146E-19
 7305.27175405671  6.396076E-18
 7308.00647179582  4.196652E-18
 7310.74118953493  7.721166E-18
 7313.47590727404  1.277335E-17
 7316.21062501315  1.441538E-17
 7318.94534275226  1.069508E-17
 7321.68006049137  4.102687E-18
 7324.41477823047  1.145000E-18
 7327.14949596958  -7.425133E-19
 7329.88421370869  1.712681E-20
 7332.6189314478   7.178225E-18
 7335.35364918691  8.342033E-18
 7338.08836692602  4.411629E-18
 7340.82308466513  4.821831E-18
 7343.55780240424  5.854600E-18
 7346.29252014335  5.983979E-18
 7349.02723788246  5.024654E-18
 7351.76195562157  6.497380E-18
 7354.49667336067  -3.927758E-18
 7357.23139109978  2.412858E-18
 7359.96610883889  3.191228E-18
 7362.700826578    9.169481E-18
 7365.43554431711  -3.470108E-18
 7368.17026205622  1.654204E-18
 7370.90497979533  7.284933E-18
 7373.63969753444  3.786467E-18
 7376.37441527355  1.934144E-18
 7379.10913301266  4.787216E-18
 7381.84385075176  6.271497E-18
 7384.57856849088  4.943507E-18
 7387.31328622998  3.276679E-18
 7390.04800396909  2.946815E-18
 7392.7827217082   1.879839E-18
 7395.51743944731  4.500804E-18
 7398.25215718642  5.492014E-18
 7400.98687492553  5.172584E-18
 7403.72159266464  7.238441E-18
 7406.45631040375  2.578111E-18
 7409.19102814286  -1.070855E-18
 7411.92574588196  4.383717E-18
 7414.66046362107  7.509673E-18
 7417.39518136018  8.007706E-18
 7420.12989909929  4.601012E-18
 7422.8646168384   3.192514E-18
 7425.59933457751  8.664099E-18
 7428.33405231662  3.006537E-18
 7431.06877005573  6.643377E-18
 7433.80348779484  6.815173E-18
 7436.53820553395  4.933505E-18
 7439.27292327306  8.713222E-18
 7442.00764101217  5.995312E-18
 7444.74235875128  4.201771E-18
 7447.47707649038  4.432846E-18
 7450.21179422949  4.653235E-18
 7452.9465119686   6.926690E-18
 7455.68122970771  5.591282E-18
 7458.41594744682  5.096943E-18
 7461.15066518593  2.999155E-18
 7463.88538292504  3.748102E-18
 7466.62010066415  5.769084E-18
 7469.35481840326  5.352028E-18
 7472.08953614237  4.190809E-18
 7474.82425388148  7.976806E-18
 7477.55897162058  1.288151E-17
 7480.29368935969  1.064781E-17
 7483.0284070988   5.484335E-18
 7485.76312483791  2.954908E-18
 7488.49784257702  5.589516E-18
 7491.23256031613  8.823955E-19
 7493.96727805524  3.827544E-18
 7496.70199579435  2.086733E-18
 7499.43671353346  5.378581E-18
 7502.17143127257  5.077730E-18
 7504.90614901167  7.440061E-18
 7507.64086675078  4.992607E-18
 7510.37558448989  4.204763E-18
 7513.110302229    6.571152E-18
 7515.84501996811  6.808236E-18
 7518.57973770722  2.521145E-18
 7521.31445544633  6.687810E-18
 7524.04917318544  5.973377E-18
 7526.78389092455  8.735958E-18
 7529.51860866366  5.265923E-18
 7532.25332640277  5.669207E-19
 7534.98804414188  4.674631E-18
 7537.72276188098  6.380955E-18
 7540.45747962009  5.506094E-18
 7543.1921973592   6.416428E-18
 7545.92691509831  4.608446E-18
 7548.66163283742  7.003033E-18
 7551.39635057653  1.176218E-17
 7554.13106831564  4.839319E-18
 7556.86578605475  3.116874E-18
 7559.60050379386  3.771281E-18
 7562.33522153297  5.362357E-18
 7565.06993927208  1.181135E-18
 7567.80465701118  2.970605E-18
 7570.53937475029  -3.567065E-19
 7573.2740924894   4.987585E-18
 7576.00881022851  -6.678148E-20
 7578.74352796762  9.405933E-18
 7581.47824570673  9.354686E-18
 7584.21296344584  5.819303E-18
 7586.94768118495  4.313631E-18
 7589.68239892406  1.457401E-18
 7592.41711666317  4.359519E-18
 7595.15183440228  5.160844E-18
 7597.88655214138  6.648727E-18
 7600.62126988049  7.122419E-18
 7603.3559876196   6.397483E-18
 7606.09070535871  5.672547E-18
 7608.82542309782  4.947742E-18
 7611.56014083693  4.222806E-18
 7614.29485857604  3.497871E-18
 7617.02957631515  2.772935E-18
 7619.76429405426  2.048129E-18
 7622.49901179337  1.323193E-18
 7625.23372953248  7.300786E-19
 7627.96844727159  6.331524E-18
 7630.70316501069  3.400303E-18
 7633.4378827498   3.401393E-18
 7636.17260048891  7.615477E-18
 7638.90731822802  5.022682E-18
 7641.64203596713  2.860810E-18
 7644.37675370624  3.306008E-18
 7647.11147144535  7.904213E-18
 7649.84618918446  7.421498E-18
 7652.58090692357  6.938781E-18
 7655.31562466268  6.456152E-18
 7658.05034240178  5.973436E-18
 7660.78506014089  5.490720E-18
 7663.51977788     5.008004E-18
 7666.25449561911  4.525374E-18
 7668.98921335822  4.158496E-18
 7671.72393109733  3.535982E-18
 7674.45864883644  6.390747E-18
 7677.19336657555  5.129941E-18
 7679.92808431466  5.090881E-18
 7682.66280205377  3.078059E-18
 7685.39751979288  4.512624E-18
 7688.13223753199  5.547350E-18
 7690.86695527109  2.074811E-18
 7693.6016730102   3.958678E-18
 7696.33639074931  2.575796E-18
 7699.07110848842  4.317784E-19
 7701.80582622753  -4.990112E-19
 7704.54054396664  4.669643E-18
 7707.27526170575  6.073078E-18
 7710.00997944486  6.723712E-18
 7712.74469718397  7.374462E-18
 7715.47941492308  8.025213E-18
 7718.21413266219  8.675962E-18
 7720.9488504013   7.513918E-18
 7723.6835681404   5.600358E-18
 7726.41828587951  6.366403E-18
 7729.15300361862  9.965176E-18
 7731.88772135773  1.077727E-17
 7734.62243909684  6.233207E-18
 7737.35715683595  2.517932E-18
 7740.09187457506  1.207968E-18
 7742.82659231417  1.166617E-18
 7745.56131005328  4.230500E-18
 7748.29602779239  4.263446E-18
 7751.03074553149  5.606843E-18
 7753.7654632706   7.761845E-18
 7756.50018100971  8.871854E-18
 7759.23489874882  7.373700E-18
 7761.96961648793  7.187282E-18
 7764.70433422704  1.367233E-18
 7767.43905196615  -1.075096E-18
 7770.17376970526  4.219269E-18
 7772.90848744437  2.668377E-18
 7775.64320518348  6.485991E-18
 7778.37792292259  8.753650E-18
 7781.11264066169  8.201516E-18
 7783.8473584008   6.706712E-18
 7786.58207613991  4.098205E-18
 7789.31679387902  4.979293E-18
 7792.05151161813  3.663224E-18
 7794.78622935724  7.347027E-20
 7797.52094709635  5.989985E-18
 7800.25566483546  1.051154E-17
 7802.99038257457  7.204125E-18
 7805.72510031368  7.057625E-18
 7808.45981805279  1.957012E-18
 7811.19453579189  6.298051E-18
 7813.929253531    3.697886E-18
 7816.66397127011  4.396185E-18
 7819.39868900922  7.126284E-18
 7822.13340674833  5.669542E-19
 7824.86812448744  4.248639E-18
 7827.60284222655  3.702196E-18
 7830.33755996566  2.200900E-18
 7833.07227770477  3.906785E-18
 7835.80699544388  4.787991E-18
 7838.54171318299  4.700274E-18
 7841.2764309221   3.660770E-18
 7844.0111486612   5.866691E-20
 7846.74586640031  4.703885E-18
 7849.48058413942  3.814875E-18
 7852.21530187853  -3.188275E-18
 7854.95001961764  2.834775E-18
 7857.68473735675  1.089156E-17
 7860.41945509586  1.095253E-17
 7863.15417283497  6.402053E-18
 7865.88889057408  5.071211E-18
 7868.62360831318  8.576838E-18
 7871.35832605229  7.072347E-18
 7874.09304379141  2.626687E-18
 7876.82776153051  8.622499E-19
 7879.56247926962  -2.435205E-18
 7882.29719700873  -1.424208E-18
 7885.03191474784  4.944091E-18
 7887.76663248695  2.148776E-18
 7890.50135022606  2.035143E-18
 7893.23606796517  4.055609E-18
 7895.97078570428  7.569742E-18
 7898.70550344339  6.679501E-18
 7901.44022118249  3.896480E-18
 7904.1749389216   9.886264E-18
 7906.90965666071  1.123000E-17
 7909.64437439982  4.888904E-18
 7912.37909213893  4.588807E-18
 7915.11380987804  6.215094E-18
 7917.84852761715  4.483957E-18
 7920.58324535626  4.709908E-18
 7923.31796309537  5.419442E-18
 7926.05268083448  3.017447E-18
 7928.78739857359  4.958265E-18
 7931.5221163127   1.887355E-18
 7934.2568340518   3.120922E-18
 7936.99155179091  9.346190E-19
 7939.72626953002  2.816411E-18
 7942.46098726913  1.393071E-20
 7945.19570500824  2.865343E-18
 7947.93042274735  2.223609E-18
 7950.66514048646  2.946985E-18
 7953.39985822557  4.879795E-19
 7956.13457596468  5.689134E-20
 7958.86929370379  4.508644E-18
 7961.6040114429   6.410373E-18
 7964.33872918201  3.415214E-18
 7967.07344692111  6.337382E-18
 7969.80816466022  8.757006E-18
 7972.54288239933  2.511600E-18
 7975.27760013844  2.399852E-18
 7978.01231787755  7.319464E-18
 7980.74703561666  7.947534E-18
 7983.48175335577  4.526860E-18
 7986.21647109488  3.056774E-18
 7988.95118883399  6.035079E-18
 7991.6859065731   5.644061E-18
 7994.4206243122   5.803268E-18
 7997.15534205131  2.255035E-18
 7999.89005979042  6.494908E-18
 8002.62477752953  2.019464E-18
 8005.35949526864  -1.508813E-18
 8008.09421300775  4.842899E-18
 8010.82893074686  6.859053E-18
 8013.56364848597  5.305680E-18
 8016.29836622508  5.187502E-18
 8019.03308396419  1.548110E-18
 8021.7678017033   7.198192E-21
 8024.5025194424   5.131192E-18
 8027.23723718151  5.078007E-18
 8029.97195492062  2.661543E-18
 8032.70667265973  6.019620E-18
 8035.44139039884  3.797246E-18
 8038.17610813795  1.134624E-18
 8040.91082587706  5.788155E-18
 8043.64554361617  7.293922E-18
 8046.38026135528  -8.360935E-19
 8049.11497909439  2.902749E-18
