 3352.8500976562   2.075422E-16
 3356.93098538689  1.727615E-16
 3361.01187311757  2.464826E-16
 3365.09276084825  1.897160E-16
 3369.17364857893  2.180028E-16
 3373.25453630962  2.477610E-16
 3377.3354240403   2.217065E-16
 3381.41631177098  2.010729E-16
 3385.49719950166  2.476955E-16
 3389.57808723234  2.394899E-16
 3393.65897496303  2.458968E-16
 3397.73986269371  2.338924E-16
 3401.82075042439  2.553895E-16
 3405.90163815507  2.642348E-16
 3409.98252588575  2.420627E-16
 3414.06341361644  2.222799E-16
 3418.14430134712  2.321403E-16
 3422.2251890778   2.791014E-16
 3426.30607680848  2.592026E-16
 3430.38696453917  2.677396E-16
 3434.46785226985  3.120728E-16
 3438.54874000053  3.206625E-16
 3442.62962773121  3.089732E-16
 3446.71051546189  2.957737E-16
 3450.79140319258  2.635042E-16
 3454.87229092326  2.683545E-16
 3458.95317865394  2.322932E-16
 3463.03406638462  2.347551E-16
 3467.11495411531  2.504802E-16
 3471.19584184599  3.022943E-16
 3475.27672957667  2.600739E-16
 3479.35761730735  2.830121E-16
 3483.43850503804  3.253893E-16
 3487.51939276872  2.629742E-16
 3491.6002804994   2.620864E-16
 3495.68116823008  2.335774E-16
 3499.76205596076  2.484348E-16
 3503.84294369145  2.729167E-16
 3507.92383142213  2.861485E-16
 3512.00471915281  2.764664E-16
 3516.08560688349  2.624391E-16
 3520.16649461417  2.856744E-16
 3524.24738234486  2.898773E-16
 3528.32827007554  2.778578E-16
 3532.40915780622  2.637179E-16
 3536.4900455369   2.890205E-16
 3540.57093326759  2.813187E-16
 3544.65182099827  2.747956E-16
 3548.73270872895  3.036333E-16
 3552.81359645963  2.953494E-16
 3556.89448419031  2.339418E-16
 3560.975371921    2.599879E-16
 3565.05625965168  2.784840E-16
 3569.13714738236  2.629001E-16
 3573.21803511304  2.588161E-16
 3577.29892284373  2.682532E-16
 3581.37981057441  2.397546E-16
 3585.46069830509  2.641270E-16
 3589.54158603577  2.703047E-16
 3593.62247376645  2.625681E-16
 3597.70336149714  2.745834E-16
 3601.78424922782  2.777683E-16
 3605.8651369585   2.681193E-16
 3609.94602468918  2.764752E-16
 3614.02691241987  3.044299E-16
 3618.10780015055  3.117941E-16
 3622.18868788123  2.755062E-16
 3626.26957561191  2.642965E-16
 3630.35046334259  2.979878E-16
 3634.43135107328  2.914382E-16
 3638.51223880396  2.817357E-16
 3642.59312653464  2.860636E-16
 3646.67401426532  3.180948E-16
 3650.75490199601  3.423862E-16
 3654.83578972669  2.874937E-16
 3658.91667745737  2.870534E-16
 3662.99756518805  3.059430E-16
 3667.07845291873  3.046757E-16
 3671.15934064942  2.983322E-16
 3675.2402283801   3.187255E-16
 3679.32111611078  3.338601E-16
 3683.40200384146  3.125524E-16
 3687.48289157215  3.308590E-16
 3691.56377930283  3.396355E-16
 3695.64466703351  3.473826E-16
 3699.72555476419  3.324126E-16
 3703.80644249487  3.344253E-16
 3707.88733022556  3.500659E-16
 3711.96821795624  3.539706E-16
 3716.04910568692  3.509523E-16
 3720.1299934176   3.749239E-16
 3724.21088114829  3.529787E-16
 3728.29176887897  3.312193E-16
 3732.37265660965  3.516316E-16
 3736.45354434033  3.527777E-16
 3740.53443207101  3.473153E-16
 3744.6153198017   3.474322E-16
 3748.69620753238  3.527263E-16
 3752.77709526306  3.619294E-16
 3756.85798299374  3.501872E-16
 3760.93887072443  3.508770E-16
 3765.01975845511  3.384046E-16
 3769.10064618579  3.385765E-16
 3773.18153391647  3.388481E-16
 3777.26242164715  3.351312E-16
 3781.34330937784  3.505802E-16
 3785.42419710852  3.409483E-16
 3789.5050848392   3.306402E-16
 3793.58597256988  3.679826E-16
 3797.66686030056  3.717148E-16
 3801.74774803125  3.732005E-16
 3805.82863576193  3.913157E-16
 3809.90952349261  3.681107E-16
 3813.99041122329  3.772403E-16
 3818.07129895398  3.799815E-16
 3822.15218668466  3.851410E-16
 3826.23307441534  3.819660E-16
 3830.31396214602  3.821962E-16
 3834.3948498767   3.887332E-16
 3838.47573760739  3.775617E-16
 3842.55662533807  3.689670E-16
 3846.63751306875  3.758793E-16
 3850.71840079943  3.723767E-16
 3854.79928853012  3.857666E-16
 3858.8801762608   3.763373E-16
 3862.96106399148  3.745302E-16
 3867.04195172216  3.716141E-16
 3871.12283945284  3.836521E-16
 3875.20372718353  3.815103E-16
 3879.28461491421  3.920814E-16
 3883.36550264489  3.948814E-16
 3887.44639037557  3.843356E-16
 3891.52727810626  3.921619E-16
 3895.60816583694  3.903224E-16
 3899.68905356762  3.832590E-16
 3903.7699412983   3.895490E-16
 3907.85082902899  3.903688E-16
 3911.93171675967  3.760049E-16
 3916.01260449035  4.045682E-16
 3920.09349222103  3.830757E-16
 3924.17437995171  3.755074E-16
 3928.2552676824   3.791551E-16
 3932.33615541308  3.755158E-16
 3936.41704314376  3.669683E-16
 3940.49793087444  3.423636E-16
 3944.57881860512  2.884069E-16
 3948.65970633581  2.680375E-16
 3952.74059406649  2.344110E-16
 3956.82148179717  2.301777E-16
 3960.90236952785  2.671668E-16
 3964.98325725854  3.003762E-16
 3969.06414498922  3.501515E-16
 3973.1450327199   3.854496E-16
 3977.22592045058  3.790328E-16
 3981.30680818127  3.460566E-16
 3985.38769591195  2.956772E-16
 3989.46858364263  2.762211E-16
 3993.54947137331  2.868092E-16
 3997.63035910399  2.995480E-16
 4001.71124683468  3.533221E-16
 4005.79213456536  3.855038E-16
 4009.87302229604  3.891440E-16
 4013.95391002672  3.821829E-16
 4018.0347977574   3.868862E-16
 4022.11568548809  3.817154E-16
 4026.19657321877  3.818082E-16
 4030.27746094945  3.858895E-16
 4034.35834868013  3.844919E-16
 4038.43923641082  3.917903E-16
 4042.5201241415   3.904857E-16
 4046.60101187218  3.910514E-16
 4050.68189960286  3.865611E-16
 4054.76278733354  3.832419E-16
 4058.84367506423  3.744211E-16
 4062.92456279491  3.785900E-16
 4067.00545052559  3.749220E-16
 4071.08633825627  3.711282E-16
 4075.16722598695  3.837602E-16
 4079.24811371764  3.948573E-16
 4083.32900144832  3.917300E-16
 4087.409889179    3.909387E-16
 4091.49077690969  3.675780E-16
 4095.57166464037  3.621815E-16
 4099.65255237105  3.821750E-16
 4103.73344010173  3.849526E-16
 4107.81432783241  3.967139E-16
 4111.8952155631   4.137587E-16
 4115.97610329378  4.208603E-16
 4120.05699102446  4.359798E-16
 4124.13787875514  4.454601E-16
 4128.21876648582  4.427805E-16
 4132.29965421651  4.405140E-16
 4136.38054194719  4.340007E-16
 4140.46142967787  4.079629E-16
 4144.54231740855  3.862188E-16
 4148.62320513924  3.955647E-16
 4152.70409286992  3.913107E-16
 4156.7849806006   3.791032E-16
 4160.86586833128  3.910825E-16
 4164.94675606196  3.844759E-16
 4169.02764379265  3.780684E-16
 4173.10853152333  3.849650E-16
 4177.18941925401  3.853843E-16
 4181.27030698469  3.674339E-16
 4185.35119471538  3.750900E-16
 4189.43208244606  3.785899E-16
 4193.51297017674  3.791582E-16
 4197.59385790742  3.705591E-16
 4201.6747456381   3.871901E-16
 4205.75563336879  3.800778E-16
 4209.83652109947  3.709868E-16
 4213.91740883015  3.823581E-16
 4217.99829656083  3.989429E-16
 4222.07918429152  3.870914E-16
 4226.1600720222   3.735702E-16
 4230.24095975288  3.754141E-16
 4234.32184748356  3.669978E-16
 4238.40273521425  3.628100E-16
 4242.48362294493  3.762796E-16
 4246.56451067561  3.547850E-16
 4250.64539840629  3.828796E-16
 4254.72628613697  3.864943E-16
 4258.80717386766  3.763429E-16
 4262.88806159834  3.783516E-16
 4266.96894932902  3.927208E-16
 4271.0498370597   4.038138E-16
 4275.13072479038  4.044975E-16
 4279.21161252107  3.886168E-16
 4283.29250025175  3.840426E-16
 4287.37338798243  3.956322E-16
 4291.45427571311  3.938248E-16
 4295.5351634438   3.844175E-16
 4299.61605117448  3.832568E-16
 4303.69693890516  4.008109E-16
 4307.77782663584  4.007472E-16
 4311.85871436652  3.985418E-16
 4315.93960209721  3.855855E-16
 4320.02048982789  3.847981E-16
 4324.10137755857  3.868218E-16
 4328.18226528925  3.949007E-16
 4332.26315301994  3.949926E-16
 4336.34404075062  3.914610E-16
 4340.4249284813   3.934612E-16
 4344.50581621198  4.014808E-16
 4348.58670394266  4.077462E-16
 4352.66759167335  4.183922E-16
 4356.74847940403  4.377860E-16
 4360.82936713471  4.510798E-16
 4364.91025486539  4.737559E-16
 4368.99114259607  4.737037E-16
 4373.07203032676  4.661058E-16
 4377.15291805744  4.602861E-16
 4381.23380578812  4.412155E-16
 4385.3146935188   4.236915E-16
 4389.39558124949  4.172729E-16
 4393.47646898017  4.185533E-16
 4397.55735671085  4.048144E-16
 4401.63824444153  3.845460E-16
 4405.71913217222  3.830805E-16
 4409.8000199029   3.985856E-16
 4413.88090763358  3.883382E-16
 4417.96179536426  3.871891E-16
 4422.04268309495  3.754046E-16
 4426.12357082563  3.830416E-16
 4430.20445855631  3.834809E-16
 4434.28534628699  3.828658E-16
 4438.36623401767  3.750971E-16
 4442.44712174836  3.874477E-16
 4446.52800947904  3.866707E-16
 4450.60889720972  3.833321E-16
 4454.6897849404   3.807118E-16
 4458.77067267108  3.672968E-16
 4462.85156040177  3.646706E-16
 4466.93244813245  3.745329E-16
 4471.01333586313  3.775139E-16
 4475.09422359381  3.795825E-16
 4479.1751113245   3.900330E-16
 4483.25599905518  3.780569E-16
 4487.33688678586  3.939197E-16
 4491.41777451654  3.799113E-16
 4495.49866224722  3.782715E-16
 4499.57954997791  3.814780E-16
 4503.66043770859  3.749988E-16
 4507.74132543927  3.830376E-16
 4511.82221316995  3.801469E-16
 4515.90310090064  3.752614E-16
 4519.98398863132  3.908604E-16
 4524.064876362    3.989193E-16
 4528.14576409268  3.917916E-16
 4532.22665182336  3.949431E-16
 4536.30753955405  4.008032E-16
 4540.38842728473  3.987936E-16
 4544.46931501541  4.031276E-16
 4548.55020274609  3.950084E-16
 4552.63109047678  3.965658E-16
 4556.71197820746  3.936286E-16
 4560.79286593814  4.012364E-16
 4564.87375366882  3.984740E-16
 4568.9546413995   3.917436E-16
 4573.03552913019  3.961628E-16
 4577.11641686087  3.991597E-16
 4581.19730459155  3.919566E-16
 4585.27819232223  3.833031E-16
 4589.35908005291  3.955219E-16
 4593.4399677836   3.910541E-16
 4597.52085551428  3.918994E-16
 4601.60174324496  3.967859E-16
 4605.68263097564  3.983711E-16
 4609.76351870633  3.990279E-16
 4613.84440643701  3.938033E-16
 4617.92529416769  3.892512E-16
 4622.00618189837  3.844464E-16
 4626.08706962906  3.848721E-16
 4630.16795735974  3.746427E-16
 4634.24884509042  3.840023E-16
 4638.3297328211   3.821753E-16
 4642.41062055178  3.732467E-16
 4646.49150828247  3.793158E-16
 4650.57239601315  3.694831E-16
 4654.65328374383  3.763333E-16
 4658.73417147451  3.808216E-16
 4662.8150592052   3.800935E-16
 4666.89594693588  3.767036E-16
 4670.97683466656  3.749511E-16
 4675.05772239724  3.761932E-16
 4679.13861012792  3.583943E-16
 4683.21949785861  3.544453E-16
 4687.30038558929  3.636132E-16
 4691.38127331997  3.580030E-16
 4695.46216105065  3.549136E-16
 4699.54304878133  3.542687E-16
 4703.62393651202  3.488638E-16
 4707.7048242427   3.533001E-16
 4711.78571197338  3.616988E-16
 4715.86659970406  3.521138E-16
 4719.94748743475  3.413267E-16
 4724.02837516543  3.441548E-16
 4728.10926289611  3.463311E-16
 4732.19015062679  3.430105E-16
 4736.27103835747  3.536240E-16
 4740.35192608816  3.583287E-16
 4744.43281381884  3.475507E-16
 4748.51370154952  3.454801E-16
 4752.5945892802   3.550055E-16
 4756.67547701089  3.615960E-16
 4760.75636474157  3.527755E-16
 4764.83725247225  3.422446E-16
 4768.91814020293  3.422884E-16
 4772.99902793361  3.494460E-16
 4777.0799156643   3.540764E-16
 4781.16080339498  3.463406E-16
 4785.24169112566  3.535936E-16
 4789.32257885634  3.490784E-16
 4793.40346658703  3.584008E-16
 4797.48435431771  3.584607E-16
 4801.56524204839  3.568500E-16
 4805.64612977907  3.613804E-16
 4809.72701750976  3.583543E-16
 4813.80790524044  3.575624E-16
 4817.88879297112  3.587267E-16
 4821.9696807018   3.592221E-16
 4826.05056843248  3.602832E-16
 4830.13145616317  3.572686E-16
 4834.21234389385  3.674505E-16
 4838.29323162453  3.511955E-16
 4842.37411935521  3.405412E-16
 4846.4550070859   3.721686E-16
 4850.53589481658  3.787901E-16
 4854.61678254726  3.858629E-16
 4858.69767027794  3.880600E-16
 4862.77855800862  3.898659E-16
 4866.85944573931  4.072422E-16
 4870.94033346999  4.273706E-16
 4875.02122120067  4.681588E-16
 4879.10210893135  5.032327E-16
 4883.18299666203  5.360708E-16
 4887.26388439272  5.754796E-16
 4891.3447721234   5.913967E-16
 4895.42565985408  5.781875E-16
 4899.50654758476  5.228085E-16
 4903.58743531545  4.618977E-16
 4907.66832304613  4.330344E-16
 4911.74921077681  4.007386E-16
 4915.83009850749  3.908388E-16
 4919.91098623817  3.745181E-16
 4923.99187396886  3.705966E-16
 4928.07276169954  3.717385E-16
 4932.15364943022  3.688948E-16
 4936.2345371609   3.558082E-16
 4940.31542489158  3.518113E-16
 4944.39631262227  3.505830E-16
 4948.47720035295  3.652795E-16
 4952.55808808363  3.660463E-16
 4956.63897581431  3.565235E-16
 4960.719863545    3.572838E-16
 4964.80075127568  3.542337E-16
 4968.88163900636  3.424755E-16
 4972.96252673704  3.459835E-16
 4977.04341446773  3.456110E-16
 4981.12430219841  3.372618E-16
 4985.20518992909  3.487124E-16
 4989.28607765977  3.352519E-16
 4993.36696539045  3.370235E-16
 4997.44785312114  3.399097E-16
 5001.52874085182  3.365627E-16
 5005.6096285825   3.556632E-16
 5009.69051631318  3.529410E-16
 5013.77140404387  3.536001E-16
 5017.85229177455  3.575382E-16
 5021.93317950523  3.522482E-16
 5026.01406723591  3.643323E-16
 5030.0949549666   3.571729E-16
 5034.17584269728  3.599134E-16
 5038.25673042796  3.616068E-16
 5042.33761815864  3.571350E-16
 5046.41850588932  3.540914E-16
 5050.49939362001  3.494862E-16
 5054.58028135069  3.487841E-16
 5058.66116908137  3.419355E-16
 5062.74205681205  3.409820E-16
 5066.82294454273  3.402465E-16
 5070.90383227342  3.373302E-16
 5074.9847200041   3.292678E-16
 5079.06560773478  3.425020E-16
 5083.14649546546  3.343660E-16
 5087.22738319615  3.221459E-16
 5091.30827092683  3.307069E-16
 5095.38915865751  3.319384E-16
 5099.47004638819  3.299662E-16
 5103.55093411888  3.355070E-16
 5107.63182184956  3.397889E-16
 5111.71270958024  3.307263E-16
 5115.79359731092  3.302348E-16
 5119.8744850416   3.292390E-16
 5123.95537277228  3.276359E-16
 5128.03626050297  3.392227E-16
 5132.11714823365  3.606271E-16
 5136.19803596433  3.494532E-16
 5140.27892369501  3.283940E-16
 5144.3598114257   3.433411E-16
 5148.44069915638  3.432121E-16
 5152.52158688706  3.563406E-16
 5156.60247461774  3.639363E-16
 5160.68336234843  3.583212E-16
 5164.76425007911  3.541158E-16
 5168.84513780979  3.501561E-16
 5172.92602554047  3.606428E-16
 5177.00691327116  3.695811E-16
 5181.08780100184  3.820556E-16
 5185.16868873252  3.783430E-16
 5189.2495764632   3.793764E-16
 5193.33046419388  3.791356E-16
 5197.41135192457  3.769071E-16
 5201.49223965525  3.723570E-16
 5205.57312738593  3.755541E-16
 5209.65401511661  3.707392E-16
 5213.73490284729  3.606324E-16
 5217.81579057798  3.551477E-16
 5221.89667830866  3.592206E-16
 5225.97756603934  3.689067E-16
 5230.05845377002  3.600228E-16
 5234.13934150071  3.506486E-16
 5238.22022923139  3.489415E-16
 5242.30111696207  3.490812E-16
 5246.38200469275  3.450671E-16
 5250.46289242343  3.500855E-16
 5254.54378015412  3.610657E-16
 5258.6246678848   3.665609E-16
 5262.70555561548  3.700319E-16
 5266.78644334616  3.631060E-16
 5270.86733107685  3.630794E-16
 5274.94821880753  3.672710E-16
 5279.02910653821  3.611722E-16
 5283.10999426889  3.631137E-16
 5287.19088199958  3.680298E-16
 5291.27176973026  3.712756E-16
 5295.35265746094  3.719667E-16
 5299.43354519162  3.726760E-16
 5303.5144329223   3.787795E-16
 5307.59532065299  3.705743E-16
 5311.67620838367  3.641860E-16
 5315.75709611435  3.624390E-16
 5319.83798384503  3.525093E-16
 5323.91887157571  3.393540E-16
 5327.9997593064   3.434430E-16
 5332.08064703708  3.438703E-16
 5336.16153476776  3.459805E-16
 5340.24242249844  3.539078E-16
 5344.32331022913  3.624813E-16
 5348.40419795981  3.627650E-16
 5352.48508569049  3.593594E-16
 5356.56597342117  3.526228E-16
 5360.64686115185  3.470766E-16
 5364.72774888254  3.534089E-16
 5368.80863661322  3.534953E-16
 5372.8895243439   3.442651E-16
 5376.97041207458  3.363267E-16
 5381.05129980527  3.423009E-16
 5385.13218753595  3.508480E-16
 5389.21307526663  3.394379E-16
 5393.29396299731  3.355928E-16
 5397.37485072799  3.406565E-16
 5401.45573845868  3.327774E-16
 5405.53662618936  3.340872E-16
 5409.61751392004  3.352329E-16
 5413.69840165072  3.344358E-16
 5417.77928938141  3.341029E-16
 5421.86017711209  3.255787E-16
 5425.94106484277  3.268566E-16
 5430.02195257345  3.351816E-16
 5434.10284030413  3.275244E-16
 5438.18372803482  3.343726E-16
 5442.2646157655   3.463538E-16
 5446.34550349618  3.433747E-16
 5450.42639122686  3.418690E-16
 5454.50727895755  3.531676E-16
 5458.58816668823  3.506695E-16
 5462.66905441891  3.438083E-16
 5466.74994214959  3.377899E-16
 5470.83082988027  3.340074E-16
 5474.91171761096  3.295449E-16
 5478.99260534164  3.227595E-16
 5483.07349307232  3.196733E-16
 5487.154380803    3.260138E-16
 5491.23526853369  3.283874E-16
 5495.31615626437  3.167593E-16
 5499.39704399505  3.209651E-16
 5503.47793172573  3.184871E-16
 5507.55881945641  3.227641E-16
 5511.6397071871   3.195040E-16
 5515.72059491778  3.126439E-16
 5519.80148264846  3.133716E-16
 5523.88237037914  3.232900E-16
 5527.96325810983  3.280109E-16
 5532.04414584051  3.321688E-16
 5536.12503357119  3.309024E-16
 5540.20592130187  3.256887E-16
 5544.28680903255  3.335285E-16
 5548.36769676324  3.242597E-16
 5552.44858449392  3.326338E-16
 5556.5294722246   3.370772E-16
 5560.61035995528  3.376066E-16
 5564.69124768597  3.407916E-16
 5568.77213541665  3.497889E-16
 5572.85302314733  3.427681E-16
 5576.93391087801  3.222722E-16
 5581.01479860869  3.100485E-16
 5585.09568633938  3.016261E-16
 5589.17657407006  3.089926E-16
 5593.25746180074  3.156928E-16
 5597.33834953142  3.110370E-16
 5601.41923726211  3.109835E-16
 5605.50012499279  3.170504E-16
 5609.58101272347  3.181178E-16
 5613.66190045415  3.111859E-16
 5617.74278818483  3.092346E-16
 5621.82367591552  3.113784E-16
 5625.9045636462   3.154517E-16
 5629.98545137688  3.197891E-16
 5634.06633910756  3.154568E-16
 5638.14722683824  3.134640E-16
 5642.22811456893  3.102396E-16
 5646.30900229961  3.119289E-16
 5650.38989003029  3.177633E-16
 5654.47077776097  3.092348E-16
 5658.55166549166  3.070172E-16
 5662.63255322234  3.099055E-16
 5666.71344095302  3.174814E-16
 5670.7943286837   3.183023E-16
 5674.87521641439  3.022452E-16
 5678.95610414507  2.976107E-16
 5683.03699187575  3.153562E-16
 5687.11787960643  3.062465E-16
 5691.19876733711  2.944299E-16
 5695.2796550678   2.915361E-16
 5699.36054279848  2.979484E-16
 5703.44143052916  3.005106E-16
 5707.52231825984  2.989542E-16
 5711.60320599053  3.054294E-16
 5715.68409372121  3.115199E-16
 5719.76498145189  3.058317E-16
 5723.84586918257  2.957214E-16
 5727.92675691325  2.992742E-16
 5732.00764464394  2.964964E-16
 5736.08853237462  2.921243E-16
 5740.1694201053   2.961861E-16
 5744.25030783598  2.993563E-16
 5748.33119556666  3.036419E-16
 5752.41208329735  3.042923E-16
 5756.49297102803  2.907038E-16
 5760.57385875871  3.014856E-16
 5764.65474648939  3.069435E-16
 5768.73563422008  3.021241E-16
 5772.81652195076  2.969310E-16
 5776.89740968144  2.966540E-16
 5780.97829741212  2.957603E-16
 5785.05918514281  2.891814E-16
 5789.14007287349  2.864160E-16
 5793.22096060417  2.987834E-16
 5797.30184833485  3.006546E-16
 5801.38273606553  2.947725E-16
 5805.46362379622  2.992266E-16
 5809.5445115269   3.081025E-16
 5813.62539925758  3.075675E-16
 5817.70628698826  2.968190E-16
 5821.78717471894  2.839107E-16
 5825.86806244963  2.880993E-16
 5829.94895018031  2.921257E-16
 5834.02983791099  2.965889E-16
 5838.11072564167  3.024538E-16
 5842.19161337236  3.024242E-16
 5846.27250110304  3.066877E-16
 5850.35338883372  3.074539E-16
 5854.4342765644   3.049936E-16
 5858.51516429508  2.967794E-16
 5862.59605202577  2.995945E-16
 5866.67693975645  3.066536E-16
 5870.75782748713  3.129151E-16
 5874.83871521781  3.049397E-16
 5878.9196029485   2.966178E-16
 5883.00049067918  3.036154E-16
 5887.08137840986  2.975106E-16
 5891.16226614054  2.867145E-16
 5895.24315387123  2.841078E-16
 5899.32404160191  2.928791E-16
 5903.40492933259  2.996099E-16
 5907.48581706327  3.035149E-16
 5911.56670479395  2.891159E-16
 5915.64759252464  2.968605E-16
 5919.72848025532  2.845807E-16
 5923.809367986    2.746441E-16
 5927.89025571668  2.784536E-16
 5931.97114344736  2.918571E-16
 5936.05203117805  2.878787E-16
 5940.13291890873  2.912886E-16
 5944.21380663941  2.992661E-16
 5948.29469437009  2.975028E-16
 5952.37558210078  3.018298E-16
 5956.45646983146  2.929707E-16
 5960.53735756214  2.969441E-16
 5964.61824529282  3.010026E-16
 5968.6991330235   2.883275E-16
 5972.78002075419  2.964719E-16
 5976.86090848487  3.046662E-16
 5980.94179621555  2.932911E-16
 5985.02268394623  2.912279E-16
 5989.10357167692  2.919370E-16
 5993.1844594076   2.878543E-16
 5997.26534713828  2.944649E-16
 6001.34623486896  3.005106E-16
 6005.42712259964  3.041332E-16
 6009.50801033033  3.031928E-16
 6013.58889806101  3.029763E-16
 6017.66978579169  3.044094E-16
 6021.75067352237  3.100910E-16
 6025.83156125305  3.075967E-16
 6029.91244898374  3.098220E-16
 6033.99333671442  2.995203E-16
 6038.0742244451   2.892593E-16
 6042.15511217578  2.885159E-16
 6046.23599990647  2.922274E-16
 6050.31688763715  2.961172E-16
 6054.39777536783  2.930497E-16
 6058.47866309851  2.945882E-16
 6062.55955082919  2.952419E-16
 6066.64043855988  2.935874E-16
 6070.72132629056  2.870093E-16
 6074.80221402124  2.891868E-16
 6078.88310175192  2.915009E-16
 6082.96398948261  2.921752E-16
 6087.04487721329  2.939884E-16
 6091.12576494397  2.879785E-16
 6095.20665267465  2.866471E-16
 6099.28754040534  2.896997E-16
 6103.36842813602  2.885190E-16
 6107.4493158667   2.891809E-16
 6111.53020359738  2.948724E-16
 6115.61109132806  3.009326E-16
 6119.69197905875  2.945917E-16
 6123.77286678943  2.936088E-16
 6127.85375452011  2.920314E-16
 6131.93464225079  2.915213E-16
 6136.01552998148  2.909146E-16
 6140.09641771216  2.926275E-16
 6144.17730544284  2.906332E-16
 6148.25819317352  2.970384E-16
 6152.3390809042   3.014742E-16
 6156.41996863489  2.993817E-16
 6160.50085636557  2.874116E-16
 6164.58174409625  2.960117E-16
 6168.66263182693  2.924455E-16
 6172.74351955761  2.930098E-16
 6176.8244072883   2.995557E-16
 6180.90529501898  3.029328E-16
 6184.98618274966  3.007571E-16
 6189.06707048034  2.987873E-16
 6193.14795821103  2.936586E-16
 6197.22884594171  2.814523E-16
 6201.30973367239  2.781259E-16
 6205.39062140307  2.856066E-16
 6209.47150913376  2.919219E-16
 6213.55239686444  2.867667E-16
 6217.63328459512  2.792670E-16
 6221.7141723258   2.874970E-16
 6225.79506005648  2.825290E-16
 6229.87594778717  2.785585E-16
 6233.95683551785  2.815532E-16
 6238.03772324853  2.803567E-16
 6242.11861097921  2.822325E-16
 6246.1994987099   2.847605E-16
 6250.28038644058  2.832351E-16
 6254.36127417126  2.828006E-16
 6258.44216190194  2.919509E-16
 6262.52304963262  2.990194E-16
 6266.60393736331  2.919488E-16
 6270.68482509399  2.934056E-16
 6274.76571282467  2.944311E-16
 6278.84660055535  2.900025E-16
 6282.92748828603  2.868462E-16
 6287.00837601672  2.860483E-16
 6291.0892637474   2.867834E-16
 6295.17015147808  2.790078E-16
 6299.25103920876  2.731426E-16
 6303.33192693945  2.721334E-16
 6307.41281467013  2.766695E-16
 6311.49370240081  2.754102E-16
 6315.57459013149  2.698559E-16
 6319.65547786218  2.679466E-16
 6323.73636559286  2.745270E-16
 6327.81725332354  2.761277E-16
 6331.89814105422  2.765974E-16
 6335.9790287849   2.823928E-16
 6340.05991651559  2.835122E-16
 6344.14080424627  2.775879E-16
 6348.22169197695  2.764236E-16
 6352.30257970763  2.784886E-16
 6356.38346743832  2.699359E-16
 6360.464355169    2.693245E-16
 6364.54524289968  2.789535E-16
 6368.62613063036  2.780660E-16
 6372.70701836104  2.708322E-16
 6376.78790609173  2.677120E-16
 6380.86879382241  2.663002E-16
 6384.94968155309  2.689565E-16
 6389.03056928377  2.731381E-16
 6393.11145701445  2.745095E-16
 6397.19234474514  2.763027E-16
 6401.27323247582  2.796562E-16
 6405.3541202065   2.747071E-16
 6409.43500793718  2.744326E-16
 6413.51589566787  2.754696E-16
 6417.59678339855  2.734334E-16
 6421.67767112923  2.693471E-16
 6425.75855885991  2.687668E-16
 6429.83944659059  2.696413E-16
 6433.92033432128  2.729779E-16
 6438.00122205196  2.730592E-16
 6442.08210978264  2.739091E-16
 6446.16299751332  2.782662E-16
 6450.24388524401  2.823334E-16
 6454.32477297469  2.851766E-16
 6458.40566070537  2.845908E-16
 6462.48654843605  2.890206E-16
 6466.56743616674  2.924063E-16
 6470.64832389742  2.864756E-16
 6474.7292116281   2.855044E-16
 6478.81009935878  2.853473E-16
 6482.89098708946  2.813929E-16
 6486.97187482014  2.784401E-16
 6491.05276255083  2.759096E-16
 6495.13365028151  2.812088E-16
 6499.21453801219  2.813296E-16
 6503.29542574287  2.736178E-16
 6507.37631347356  2.711920E-16
 6511.45720120424  2.720833E-16
 6515.53808893492  2.713997E-16
 6519.6189766656   2.757220E-16
 6523.69986439629  2.769861E-16
 6527.78075212697  2.751009E-16
 6531.86163985765  2.730782E-16
 6535.94252758833  2.740864E-16
 6540.02341531901  2.811427E-16
 6544.1043030497   2.826282E-16
 6548.18519078038  2.824311E-16
 6552.26607851106  2.934294E-16
 6556.34696624174  3.002075E-16
 6560.42785397243  3.176251E-16
 6564.50874170311  3.237774E-16
 6568.58962943379  3.294416E-16
 6572.67051716447  3.572075E-16
 6576.75140489515  3.931030E-16
 6580.83229262584  4.456324E-16
 6584.91318035652  5.312142E-16
 6588.9940680872   6.472229E-16
 6593.07495581788  7.734994E-16
 6597.15584354857  8.729411E-16
 6601.23673127925  9.141501E-16
 6605.31761900993  8.645136E-16
 6609.39850674061  7.219282E-16
 6613.47939447129  5.649278E-16
 6617.56028220198  4.661311E-16
 6621.64116993266  4.073651E-16
 6625.72205766334  3.667545E-16
 6629.80294539402  3.375901E-16
 6633.8838331247   3.179260E-16
 6637.96472085539  2.951750E-16
 6642.04560858607  2.870080E-16
 6646.12649631675  2.811816E-16
 6650.20738404743  2.696161E-16
 6654.28827177812  2.718573E-16
 6658.3691595088   2.686498E-16
 6662.45004723948  2.638881E-16
 6666.53093497016  2.609900E-16
 6670.61182270085  2.592209E-16
 6674.69271043153  2.607885E-16
 6678.77359816221  2.583713E-16
 6682.85448589289  2.541503E-16
 6686.93537362357  2.558782E-16
 6691.01626135426  2.560359E-16
 6695.09714908494  2.570723E-16
 6699.17803681562  2.537608E-16
 6703.2589245463   2.515710E-16
 6707.33981227699  2.519439E-16
 6711.42070000767  2.501150E-16
 6715.50158773835  2.542606E-16
 6719.58247546903  2.553354E-16
 6723.66336319972  2.556168E-16
 6727.7442509304   2.586475E-16
 6731.82513866108  2.539417E-16
 6735.90602639176  2.488947E-16
 6739.98691412244  2.471677E-16
 6744.06780185313  2.429817E-16
 6748.14868958381  2.444373E-16
 6752.22957731449  2.496713E-16
 6756.31046504517  2.436207E-16
 6760.39135277585  2.412461E-16
 6764.47224050654  2.491848E-16
 6768.55312823722  2.462843E-16
 6772.6340159679   2.491416E-16
 6776.71490369858  2.542328E-16
 6780.79579142927  2.502257E-16
 6784.87667915995  2.436362E-16
 6788.95756689063  2.445468E-16
 6793.03845462131  2.458755E-16
 6797.11934235199  2.476731E-16
 6801.20023008268  2.450020E-16
 6805.28111781336  2.414899E-16
 6809.36200554404  2.413115E-16
 6813.44289327472  2.467254E-16
 6817.5237810054   2.473438E-16
 6821.60466873609  2.446334E-16
 6825.68555646677  2.453237E-16
 6829.76644419745  2.438037E-16
 6833.84733192814  2.403749E-16
 6837.92821965882  2.407005E-16
 6842.0091073895   2.458252E-16
 6846.08999512018  2.473792E-16
 6850.17088285086  2.448069E-16
 6854.25177058154  2.428455E-16
 6858.33265831223  2.410211E-16
 6862.41354604291  2.444997E-16
 6866.49443377359  2.435654E-16
 6870.57532150427  2.388848E-16
 6874.65620923496  2.325959E-16
 6878.73709696564  2.350174E-16
 6882.81798469632  2.417309E-16
 6886.898872427    2.466153E-16
 6890.97976015769  2.431621E-16
 6895.06064788837  2.431372E-16
 6899.14153561905  2.439739E-16
 6903.22242334973  2.425212E-16
 6907.30331108041  2.376319E-16
 6911.3841988111   2.412437E-16
 6915.46508654178  2.402820E-16
 6919.54597427246  2.378417E-16
 6923.62686200314  2.396521E-16
 6927.70774973383  2.423956E-16
 6931.78863746451  2.445477E-16
 6935.86952519519  2.402890E-16
 6939.95041292587  2.349677E-16
 6944.03130065656  2.386390E-16
 6948.11218838724  2.369862E-16
 6952.19307611792  2.391895E-16
 6956.2739638486   2.393061E-16
 6960.35485157928  2.357773E-16
 6964.43573930996  2.381958E-16
 6968.51662704065  2.361001E-16
 6972.59751477133  2.354863E-16
 6976.67840250201  2.331381E-16
 6980.75929023269  2.335742E-16
 6984.84017796338  2.389519E-16
 6988.92106569406  2.338142E-16
 6993.00195342474  2.340846E-16
 6997.08284115542  2.366042E-16
 7001.16372888611  2.328356E-16
 7005.24461661679  2.330417E-16
 7009.32550434747  2.383997E-16
 7013.40639207815  2.354196E-16
 7017.48727980883  2.301550E-16
 7021.56816753952  2.329115E-16
 7025.6490552702   2.386468E-16
 7029.72994300088  2.363165E-16
 7033.81083073156  2.327659E-16
 7037.89171846225  2.347945E-16
 7041.97260619293  2.309886E-16
 7046.05349392361  2.349873E-16
 7050.13438165429  2.381117E-16
 7054.21526938497  2.305887E-16
 7058.29615711566  2.297220E-16
 7062.37704484634  2.345308E-16
 7066.45793257702  2.303953E-16
 7070.5388203077   2.282541E-16
 7074.61970803838  2.181629E-16
 7078.70059576907  2.160937E-16
 7082.78148349975  2.234217E-16
 7086.86237123043  2.252289E-16
 7090.94325896111  2.298654E-16
 7095.0241466918   2.278802E-16
 7099.10503442248  2.232900E-16
 7103.18592215316  2.207291E-16
 7107.26680988384  2.251083E-16
 7111.34769761453  2.256794E-16
 7115.42858534521  2.228753E-16
 7119.50947307589  2.218778E-16
 7123.59036080657  2.239327E-16
 7127.67124853725  2.244487E-16
 7131.75213626794  2.255973E-16
 7135.83302399862  2.255252E-16
 7139.9139117293   2.168095E-16
 7143.99479945998  2.167531E-16
 7148.07568719067  2.139213E-16
 7152.15657492135  2.126441E-16
 7156.23746265203  2.158797E-16
 7160.31835038271  2.110460E-16
 7164.39923811339  2.104576E-16
 7168.48012584408  2.152377E-16
 7172.56101357476  2.123606E-16
 7176.64190130544  2.146673E-16
 7180.72278903612  2.149046E-16
 7184.8036767668   2.235890E-16
 7188.88456449749  2.273902E-16
 7192.96545222817  2.143084E-16
 7197.04633995885  2.148777E-16
 7201.12722768953  2.294650E-16
 7205.20811542022  2.329268E-16
 7209.2890031509   2.200777E-16
 7213.36989088158  2.171441E-16
 7217.45077861226  2.226824E-16
 7221.53166634294  2.235823E-16
 7225.61255407363  2.244303E-16
 7229.69344180431  2.212104E-16
 7233.77432953499  2.175865E-16
 7237.85521726567  2.230137E-16
 7241.93610499636  2.172367E-16
 7246.01699272704  2.090786E-16
 7250.09788045772  2.189680E-16
 7254.1787681884   2.246229E-16
 7258.25965591909  2.190367E-16
 7262.34054364977  2.215145E-16
 7266.42143138045  2.130111E-16
 7270.50231911113  2.049919E-16
 7274.58320684181  2.124615E-16
 7278.66409457249  2.184090E-16
 7282.74498230318  2.165092E-16
 7286.82587003386  2.229480E-16
 7290.90675776454  2.186468E-16
 7294.98764549522  2.121828E-16
 7299.06853322591  2.144847E-16
 7303.14942095659  2.151375E-16
 7307.23030868727  2.084288E-16
 7311.31119641795  2.146980E-16
 7315.39208414864  2.194554E-16
 7319.47297187932  2.305730E-16
 7323.55385961     2.431871E-16
 7327.63474734068  2.495812E-16
 7331.71563507136  2.625030E-16
 7335.79652280205  2.650948E-16
 7339.87741053273  2.497424E-16
 7343.95829826341  2.356482E-16
 7348.03918599409  2.279601E-16
 7352.12007372478  2.357836E-16
 7356.20096145546  2.426029E-16
 7360.28184918614  2.496445E-16
 7364.36273691682  2.541610E-16
 7368.44362464751  2.390449E-16
 7372.52451237819  2.287893E-16
 7376.60540010887  2.205938E-16
 7380.68628783955  2.163313E-16
 7384.76717557023  2.128582E-16
 7388.84806330092  2.086063E-16
 7392.9289510316   2.117746E-16
 7397.00983876228  2.135433E-16
 7401.09072649296  2.109462E-16
 7405.17161422364  2.107107E-16
 7409.25250195433  2.161790E-16
 7413.33338968501  2.122901E-16
 7417.41427741569  2.150940E-16
 7421.49516514637  2.163681E-16
 7425.57605287706  2.129315E-16
 7429.65694060774  2.099559E-16
 7433.73782833842  2.076592E-16
 7437.8187160691   2.092758E-16
 7441.89960379978  2.034298E-16
 7445.98049153047  1.966164E-16
 7450.06137926115  2.095143E-16
 7454.14226699183  2.098782E-16
 7458.22315472251  2.128286E-16
 7462.3040424532   2.110871E-16
 7466.38493018388  2.048015E-16
 7470.46581791456  2.026610E-16
 7474.54670564524  2.000561E-16
 7478.62759337592  2.031349E-16
 7482.70848110661  2.119153E-16
 7486.78936883729  2.117451E-16
 7490.87025656797  2.197253E-16
 7494.95114429865  2.168895E-16
 7499.03203202934  2.108883E-16
 7503.11291976002  2.071205E-16
 7507.1938074907   2.117350E-16
 7511.27469522138  2.088578E-16
 7515.35558295206  2.014874E-16
 7519.43647068275  2.002891E-16
 7523.51735841343  1.975935E-16
 7527.59824614411  1.981373E-16
 7531.67913387479  1.994866E-16
 7535.76002160547  1.940623E-16
 7539.84090933616  1.935355E-16
 7543.92179706684  1.981088E-16
 7548.00268479752  2.019869E-16
 7552.0835725282   2.075091E-16
 7556.16446025889  2.110699E-16
 7560.24534798957  2.106789E-16
 7564.32623572025  2.019190E-16
 7568.40712345093  2.011562E-16
 7572.48801118162  2.030180E-16
 7576.5688989123   2.008773E-16
 7580.64978664298  1.953891E-16
 7584.73067437366  1.938813E-16
 7588.81156210434  1.942506E-16
 7592.89244983503  1.969074E-16
 7596.97333756571  1.947867E-16
 7601.05422529639  1.692976E-16
 7605.13511302707  1.753418E-16
 7609.21600075776  1.724884E-16
 7613.29688848844  1.811645E-16
 7617.37777621912  1.747057E-16
 7621.4586639498   1.519993E-16
 7625.53955168049  1.868208E-16
 7629.62043941117  2.052494E-16
 7633.70132714185  2.075131E-16
 7637.78221487253  2.033104E-16
 7641.86310260321  2.055736E-16
 7645.94399033389  2.056341E-16
 7650.02487806458  2.074378E-16
 7654.10576579526  2.082188E-16
 7658.18665352594  2.063939E-16
 7662.26754125662  2.053649E-16
 7666.34842898731  2.096557E-16
 7670.42931671799  2.149997E-16
 7674.51020444867  2.073696E-16
 7678.59109217935  2.014366E-16
 7682.67197991004  1.976045E-16
 7686.75286764072  1.909630E-16
 7690.8337553714   1.922455E-16
 7694.91464310208  1.926316E-16
 7698.99553083276  1.946487E-16
 7703.07641856345  1.988516E-16
 7707.15730629413  1.889711E-16
 7711.23819402481  1.836147E-16
 7715.31908175549  1.861053E-16
 7719.39996948617  1.747901E-16
 7723.48085721686  1.757513E-16
 7727.56174494754  1.933315E-16
 7731.64263267822  1.941265E-16
 7735.7235204089   1.930862E-16
 7739.80440813959  1.899195E-16
 7743.88529587027  1.987891E-16
 7747.96618360095  2.036524E-16
 7752.04707133163  2.070331E-16
 7756.12795906231  1.902054E-16
 7760.208846793    1.961144E-16
 7764.28973452368  2.019575E-16
 7768.37062225436  1.899366E-16
 7772.45150998504  1.982436E-16
 7776.53239771573  1.970078E-16
 7780.61328544641  1.959324E-16
 7784.69417317709  2.014432E-16
 7788.77506090777  1.931713E-16
 7792.85594863846  1.955857E-16
 7796.93683636914  1.935007E-16
 7801.01772409982  1.901011E-16
 7805.0986118305   1.944045E-16
 7809.17949956118  1.844788E-16
 7813.26038729187  1.829693E-16
 7817.34127502255  1.807850E-16
 7821.42216275323  1.742013E-16
 7825.50305048391  1.746411E-16
 7829.5839382146   1.730622E-16
 7833.66482594528  1.856922E-16
 7837.74571367596  1.876164E-16
 7841.82660140664  1.880312E-16
 7845.90748913732  1.902010E-16
 7849.98837686801  1.851108E-16
 7854.06926459869  1.756378E-16
 7858.15015232937  1.799241E-16
 7862.23104006005  1.910665E-16
 7866.31192779074  1.904753E-16
 7870.39281552142  1.988033E-16
 7874.4737032521   2.027570E-16
 7878.55459098278  1.882383E-16
 7882.63547871346  1.864838E-16
 7886.71636644415  1.905958E-16
 7890.79725417483  1.952705E-16
 7894.87814190551  1.987683E-16
 7898.95902963619  1.939230E-16
 7903.03991736687  1.837554E-16
 7907.12080509756  1.848829E-16
 7911.20169282824  1.838285E-16
 7915.28258055892  1.864431E-16
 7919.3634682896   1.837034E-16
 7923.44435602029  1.815282E-16
 7927.52524375097  2.002780E-16
 7931.60613148165  2.085321E-16
 7935.68701921233  2.016027E-16
 7939.76790694301  1.995634E-16
 7943.8487946737   1.951108E-16
 7947.92968240438  1.937447E-16
 7952.01057013506  1.909242E-16
 7956.09145786574  1.806370E-16
 7960.17234559643  1.789167E-16
 7964.25323332711  1.865707E-16
 7968.33412105779  1.910556E-16
 7972.41500878847  1.852121E-16
 7976.49589651915  1.798286E-16
 7980.57678424984  1.824609E-16
 7984.65767198052  1.856587E-16
 7988.7385597112   1.875692E-16
 7992.81944744188  1.935175E-16
 7996.90033517257  2.018146E-16
 8000.98122290325  2.043226E-16
 8005.06211063393  1.935925E-16
 8009.14299836461  1.855398E-16
 8013.22388609529  1.882514E-16
 8017.30477382598  1.943794E-16
 8021.38566155666  1.861452E-16
 8025.46654928734  1.819464E-16
 8029.54743701802  1.946148E-16
 8033.62832474871  1.963962E-16
 8037.70921247939  1.908816E-16
 8041.79010021007  1.868043E-16
 8045.87098794075  1.920647E-16
 8049.95187567143  1.948777E-16
 8054.03276340212  1.854865E-16
 8058.1136511328   1.812963E-16
 8062.19453886348  1.892486E-16
 8066.27542659416  1.861700E-16
 8070.35631432484  1.764046E-16
 8074.43720205553  1.784013E-16
 8078.51808978621  1.832724E-16
 8082.59897751689  1.861468E-16
 8086.67986524757  1.872609E-16
 8090.76075297826  1.835832E-16
 8094.84164070894  1.757951E-16
 8098.92252843962  1.811168E-16
 8103.0034161703   1.820753E-16
 8107.08430390099  1.725298E-16
 8111.16519163167  1.783365E-16
 8115.24607936235  1.851152E-16
 8119.32696709303  1.887532E-16
 8123.40785482371  1.963434E-16
 8127.48874255439  1.907001E-16
 8131.56963028508  1.892871E-16
 8135.65051801576  1.776789E-16
 8139.73140574644  1.719488E-16
 8143.81229347712  1.735313E-16
 8147.89318120781  1.735942E-16
 8151.97406893849  1.788887E-16
 8156.05495666917  1.785622E-16
 8160.13584439985  1.797152E-16
 8164.21673213054  1.882597E-16
 8168.29761986122  1.955896E-16
 8172.3785075919   1.876106E-16
 8176.45939532259  1.908585E-16
 8180.54028305327  1.880717E-16
 8184.62117078395  1.824709E-16
 8188.70205851463  1.885123E-16
 8192.78294624531  1.938924E-16
 8196.863833976    1.945811E-16
 8200.94472170668  1.934204E-16
 8205.02560943736  1.894106E-16
 8209.10649716804  1.840766E-16
 8213.18738489872  1.776417E-16
 8217.2682726294   1.679007E-16
 8221.34916036009  1.705961E-16
 8225.43004809077  1.845612E-16
 8229.51093582145  1.843510E-16
 8233.59182355213  1.767766E-16
 8237.67271128282  1.752301E-16
 8241.7535990135   1.763892E-16
 8245.83448674418  1.828076E-16
 8249.91537447486  1.858872E-16
 8253.99626220554  1.829045E-16
 8258.07714993623  1.802724E-16
 8262.15803766691  1.752824E-16
 8266.23892539759  1.705174E-16
 8270.31981312827  1.664748E-16
 8274.40070085896  1.714155E-16
 8278.48158858964  1.809967E-16
 8282.56247632032  1.783911E-16
 8286.643364051    1.815655E-16
 8290.72425178169  1.900433E-16
 8294.80513951237  1.899262E-16
 8298.88602724305  1.805247E-16
 8302.96691497373  1.671565E-16
 8307.04780270441  1.636262E-16
 8311.1286904351   1.672618E-16
 8315.20957816578  1.684401E-16
 8319.29046589646  1.637448E-16
 8323.37135362714  1.678792E-16
 8327.45224135783  1.775979E-16
 8331.53312908851  1.766464E-16
 8335.61401681919  1.771169E-16
 8339.69490454987  1.813205E-16
 8343.77579228055  1.812892E-16
 8347.85668001124  1.780807E-16
 8351.93756774192  1.716188E-16
 8356.0184554726   1.679257E-16
 8360.09934320328  1.608895E-16
 8364.18023093396  1.562473E-16
 8368.26111866465  1.615691E-16
 8372.34200639533  1.690284E-16
 8376.42289412601  1.714331E-16
 8380.50378185669  1.693527E-16
 8384.58466958737  1.620554E-16
 8388.66555731806  1.629642E-16
 8392.74644504874  1.658377E-16
 8396.82733277942  1.659516E-16
 8400.9082205101   1.605548E-16
 8404.98910824079  1.541537E-16
 8409.06999597147  1.615405E-16
 8413.15088370215  1.679536E-16
 8417.23177143283  1.730892E-16
 8421.31265916352  1.687421E-16
 8425.3935468942   1.608157E-16
 8429.47443462488  1.685911E-16
 8433.55532235556  1.594207E-16
 8437.63621008625  1.523616E-16
 8441.71709781693  1.530719E-16
 8445.79798554761  1.550337E-16
 8449.87887327829  1.532880E-16
 8453.95976100897  1.511891E-16
 8458.04064873966  1.530396E-16
 8462.12153647034  1.599880E-16
 8466.20242420102  1.695858E-16
 8470.2833119317   1.714523E-16
 8474.36419966238  1.521029E-16
 8478.44508739307  1.424232E-16
 8482.52597512375  1.595488E-16
 8486.60686285443  1.565957E-16
 8490.68775058511  1.484387E-16
 8494.7686383158   1.561435E-16
 8498.84952604648  1.586947E-16
 8502.93041377716  1.610602E-16
 8507.01130150784  1.712736E-16
 8511.09218923853  1.692014E-16
 8515.17307696921  1.740971E-16
 8519.25396469989  1.708094E-16
 8523.33485243057  1.606967E-16
 8527.41574016126  1.609250E-16
 8531.49662789194  1.682461E-16
 8535.57751562262  1.815849E-16
 8539.6584033533   1.927471E-16
 8543.73929108398  2.060615E-16
 8547.82017881467  2.150459E-16
 8551.90106654535  2.071590E-16
 8555.98195427603  2.041914E-16
 8560.06284200671  1.956219E-16
 8564.14372973739  1.798540E-16
 8568.22461746807  1.828720E-16
 8572.30550519876  1.828132E-16
 8576.38639292944  1.800237E-16
 8580.46728066012  1.907440E-16
 8584.54816839081  2.087745E-16
 8588.62905612149  1.914040E-16
 8592.70994385217  2.006008E-16
 8596.79083158285  2.212264E-16
 8600.87171931353  2.057614E-16
 8604.95260704422  1.932743E-16
 8609.0334947749   1.708293E-16
 8613.11438250558  1.559081E-16
 8617.19527023626  1.564790E-16
 8621.27615796694  1.472132E-16
 8625.35704569763  1.542906E-16
 8629.43793342831  1.624591E-16
 8633.51882115899  1.596879E-16
 8637.59970888967  1.587122E-16
 8641.68059662036  1.642678E-16
 8645.76148435104  1.491268E-16
 8649.84237208172  1.398694E-16
 8653.9232598124   1.377660E-16
 8658.00414754309  1.409143E-16
 8662.08503527377  1.441688E-16
 8666.16592300445  1.462039E-16
 8670.24681073513  1.530271E-16
 8674.32769846581  1.458552E-16
 8678.4085861965   1.450709E-16
 8682.48947392718  1.703913E-16
 8686.57036165786  1.809604E-16
 8690.65124938854  1.799853E-16
 8694.73213711922  1.828018E-16
 8698.81302484991  1.851499E-16
 8702.89391258059  1.900329E-16
 8706.97480031127  2.009321E-16
 8711.05568804195  2.067025E-16
 8715.13657577263  2.050478E-16
 8719.21746350332  1.996084E-16
 8723.298351234    1.931798E-16
 8727.37923896468  1.800622E-16
 8731.46012669536  1.643572E-16
 8735.54101442605  1.553147E-16
 8739.62190215673  1.486339E-16
 8743.70278988741  1.470060E-16
 8747.78367761809  1.461904E-16
 8751.86456534878  1.464047E-16
 8755.94545307946  1.484984E-16
 8760.02634081014  1.384026E-16
 8764.10722854082  1.363489E-16
 8768.1881162715   1.419333E-16
 8772.26900400219  1.504873E-16
 8776.34989173287  1.452184E-16
 8780.43077946355  1.485077E-16
 8784.51166719423  1.334597E-16
 8788.59255492491  1.151865E-16
 8792.6734426556   1.187769E-16
 8796.75433038628  1.304731E-16
 8800.83521811696  1.345923E-16
 8804.91610584764  1.392835E-16
 8808.99699357833  1.379716E-16
 8813.07788130901  1.302801E-16
 8817.15876903969  1.350767E-16
 8821.23965677037  1.324892E-16
 8825.32054450106  1.262031E-16
 8829.40143223174  1.292958E-16
 8833.48231996242  1.176175E-16
 8837.5632076931   1.052817E-16
 8841.64409542379  1.174904E-16
 8845.72498315447  1.278056E-16
 8849.80587088515  1.370405E-16
 8853.88675861583  1.406911E-16
 8857.96764634651  1.427014E-16
 8862.0485340772   1.368236E-16
 8866.12942180788  1.280062E-16
 8870.21030953856  1.286449E-16
 8874.29119726924  1.371270E-16
 8878.37208499992  1.380892E-16
 8882.45297273061  1.288556E-16
 8886.53386046129  1.340663E-16
 8890.61474819197  1.283854E-16
 8894.69563592265  1.223084E-16
 8898.77652365334  1.349550E-16
 8902.85741138402  1.430242E-16
 8906.9382991147   1.448669E-16
 8911.01918684538  1.403764E-16
 8915.10007457606  1.467606E-16
 8919.18096230675  1.303410E-16
 8923.26185003743  1.325861E-16
 8927.34273776811  1.249540E-16
 8931.42362549879  1.296986E-16
 8935.50451322948  1.256385E-16
 8939.58540096016  1.211665E-16
 8943.66628869084  1.207839E-16
 8947.74717642152  1.164568E-16
 8951.8280641522   1.128757E-16
 8955.90895188289  1.326700E-16
 8959.98983961357  1.471616E-16
 8964.07072734425  1.497241E-16
 8968.15161507493  1.568510E-16
 8972.23250280561  1.452656E-16
 8976.3133905363   1.258589E-16
 8980.39427826698  1.247977E-16
 8984.47516599766  1.252213E-16
 8988.55605372834  1.230390E-16
 8992.63694145903  1.375311E-16
 8996.71782918971  1.456852E-16
 9000.79871692039  1.321899E-16
 9004.87960465107  1.289992E-16
 9008.96049238176  1.480900E-16
 9013.04138011244  1.636729E-16
 9017.12226784312  1.645718E-16
 9021.2031555738   1.568828E-16
 9025.28404330449  1.520612E-16
 9029.36493103517  1.536363E-16
 9033.44581876585  1.336685E-16
 9037.52670649653  1.237507E-16
 9041.60759422721  1.229962E-16
 9045.6884819579   1.119797E-16
 9049.76936968858  1.111172E-16
 9053.85025741926  1.048467E-16
 9057.93114514994  1.070848E-16
 9062.01203288062  1.160855E-16
 9066.09292061131  1.192572E-16
 9070.17380834199  1.263809E-16
 9074.25469607267  1.194452E-16
 9078.33558380335  1.286115E-16
 9082.41647153404  1.171769E-16
 9086.49735926472  1.102276E-16
 9090.5782469954   1.122326E-16
 9094.65913472608  1.111776E-16
 9098.74002245676  1.080562E-16
 9102.82091018745  1.022298E-16
 9106.90179791813  9.640155E-17
 9110.98268564881  9.833814E-17
 9115.06357337949  1.049102E-16
 9119.14446111018  1.049786E-16
 9123.22534884086  1.033134E-16
 9127.30623657154  1.042700E-16
 9131.38712430222  1.063855E-16
 9135.4680120329   1.010832E-16
 9139.54889976359  9.317131E-17
 9143.62978749427  9.512634E-17
 9147.71067522495  9.260603E-17
 9151.79156295563  9.466200E-17
 9155.87245068631  1.039132E-16
 9159.953338417    9.503732E-17
 9164.03422614768  8.664601E-17
 9168.11511387836  8.495926E-17
 9172.19600160904  9.923172E-17
 9176.27688933973  9.889930E-17
 9180.35777707041  9.319820E-17
 9184.43866480109  1.049744E-16
 9188.51955253177  9.490066E-17
 9192.60044026246  8.736072E-17
 9196.68132799314  9.393100E-17
 9200.76221572382  8.926897E-17
 9204.8431034545   8.119289E-17
 9208.92399118518  9.341819E-17
 9213.00487891587  9.347234E-17
 9217.08576664655  9.170402E-17
 9221.16665437723  1.003359E-16
 9225.24754210791  1.011443E-16
 9229.32842983859  1.168412E-16
 9233.40931756928  1.300289E-16
 9237.49020529996  1.164338E-16
 9241.57109303064  1.128534E-16
 9245.65198076133  1.116634E-16
 9249.73286849201  1.120137E-16
 9253.81375622269  1.121950E-16
 9257.89464395337  1.054916E-16
 9261.97553168405  1.140748E-16
 9266.05641941473  1.222951E-16
 9270.13730714542  1.194848E-16
 9274.2181948761   1.230152E-16
 9278.29908260678  1.272062E-16
 9282.37997033746  1.222907E-16
 9286.46085806814  1.160388E-16
 9290.54174579883  1.154338E-16
 9294.62263352951  1.195307E-16
 9298.70352126019  1.357077E-16
 9302.78440899087  1.270278E-16
 9306.86529672156  1.011992E-16
 9310.94618445224  1.043931E-16
 9315.02707218292  1.381097E-16
 9319.1079599136   1.239979E-16
 9323.18884764429  1.384260E-16
 9327.26973537497  1.183594E-16
 9331.35062310565  9.737172E-17
 9335.43151083633  1.218856E-16
 9339.51239856702  1.153798E-16
 9343.5932862977   9.927794E-17
 9347.67417402838  1.173969E-16
 9351.75506175906  9.408894E-17
 9355.83594948974  9.093030E-17
 9359.91683722043  1.040945E-16
 9363.99772495111  1.093514E-16
 9368.07861268179  1.291623E-16
 9372.15950041247  1.510558E-16
 9376.24038814315  1.498036E-16
 9380.32127587384  1.350213E-16
 9384.40216360452  1.119302E-16
 9388.4830513352   1.013682E-16
 9392.56393906588  1.057676E-16
 9396.64482679656  1.192267E-16
 9400.72571452725  1.149695E-16
 9404.80660225793  9.917917E-17
 9408.88748998861  1.135700E-16
 9412.9683777193   1.213211E-16
 9417.04926544998  1.098825E-16
 9421.13015318066  1.120044E-16
 9425.21104091134  1.058458E-16
 9429.29192864203  8.699523E-17
 9433.37281637271  9.172272E-17
 9437.45370410339  1.233135E-16
 9441.53459183407  1.153402E-16
 9445.61547956475  1.081586E-16
 9449.69636729544  8.303711E-17
 9453.77725502612  1.113913E-16
 9457.8581427568   1.379843E-16
 9461.93903048748  1.293768E-16
 9466.01991821816  1.047401E-16
 9470.10080594885  9.138415E-17
 9474.18169367953  9.723280E-17
 9478.26258141021  9.118249E-17
 9482.34346914089  1.096019E-16
 9486.42435687157  1.352863E-16
 9490.50524460226  1.226690E-16
 9494.58613233294  1.272120E-16
 9498.66702006362  1.382593E-16
 9502.7479077943   1.235375E-16
 9506.82879552499  1.183553E-16
 9510.90968325567  1.083710E-16
 9514.99057098635  9.552949E-17
 9519.07145871703  1.093346E-16
 9523.15234644771  1.215182E-16
 9527.2332341784   1.246089E-16
 9531.31412190908  1.175396E-16
 9535.39500963976  1.131945E-16
 9539.47589737044  1.351363E-16
 9543.55678510113  1.468730E-16
 9547.63767283181  1.577413E-16
 9551.71856056249  1.507154E-16
 9555.79944829317  1.181313E-16
 9559.88033602386  1.320276E-16
 9563.96122375454  1.165611E-16
 9568.04211148522  1.027921E-16
 9572.1229992159   1.150659E-16
 9576.20388694658  1.108797E-16
 9580.28477467726  1.105092E-16
 9584.36566240795  1.120114E-16
 9588.44655013863  1.296927E-16
 9592.52743786931  1.343619E-16
 9596.60832559999  1.441485E-16
 9600.68921333068  1.019406E-16
 9604.77010106136  1.031585E-16
 9608.85098879204  1.287287E-16
 9612.93187652272  1.152088E-16
 9617.0127642534   1.078669E-16
 9621.09365198409  1.141857E-16
 9625.17453971477  1.180400E-16
 9629.25542744545  1.191628E-16
 9633.33631517613  1.163586E-16
 9637.41720290681  1.213961E-16
 9641.4980906375   1.302559E-16
 9645.57897836818  1.196280E-16
 9649.65986609886  1.146030E-16
 9653.74075382955  1.201836E-16
 9657.82164156023  1.181782E-16
 9661.90252929091  1.267606E-16
 9665.98341702159  1.245652E-16
 9670.06430475227  1.107199E-16
 9674.14519248296  1.096473E-16
 9678.22608021364  1.175795E-16
 9682.30696794432  1.178135E-16
 9686.387855675    1.158146E-16
 9690.46874340569  1.221749E-16
 9694.54963113637  1.167800E-16
 9698.63051886705  1.347243E-16
 9702.71140659773  1.289943E-16
 9706.79229432841  1.036070E-16
 9710.8731820591   1.005467E-16
 9714.95406978978  1.078695E-16
 9719.03495752046  9.833491E-17
 9723.11584525114  8.664133E-17
 9727.19673298183  8.963840E-17
 9731.27762071251  8.733378E-17
 9735.35850844319  1.050176E-16
 9739.43939617387  1.312055E-16
 9743.52028390456  1.243897E-16
 9747.60117163524  1.193071E-16
 9751.68205936592  1.310729E-16
 9755.7629470966   1.291455E-16
 9759.84383482728  1.219739E-16
 9763.92472255796  1.087909E-16
 9768.00561028865  1.033060E-16
 9772.08649801933  1.328369E-16
 9776.16738575001  1.442849E-16
 9780.24827348069  1.424877E-16
 9784.32916121138  1.356845E-16
 9788.41004894206  1.305218E-16
 9792.49093667274  1.259143E-16
 9796.57182440342  1.015492E-16
 9800.6527121341   1.118954E-16
 9804.73359986479  1.276011E-16
 9808.81448759547  1.211727E-16
 9812.89537532615  1.248661E-16
 9816.97626305683  1.226997E-16
 9821.05715078752  1.242919E-16
 9825.1380385182   9.957532E-17
 9829.21892624888  8.177065E-17
 9833.29981397956  9.756086E-17
 9837.38070171025  9.872940E-17
 9841.46158944093  1.004845E-16
 9845.54247717161  1.004958E-16
 9849.62336490229  1.077681E-16
 9853.70425263297  1.200968E-16
 9857.78514036366  1.262632E-16
 9861.86602809434  1.076764E-16
 9865.94691582502  1.106526E-16
 9870.0278035557   1.365227E-16
 9874.10869128638  1.275216E-16
 9878.18957901707  1.069776E-16
 9882.27046674775  9.883941E-17
 9886.35135447843  1.255856E-16
 9890.43224220911  1.341341E-16
 9894.5131299398   1.159499E-16
 9898.59401767048  1.193465E-16
 9902.67490540116  1.213085E-16
 9906.75579313184  1.198784E-16
 9910.83668086253  1.364546E-16
 9914.91756859321  1.433823E-16
 9918.99845632389  1.118178E-16
 9923.07934405457  9.842809E-17
 9927.16023178526  7.641742E-17
 9931.24111951594  9.919924E-17
 9935.32200724662  1.202257E-16
 9939.4028949773   6.926904E-17
 9943.48378270798  7.005230E-17
 9947.56467043866  9.208718E-17
 9951.64555816935  6.987265E-17
 9955.72644590003  6.625341E-17
 9959.80733363071  7.567379E-17
 9963.88822136139  9.184009E-17
 9967.96910909208  1.108269E-16
 9972.04999682276  8.959170E-17
 9976.13088455344  8.466854E-17
 9980.21177228412  8.754893E-17
 9984.29266001481  8.853417E-17
 9988.37354774549  8.871030E-17
 9992.45443547617  8.709336E-17
 9996.53532320685  9.400553E-17
10000.6162109375   9.483024E-17
