 4209.349609375    1.056691E-17
 4210.71093970018  6.339872E-18
 4212.07227002535  3.642004E-18
 4213.43360035052  2.115260E-18
 4214.7949306757   -2.806958E-18
 4216.15626100087  -6.472522E-18
 4217.51759132604  2.006712E-18
 4218.87892165121  3.231457E-18
 4220.24025197639  2.452527E-18
 4221.60158230156  1.295601E-17
 4222.96291262673  1.627632E-17
 4224.32424295191  2.055897E-17
 4225.68557327708  2.815190E-17
 4227.04690360225  1.870131E-17
 4228.40823392743  3.723897E-18
 4229.7695642526   1.012112E-17
 4231.13089457777  -5.925180E-18
 4232.49222490294  1.586145E-19
 4233.85355522812  1.592007E-17
 4235.21488555329  2.489311E-17
 4236.57621587846  -4.868439E-18
 4237.93754620364  6.480268E-18
 4239.29887652881  4.008696E-18
 4240.66020685398  2.893575E-18
 4242.02153717916  3.491054E-18
 4243.38286750433  1.148999E-17
 4244.7441978295   1.587171E-17
 4246.10552815467  1.333419E-17
 4247.46685847985  -3.582209E-18
 4248.82818880502  3.298713E-19
 4250.18951913019  1.079778E-17
 4251.55084945537  1.627216E-17
 4252.91217978054  1.917662E-17
 4254.27351010571  1.606219E-17
 4255.63484043089  1.301804E-17
 4256.99617075606  1.544962E-17
 4258.35750108123  1.457691E-17
 4259.7188314064   1.549921E-17
 4261.08016173158  1.347434E-17
 4262.44149205675  7.183297E-18
 4263.80282238192  3.840437E-18
 4265.1641527071   2.740947E-18
 4266.52548303227  1.531355E-18
 4267.88681335744  1.412985E-17
 4269.24814368262  2.264989E-17
 4270.60947400779  1.279732E-17
 4271.97080433296  -7.322336E-19
 4273.33213465813  1.083019E-18
 4274.69346498331  3.759454E-18
 4276.05479530848  2.997260E-18
 4277.41612563365  1.324007E-17
 4278.77745595883  1.347923E-17
 4280.138786284    4.736128E-18
 4281.50011660917  6.343623E-18
 4282.86144693435  1.403491E-18
 4284.22277725952  -8.164492E-18
 4285.58410758469  5.736725E-18
 4286.94543790986  9.158294E-18
 4288.30676823504  7.811549E-18
 4289.66809856021  7.601882E-18
 4291.02942888538  3.780874E-18
 4292.39075921056  4.867159E-18
 4293.75208953573  1.121028E-17
 4295.1134198609   4.705937E-18
 4296.47475018608  -1.007805E-17
 4297.83608051125  -5.707535E-19
 4299.19741083642  7.927341E-18
 4300.55874116159  1.035577E-17
 4301.92007148677  7.982804E-18
 4303.28140181194  1.582718E-19
 4304.64273213711  -2.936737E-19
 4306.00406246229  8.684736E-18
 4307.36539278746  4.893378E-19
 4308.72672311263  1.742766E-18
 4310.08805343781  7.965135E-18
 4311.44938376298  -5.790731E-20
 4312.81071408815  3.300125E-18
 4314.17204441332  7.530863E-18
 4315.5333747385   6.366101E-18
 4316.89470506367  9.867265E-18
 4318.25603538884  1.458928E-17
 4319.61736571402  1.371803E-17
 4320.97869603919  9.594844E-18
 4322.34002636436  9.058232E-18
 4323.70135668954  5.633592E-18
 4325.06268701471  7.157339E-18
 4326.42401733988  4.107400E-18
 4327.78534766505  5.099126E-18
 4329.14667799023  2.612419E-18
 4330.5080083154   6.294582E-18
 4331.86933864057  -1.652975E-18
 4333.23066896575  -3.910677E-18
 4334.59199929092  1.131047E-17
 4335.95332961609  1.369427E-17
 4337.31465994127  -1.384854E-18
 4338.67599026644  4.285546E-18
 4340.03732059161  1.230173E-17
 4341.39865091678  9.283813E-18
 4342.75998124196  7.713926E-19
 4344.12131156713  -4.710070E-19
 4345.4826418923   3.937972E-18
 4346.84397221748  5.636614E-18
 4348.20530254265  3.765061E-18
 4349.56663286782  1.520466E-18
 4350.927963193    -2.308171E-18
 4352.28929351817  2.086164E-18
 4353.65062384334  7.365181E-18
 4355.01195416851  1.442346E-18
 4356.37328449369  3.452137E-18
 4357.73461481886  1.068917E-17
 4359.09594514403  2.153299E-17
 4360.45727546921  1.837385E-17
 4361.81860579438  1.343516E-17
 4363.17993611955  1.568826E-17
 4364.54126644473  1.547793E-17
 4365.9025967699   8.722352E-18
 4367.26392709507  9.009326E-18
 4368.62525742024  1.013228E-17
 4369.98658774542  9.734894E-18
 4371.34791807059  9.149255E-18
 4372.70924839576  8.963036E-18
 4374.07057872094  9.293705E-18
 4375.43190904611  7.630075E-18
 4376.79323937128  1.067640E-17
 4378.15456969646  1.214805E-17
 4379.51590002163  7.519848E-18
 4380.8772303468   2.868725E-18
 4382.23856067197  6.937552E-18
 4383.59989099715  9.346782E-18
 4384.96122132232  9.488978E-18
 4386.32255164749  2.202535E-18
 4387.68388197267  1.256755E-17
 4389.04521229784  1.119962E-17
 4390.40654262301  7.521892E-18
 4391.76787294819  6.287386E-18
 4393.12920327336  6.824465E-18
 4394.49053359853  5.341121E-18
 4395.8518639237   9.990004E-18
 4397.21319424888  1.320268E-17
 4398.57452457405  1.124967E-17
 4399.93585489922  6.352209E-18
 4401.2971852244   -1.234182E-19
 4402.65851554957  6.028046E-18
 4404.01984587474  1.376881E-17
 4405.38117619992  8.872556E-18
 4406.74250652509  7.790420E-18
 4408.10383685026  9.547735E-18
 4409.46516717543  5.564351E-18
 4410.82649750061  1.230385E-17
 4412.18782782578  1.222146E-17
 4413.54915815095  3.611042E-18
 4414.91048847613  3.225744E-18
 4416.2718188013   7.834238E-18
 4417.63314912647  1.058188E-17
 4418.99447945165  8.651963E-18
 4420.35580977682  7.936097E-18
 4421.71714010199  3.774665E-18
 4423.07847042716  2.740990E-18
 4424.43980075234  3.126482E-18
 4425.80113107751  3.487743E-18
 4427.16246140268  4.845353E-18
 4428.52379172786  1.641398E-18
 4429.88512205303  6.550794E-18
 4431.2464523782   1.014813E-17
 4432.60778270338  8.747745E-18
 4433.96911302855  7.549690E-18
 4435.33044335372  9.665562E-18
 4436.69177367889  1.470256E-17
 4438.05310400407  1.411331E-17
 4439.41443432924  5.116241E-18
 4440.77576465441  4.006853E-18
 4442.13709497959  9.294545E-18
 4443.49842530476  7.503513E-18
 4444.85975562993  7.069860E-18
 4446.22108595511  1.113786E-17
 4447.58241628028  7.189953E-18
 4448.94374660545  6.968999E-18
 4450.30507693062  8.772288E-18
 4451.6664072558   7.144423E-18
 4453.02773758097  1.597872E-18
 4454.38906790614  4.361491E-18
 4455.75039823132  1.629462E-17
 4457.11172855649  1.328238E-17
 4458.47305888166  6.265848E-18
 4459.83438920684  2.866210E-18
 4461.19571953201  6.050265E-18
 4462.55704985718  9.261429E-18
 4463.91838018235  6.370472E-18
 4465.27971050753  4.206334E-18
 4466.6410408327   2.942085E-18
 4468.00237115787  2.202640E-18
 4469.36370148305  3.244076E-18
 4470.72503180822  6.576726E-18
 4472.08636213339  4.858355E-18
 4473.44769245857  4.522552E-18
 4474.80902278374  4.260300E-18
 4476.17035310891  6.700641E-18
 4477.53168343408  5.379841E-18
 4478.89301375926  3.345610E-18
 4480.25434408443  5.034856E-18
 4481.6156744096   6.089283E-18
 4482.97700473478  9.703998E-18
 4484.33833505995  9.172229E-18
 4485.69966538512  8.433711E-18
 4487.0609957103   1.032568E-17
 4488.42232603547  1.033719E-17
 4489.78365636064  5.799521E-18
 4491.14498668581  9.293933E-18
 4492.50631701099  9.601632E-18
 4493.86764733616  8.583790E-18
 4495.22897766133  1.206127E-17
 4496.59030798651  1.114911E-17
 4497.95163831168  8.932379E-18
 4499.31296863685  1.225277E-17
 4500.67429896203  5.602602E-18
 4502.0356292872   5.563266E-18
 4503.39695961237  1.369996E-17
 4504.75828993754  1.839009E-17
 4506.11962026272  9.370006E-18
 4507.48095058789  6.400128E-18
 4508.84228091306  5.861284E-18
 4510.20361123824  7.254162E-18
 4511.56494156341  5.707058E-18
 4512.92627188858  7.704038E-18
 4514.28760221376  5.289498E-18
 4515.64893253893  8.494090E-18
 4517.0102628641   1.219731E-17
 4518.37159318927  1.399839E-17
 4519.73292351445  1.196921E-17
 4521.09425383962  8.504039E-18
 4522.45558416479  1.022925E-17
 4523.81691448997  1.461747E-17
 4525.17824481514  1.013327E-17
 4526.53957514031  1.110484E-17
 4527.90090546549  1.556970E-17
 4529.26223579066  1.009459E-17
 4530.62356611583  5.402488E-18
 4531.984896441    7.204753E-18
 4533.34622676618  9.388922E-18
 4534.70755709135  8.216201E-18
 4536.06888741652  7.801987E-18
 4537.4302177417   7.024041E-18
 4538.79154806687  8.504491E-18
 4540.15287839204  7.451097E-18
 4541.51420871722  3.753791E-18
 4542.87553904239  6.334519E-18
 4544.23686936756  1.021531E-17
 4545.59819969274  1.014732E-17
 4546.95953001791  6.867914E-18
 4548.32086034308  7.998268E-18
 4549.68219066825  1.581191E-17
 4551.04352099343  1.589800E-17
 4552.4048513186   1.230359E-17
 4553.76618164377  1.136793E-17
 4555.12751196895  1.060498E-17
 4556.48884229412  1.082979E-17
 4557.85017261929  9.684164E-18
 4559.21150294447  1.297748E-17
 4560.57283326964  1.426266E-17
 4561.93416359481  1.010390E-17
 4563.29549391998  9.968059E-18
 4564.65682424516  1.209274E-17
 4566.01815457033  9.576589E-18
 4567.3794848955   4.378497E-18
 4568.74081522068  7.392944E-18
 4570.10214554585  1.017899E-17
 4571.46347587102  8.389982E-18
 4572.8248061962   3.705822E-18
 4574.18613652137  7.034426E-18
 4575.54746684654  1.462876E-17
 4576.90879717171  1.792246E-17
 4578.27012749689  1.250797E-17
 4579.63145782206  1.257837E-17
 4580.99278814723  1.340204E-17
 4582.35411847241  1.572270E-17
 4583.71544879758  1.308541E-17
 4585.07677912275  1.155563E-17
 4586.43810944792  1.513691E-17
 4587.7994397731   1.167869E-17
 4589.16077009827  5.249131E-18
 4590.52210042344  4.407361E-18
 4591.88343074862  1.017357E-17
 4593.24476107379  1.004419E-17
 4594.60609139896  1.067812E-17
 4595.96742172414  1.289230E-17
 4597.32875204931  1.196013E-17
 4598.69008237448  7.492838E-18
 4600.05141269965  8.467616E-18
 4601.41274302483  1.245569E-17
 4602.77407335     1.033945E-17
 4604.13540367517  8.389171E-18
 4605.49673400035  9.695142E-18
 4606.85806432552  1.378210E-17
 4608.21939465069  1.251920E-17
 4609.58072497587  1.192999E-17
 4610.94205530104  1.355298E-17
 4612.30338562621  1.379356E-17
 4613.66471595139  1.083789E-17
 4615.02604627656  7.490040E-18
 4616.38737660173  1.158847E-17
 4617.7487069269   9.062460E-18
 4619.11003725208  7.128398E-18
 4620.47136757725  7.142963E-18
 4621.83269790242  1.053295E-17
 4623.1940282276   8.541921E-18
 4624.55535855277  7.651598E-18
 4625.91668887794  6.586734E-18
 4627.27801920311  5.430245E-18
 4628.63934952829  9.103080E-18
 4630.00067985346  1.034365E-17
 4631.36201017863  1.181658E-17
 4632.72334050381  9.284085E-18
 4634.08467082898  1.105445E-17
 4635.44600115415  1.148308E-17
 4636.80733147933  4.187373E-18
 4638.1686618045   2.210197E-18
 4639.52999212967  6.058801E-18
 4640.89132245484  8.357935E-18
 4642.25265278002  7.986923E-18
 4643.61398310519  1.047512E-17
 4644.97531343036  6.960722E-18
 4646.33664375554  9.801796E-18
 4647.69797408071  1.444394E-17
 4649.05930440588  1.444994E-17
 4650.42063473106  9.735396E-18
 4651.78196505623  7.031646E-18
 4653.1432953814   8.300915E-18
 4654.50462570657  9.957172E-18
 4655.86595603175  1.221664E-17
 4657.22728635692  1.121448E-17
 4658.58861668209  1.318902E-17
 4659.94994700727  1.675047E-17
 4661.31127733244  1.391691E-17
 4662.67260765761  1.074882E-17
 4664.03393798279  1.288936E-17
 4665.39526830796  1.147320E-17
 4666.75659863313  8.515814E-18
 4668.11792895831  9.251201E-18
 4669.47925928348  1.331595E-17
 4670.84058960865  1.427870E-17
 4672.20191993382  9.766062E-18
 4673.563250259    8.477844E-18
 4674.92458058417  9.900231E-18
 4676.28591090934  1.139220E-17
 4677.64724123452  1.053869E-17
 4679.00857155969  1.404515E-17
 4680.36990188486  8.428105E-18
 4681.73123221004  5.371080E-18
 4683.09256253521  9.541393E-18
 4684.45389286038  7.968945E-18
 4685.81522318555  7.429311E-18
 4687.17655351073  8.509507E-18
 4688.5378838359   7.284038E-18
 4689.89921416107  7.929867E-18
 4691.26054448625  5.426062E-18
 4692.62187481142  1.032717E-17
 4693.98320513659  1.471282E-17
 4695.34453546177  1.019473E-17
 4696.70586578694  9.443020E-18
 4698.06719611211  1.504055E-17
 4699.42852643728  1.424256E-17
 4700.78985676246  1.378300E-17
 4702.15118708763  1.461278E-17
 4703.5125174128   7.756407E-18
 4704.87384773798  8.446705E-18
 4706.23517806315  6.507340E-18
 4707.59650838832  1.998650E-18
 4708.9578387135   3.721685E-18
 4710.31916903867  8.336940E-18
 4711.68049936384  1.146255E-17
 4713.04182968901  1.308657E-17
 4714.40316001419  1.348633E-17
 4715.76449033936  1.055860E-17
 4717.12582066453  6.844708E-18
 4718.48715098971  9.887145E-18
 4719.84848131488  1.158274E-17
 4721.20981164005  1.294091E-17
 4722.57114196523  1.393785E-17
 4723.9324722904   1.335778E-17
 4725.29380261557  1.119206E-17
 4726.65513294074  1.035389E-17
 4728.01646326592  7.778304E-18
 4729.37779359109  6.147434E-18
 4730.73912391626  5.281714E-18
 4732.10045424144  9.384838E-18
 4733.46178456661  1.090836E-17
 4734.82311489178  9.889111E-18
 4736.18444521696  1.107121E-17
 4737.54577554213  1.099945E-17
 4738.9071058673   6.920915E-18
 4740.26843619247  8.394576E-18
 4741.62976651765  1.007581E-17
 4742.99109684282  8.895388E-18
 4744.35242716799  1.197453E-17
 4745.71375749317  8.856028E-18
 4747.07508781834  9.407455E-18
 4748.43641814351  1.110053E-17
 4749.79774846869  1.278022E-17
 4751.15907879386  9.470761E-18
 4752.52040911903  5.737476E-18
 4753.8817394442   1.061142E-17
 4755.24306976938  1.058867E-17
 4756.60440009455  8.201519E-18
 4757.96573041972  1.052545E-17
 4759.3270607449   1.264244E-17
 4760.68839107007  9.737203E-18
 4762.04972139524  8.728416E-18
 4763.41105172042  8.351208E-18
 4764.77238204559  9.800983E-18
 4766.13371237076  1.206251E-17
 4767.49504269593  1.363771E-17
 4768.85637302111  1.312133E-17
 4770.21770334628  1.022497E-17
 4771.57903367145  8.889542E-18
 4772.94036399663  6.521870E-18
 4774.3016943218   7.881834E-18
 4775.66302464697  9.668549E-18
 4777.02435497215  1.224608E-17
 4778.38568529732  1.049799E-17
 4779.74701562249  9.051918E-18
 4781.10834594766  9.029135E-18
 4782.46967627284  9.813232E-18
 4783.83100659801  1.103234E-17
 4785.19233692318  1.305905E-17
 4786.55366724836  1.114639E-17
 4787.91499757353  1.053489E-17
 4789.2763278987   1.094681E-17
 4790.63765822388  1.300566E-17
 4791.99898854905  1.254746E-17
 4793.36031887422  1.167546E-17
 4794.72164919939  1.220756E-17
 4796.08297952457  9.501210E-18
 4797.44430984974  7.631002E-18
 4798.80564017491  7.519643E-18
 4800.16697050009  9.201034E-18
 4801.52830082526  9.755435E-18
 4802.88963115043  1.218975E-17
 4804.25096147561  1.274024E-17
 4805.61229180078  1.010625E-17
 4806.97362212595  9.678706E-18
 4808.33495245112  1.308075E-17
 4809.6962827763   1.144682E-17
 4811.05761310147  8.071623E-18
 4812.41894342664  8.894161E-18
 4813.78027375182  1.243516E-17
 4815.14160407699  1.287903E-17
 4816.50293440216  1.414013E-17
 4817.86426472734  1.317848E-17
 4819.22559505251  9.807257E-18
 4820.58692537768  9.347234E-18
 4821.94825570285  8.952793E-18
 4823.30958602803  7.997537E-18
 4824.6709163532   8.395484E-18
 4826.03224667837  9.781497E-18
 4827.39357700355  9.910817E-18
 4828.75490732872  1.154929E-17
 4830.11623765389  1.293671E-17
 4831.47756797907  1.118289E-17
 4832.83889830424  9.862459E-18
 4834.20022862941  8.340185E-18
 4835.56155895458  9.118813E-18
 4836.92288927976  9.245073E-18
 4838.28421960493  1.099357E-17
 4839.6455499301   1.064536E-17
 4841.00688025528  1.026697E-17
 4842.36821058045  1.064714E-17
 4843.72954090562  1.411670E-17
 4845.0908712308   1.427990E-17
 4846.45220155597  1.336707E-17
 4847.81353188114  1.179024E-17
 4849.17486220631  1.304846E-17
 4850.53619253149  1.380935E-17
 4851.89752285666  1.184815E-17
 4853.25885318183  1.075110E-17
 4854.62018350701  8.613758E-18
 4855.98151383218  7.010902E-18
 4857.34284415735  1.153026E-17
 4858.70417448253  1.303885E-17
 4860.0655048077   1.315974E-17
 4861.42683513287  1.265364E-17
 4862.78816545804  1.372019E-17
 4864.14949578322  1.365695E-17
 4865.51082610839  1.091276E-17
 4866.87215643356  1.206916E-17
 4868.23348675874  1.439760E-17
 4869.59481708391  1.297379E-17
 4870.95614740908  9.606862E-18
 4872.31747773426  9.574388E-18
 4873.67880805943  1.106410E-17
 4875.0401383846   1.030000E-17
 4876.40146870977  1.178039E-17
 4877.76279903495  1.186460E-17
 4879.12412936012  1.487141E-17
 4880.48545968529  1.687660E-17
 4881.84679001047  1.884243E-17
 4883.20812033564  2.207115E-17
 4884.56945066081  2.779623E-17
 4885.93078098599  3.133115E-17
 4887.29211131116  3.549661E-17
 4888.65344163633  4.522582E-17
 4890.0147719615   4.625861E-17
 4891.37610228668  3.959780E-17
 4892.73743261185  3.737853E-17
 4894.09876293702  3.612486E-17
 4895.4600932622   3.133319E-17
 4896.82142358737  2.458932E-17
 4898.18275391254  2.296409E-17
 4899.54408423772  2.462662E-17
 4900.90541456289  2.299142E-17
 4902.26674488806  1.746231E-17
 4903.62807521323  1.609460E-17
 4904.98940553841  1.584266E-17
 4906.35073586358  1.276521E-17
 4907.71206618875  1.435752E-17
 4909.07339651393  1.340349E-17
 4910.4347268391   1.388356E-17
 4911.79605716427  1.419827E-17
 4913.15738748945  1.376520E-17
 4914.51871781462  1.420237E-17
 4915.88004813979  1.231949E-17
 4917.24137846496  8.795289E-18
 4918.60270879014  1.052620E-17
 4919.96403911531  1.208255E-17
 4921.32536944048  1.285452E-17
 4922.68669976566  1.096958E-17
 4924.04803009083  9.775912E-18
 4925.409360416    1.193779E-17
 4926.77069074118  9.778628E-18
 4928.13202106635  9.957215E-18
 4929.49335139152  1.145725E-17
 4930.85468171669  1.385643E-17
 4932.21601204187  1.331266E-17
 4933.57734236704  1.026266E-17
 4934.93867269221  1.103839E-17
 4936.30000301739  1.005507E-17
 4937.66133334256  1.029203E-17
 4939.02266366773  1.173484E-17
 4940.38399399291  8.349985E-18
 4941.74532431808  5.071405E-18
 4943.10665464325  1.036462E-17
 4944.46798496842  1.411130E-17
 4945.8293152936   1.247588E-17
 4947.19064561877  1.063807E-17
 4948.55197594394  1.349479E-17
 4949.91330626912  1.562023E-17
 4951.27463659429  1.333893E-17
 4952.63596691946  1.284209E-17
 4953.99729724464  1.462396E-17
 4955.35862756981  1.458758E-17
 4956.71995789498  1.329380E-17
 4958.08128822015  1.258076E-17
 4959.44261854533  1.326304E-17
 4960.8039488705   1.064564E-17
 4962.16527919567  1.105107E-17
 4963.52660952085  1.134667E-17
 4964.88793984602  1.250369E-17
 4966.24927017119  1.169687E-17
 4967.61060049637  1.223559E-17
 4968.97193082154  1.723377E-17
 4970.33326114671  1.208181E-17
 4971.69459147188  1.229702E-17
 4973.05592179706  1.147711E-17
 4974.41725212223  1.161426E-17
 4975.7785824474   1.145195E-17
 4977.13991277258  6.618325E-18
 4978.50124309775  7.644905E-18
 4979.86257342292  1.197431E-17
 4981.2239037481   1.118133E-17
 4982.58523407327  1.020545E-17
 4983.94656439844  9.210431E-18
 4985.30789472361  9.713196E-18
 4986.66922504879  9.903714E-18
 4988.03055537396  1.083141E-17
 4989.39188569913  1.455146E-17
 4990.75321602431  1.262305E-17
 4992.11454634948  1.107663E-17
 4993.47587667465  1.321478E-17
 4994.83720699983  1.118091E-17
 4996.198537325    1.043073E-17
 4997.55986765017  1.028455E-17
 4998.92119797534  1.372722E-17
 5000.28252830052  1.312559E-17
 5001.64385862569  1.143956E-17
 5003.00518895086  1.070068E-17
 5004.36651927604  1.082747E-17
 5005.72784960121  1.267998E-17
 5007.08917992638  1.380793E-17
 5008.45051025156  1.233079E-17
 5009.81184057673  9.581279E-18
 5011.1731709019   8.151105E-18
 5012.53450122708  6.711700E-18
 5013.89583155225  6.325517E-18
 5015.25716187742  8.216368E-18
 5016.61849220259  9.088802E-18
 5017.97982252777  9.902570E-18
 5019.34115285294  1.103611E-17
 5020.70248317811  1.088406E-17
 5022.06381350329  1.033370E-17
 5023.42514382846  1.075156E-17
 5024.78647415363  1.103968E-17
 5026.1478044788   1.173807E-17
 5027.50913480398  1.202005E-17
 5028.87046512915  1.062551E-17
 5030.23179545432  1.034847E-17
 5031.5931257795   9.218188E-18
 5032.95445610467  9.312433E-18
 5034.31578642984  9.216240E-18
 5035.67711675502  9.635867E-18
 5037.03844708019  1.078580E-17
 5038.39977740536  1.076808E-17
 5039.76110773053  1.261095E-17
 5041.12243805571  1.397773E-17
 5042.48376838088  1.221193E-17
 5043.84509870605  1.179214E-17
 5045.20642903123  1.181782E-17
 5046.5677593564   1.013703E-17
 5047.92908968157  1.175784E-17
 5049.29042000675  1.298095E-17
 5050.65175033192  1.460292E-17
 5052.01308065709  1.481644E-17
 5053.37441098227  1.330296E-17
 5054.73574130744  1.226531E-17
 5056.09707163261  1.332048E-17
 5057.45840195778  1.310717E-17
 5058.81973228296  1.157038E-17
 5060.18106260813  1.572476E-17
 5061.5423929333   1.223216E-17
 5062.90372325848  1.205653E-17
 5064.26505358365  1.441939E-17
 5065.62638390882  1.390249E-17
 5066.987714234    1.134884E-17
 5068.34904455917  1.018774E-17
 5069.71037488434  1.283348E-17
 5071.07170520951  1.148640E-17
 5072.43303553469  1.275401E-17
 5073.79436585986  1.261489E-17
 5075.15569618503  1.137141E-17
 5076.5170265102   1.210769E-17
 5077.87835683538  1.289934E-17
 5079.23968716055  1.337982E-17
 5080.60101748572  1.261676E-17
 5081.9623478109   1.315735E-17
 5083.32367813607  1.313779E-17
 5084.68500846124  1.346887E-17
 5086.04633878642  1.426112E-17
 5087.40766911159  1.398750E-17
 5088.76899943676  1.527962E-17
 5090.13032976194  1.416812E-17
 5091.49166008711  1.188503E-17
 5092.85299041228  1.200964E-17
 5094.21432073746  1.238432E-17
 5095.57565106263  1.350029E-17
 5096.9369813878   1.446196E-17
 5098.29831171297  1.158805E-17
 5099.65964203815  1.058858E-17
 5101.02097236332  1.235741E-17
 5102.38230268849  1.230102E-17
 5103.74363301367  1.108455E-17
 5105.10496333884  1.230325E-17
 5106.46629366401  1.299243E-17
 5107.82762398919  1.404944E-17
 5109.18895431436  1.660156E-17
 5110.55028463953  1.678216E-17
 5111.9116149647   1.399503E-17
 5113.27294528988  1.089117E-17
 5114.63427561505  9.621481E-18
 5115.99560594022  9.156922E-18
 5117.3569362654   1.149669E-17
 5118.71826659057  1.366162E-17
 5120.07959691574  1.404713E-17
 5121.44092724092  1.445430E-17
 5122.80225756609  1.350315E-17
 5124.16358789126  1.291745E-17
 5125.52491821643  1.418875E-17
 5126.88624854161  1.409335E-17
 5128.24757886678  1.086991E-17
 5129.60890919195  1.282779E-17
 5130.97023951713  1.239526E-17
 5132.3315698423   1.286167E-17
 5133.69290016747  1.386322E-17
 5135.05423049264  1.445628E-17
 5136.41556081782  1.213499E-17
 5137.77689114299  8.214980E-18
 5139.13822146816  1.081110E-17
 5140.49955179334  1.210653E-17
 5141.86088211851  1.225261E-17
 5143.22221244368  1.139063E-17
 5144.58354276886  1.114994E-17
 5145.94487309403  1.319553E-17
 5147.3062034192   1.314851E-17
 5148.66753374437  1.086145E-17
 5150.02886406955  1.206165E-17
 5151.39019439472  1.651190E-17
 5152.75152471989  1.118564E-17
 5154.11285504507  1.143488E-17
 5155.47418537024  7.713698E-18
 5156.83551569541  9.463178E-18
 5158.19684602059  1.215830E-17
 5159.55817634576  1.276997E-17
 5160.91950667093  1.143539E-17
 5162.28083699611  1.148009E-17
 5163.64216732128  1.327888E-17
 5165.00349764645  1.223955E-17
 5166.36482797162  1.144565E-17
 5167.7261582968   9.504951E-18
 5169.08748862197  1.145834E-17
 5170.44881894714  1.197674E-17
 5171.81014927232  1.269426E-17
 5173.17147959749  1.309997E-17
 5174.53280992266  1.200327E-17
 5175.89414024784  1.234383E-17
 5177.25547057301  1.263971E-17
 5178.61680089818  1.202398E-17
 5179.97813122335  1.346850E-17
 5181.33946154853  1.255902E-17
 5182.7007918737   1.156499E-17
 5184.06212219887  1.197781E-17
 5185.42345252405  1.235195E-17
 5186.78478284922  1.335948E-17
 5188.14611317439  1.234201E-17
 5189.50744349957  1.247577E-17
 5190.86877382474  1.494626E-17
 5192.23010414991  1.354602E-17
 5193.59143447508  1.293469E-17
 5194.95276480026  1.343668E-17
 5196.31409512543  1.339941E-17
 5197.6754254506   1.281647E-17
 5199.03675577578  1.300671E-17
 5200.39808610095  1.400364E-17
 5201.75941642612  1.404212E-17
 5203.12074675129  1.383583E-17
 5204.48207707647  1.403931E-17
 5205.84340740164  1.370367E-17
 5207.20473772681  1.458479E-17
 5208.56606805199  1.325089E-17
 5209.92739837716  1.225615E-17
 5211.28872870233  1.426935E-17
 5212.65005902751  1.607919E-17
 5214.01138935268  1.491124E-17
 5215.37271967785  1.308759E-17
 5216.73405000303  1.240784E-17
 5218.0953803282   1.425235E-17
 5219.45671065337  1.535361E-17
 5220.81804097854  1.451779E-17
 5222.17937130372  1.599653E-17
 5223.54070162889  1.597748E-17
 5224.90203195406  1.343205E-17
 5226.26336227924  1.197298E-17
 5227.62469260441  1.427473E-17
 5228.98602292958  1.356363E-17
 5230.34735325476  1.332546E-17
 5231.70868357993  1.407640E-17
 5233.0700139051   1.439939E-17
 5234.43134423027  1.420508E-17
 5235.79267455545  1.295458E-17
 5237.15400488062  1.087674E-17
 5238.51533520579  1.304225E-17
 5239.87666553097  1.227940E-17
 5241.23799585614  1.111270E-17
 5242.59932618131  1.122444E-17
 5243.96065650649  1.191101E-17
 5245.32198683166  1.250323E-17
 5246.68331715683  1.240616E-17
 5248.044647482    1.661436E-17
 5249.40597780718  1.371616E-17
 5250.76730813235  1.313000E-17
 5252.12863845752  1.323082E-17
 5253.4899687827   1.426352E-17
 5254.85129910787  1.430768E-17
 5256.21262943304  1.269468E-17
 5257.57395975822  1.111510E-17
 5258.93529008339  1.223965E-17
 5260.29662040856  1.230151E-17
 5261.65795073373  1.233267E-17
 5263.01928105891  1.065624E-17
 5264.38061138408  1.148808E-17
 5265.74194170925  1.257676E-17
 5267.10327203443  1.283110E-17
 5268.4646023596   1.204711E-17
 5269.82593268477  1.316076E-17
 5271.18726300994  1.598602E-17
 5272.54859333512  1.485201E-17
 5273.90992366029  1.393694E-17
 5275.27125398546  1.453394E-17
 5276.63258431064  1.274865E-17
 5277.99391463581  1.270805E-17
 5279.35524496098  1.492313E-17
 5280.71657528616  1.455600E-17
 5282.07790561133  1.250410E-17
 5283.4392359365   1.150804E-17
 5284.80056626168  1.340804E-17
 5286.16189658685  1.555996E-17
 5287.52322691202  1.628060E-17
 5288.8845572372   1.525068E-17
 5290.24588756237  1.370855E-17
 5291.60721788754  1.284059E-17
 5292.96854821271  1.367585E-17
 5294.32987853789  1.397242E-17
 5295.69120886306  1.310405E-17
 5297.05253918823  1.251900E-17
 5298.41386951341  1.283928E-17
 5299.77519983858  1.305056E-17
 5301.13653016375  1.259628E-17
 5302.49786048892  1.156524E-17
 5303.8591908141   1.270209E-17
 5305.22052113927  1.439798E-17
 5306.58185146444  1.450091E-17
 5307.94318178962  1.377373E-17
 5309.30451211479  1.461438E-17
 5310.66584243996  1.492491E-17
 5312.02717276514  1.397814E-17
 5313.38850309031  1.505057E-17
 5314.74983341548  1.646894E-17
 5316.11116374065  1.720741E-17
 5317.47249406583  1.507532E-17
 5318.833824391    1.015343E-17
 5320.19515471617  1.128473E-17
 5321.55648504135  1.263001E-17
 5322.91781536652  1.263438E-17
 5324.27914569169  1.294622E-17
 5325.64047601687  1.308647E-17
 5327.00180634204  1.346592E-17
 5328.36313666721  1.322065E-17
 5329.72446699238  1.574125E-17
 5331.08579731756  1.368762E-17
 5332.44712764273  1.246858E-17
 5333.8084579679   1.300564E-17
 5335.16978829308  1.352208E-17
 5336.53111861825  1.437580E-17
 5337.89244894342  1.534768E-17
 5339.2537792686   1.597151E-17
 5340.61510959377  1.202250E-17
 5341.97643991894  9.238813E-18
 5343.33777024411  9.985106E-18
 5344.69910056929  1.381768E-17
 5346.06043089446  1.450761E-17
 5347.42176121963  1.378726E-17
 5348.78309154481  1.391943E-17
 5350.14442186998  1.441512E-17
 5351.50575219515  1.315104E-17
 5352.86708252033  1.335063E-17
 5354.2284128455   1.295784E-17
 5355.58974317067  1.274053E-17
 5356.95107349585  1.231916E-17
 5358.31240382102  1.527362E-17
 5359.67373414619  1.364675E-17
 5361.03506447136  1.425621E-17
 5362.39639479654  1.486304E-17
 5363.75772512171  1.618160E-17
 5365.11905544688  1.344342E-17
 5366.48038577206  1.320081E-17
 5367.84171609723  1.203569E-17
 5369.2030464224   1.151294E-17
 5370.56437674757  1.253768E-17
 5371.92570707275  1.402330E-17
 5373.28703739792  1.268597E-17
 5374.64836772309  1.278301E-17
 5376.00969804827  1.318322E-17
 5377.37102837344  1.414522E-17
 5378.73235869861  1.380524E-17
 5380.09368902379  1.623404E-17
 5381.45501934896  1.603885E-17
 5382.81634967413  1.217703E-17
 5384.17767999931  1.097984E-17
 5385.53901032448  1.364009E-17
 5386.90034064965  1.294742E-17
 5388.26167097482  1.076016E-17
 5389.6230013      1.221919E-17
 5390.98433162517  1.333171E-17
 5392.34566195034  1.474658E-17
 5393.70699227552  1.567475E-17
 5395.06832260069  1.127725E-17
 5396.42965292586  1.337890E-17
 5397.79098325103  1.332459E-17
 5399.15231357621  1.298080E-17
 5400.51364390138  1.278950E-17
 5401.87497422655  1.142519E-17
 5403.23630455173  1.218727E-17
 5404.5976348769   1.366495E-17
 5405.95896520207  1.398622E-17
 5407.32029552725  1.357374E-17
 5408.68162585242  1.312939E-17
 5410.04295617759  1.402199E-17
 5411.40428650276  1.371471E-17
 5412.76561682794  1.235959E-17
 5414.12694715311  1.307707E-17
 5415.48827747828  1.304744E-17
 5416.84960780346  1.331545E-17
 5418.21093812863  1.146238E-17
 5419.5722684538   9.006206E-18
 5420.93359877898  1.365586E-17
 5422.29492910415  1.467998E-17
 5423.65625942932  9.420167E-18
 5425.0175897545   1.157911E-17
 5426.37892007967  1.408868E-17
 5427.74025040484  1.445046E-17
 5429.10158073001  1.220627E-17
 5430.46291105519  1.092623E-17
 5431.82424138036  1.358751E-17
 5433.18557170553  1.431098E-17
 5434.54690203071  1.200768E-17
 5435.90823235588  1.235847E-17
 5437.26956268105  1.210030E-17
 5438.63089300622  1.277101E-17
 5439.9922233314   1.251187E-17
 5441.35355365657  1.233902E-17
 5442.71488398174  1.269601E-17
 5444.07621430692  1.315696E-17
 5445.43754463209  1.393051E-17
 5446.79887495726  1.289094E-17
 5448.16020528244  1.349704E-17
 5449.52153560761  1.244642E-17
 5450.88286593278  1.403395E-17
 5452.24419625796  1.343133E-17
 5453.60552658313  1.438606E-17
 5454.9668569083   1.477892E-17
 5456.32818723347  1.477187E-17
 5457.68951755865  1.460136E-17
 5459.05084788382  1.277960E-17
 5460.41217820899  1.232484E-17
 5461.77350853417  1.371967E-17
 5463.13483885934  1.382954E-17
 5464.49616918451  1.284096E-17
 5465.85749950968  1.232116E-17
 5467.21882983486  1.321824E-17
 5468.58016016003  1.518432E-17
 5469.9414904852   1.627498E-17
 5471.30282081038  1.354850E-17
 5472.66415113555  1.179259E-17
 5474.02548146072  1.471572E-17
 5475.3868117859   1.378482E-17
 5476.74814211107  1.300506E-17
 5478.10947243624  1.419029E-17
 5479.47080276141  1.509731E-17
 5480.83213308659  1.366576E-17
 5482.19346341176  1.246998E-17
 5483.55479373693  1.644974E-17
 5484.91612406211  1.370831E-17
 5486.27745438728  1.524464E-17
 5487.63878471245  1.342952E-17
 5489.00011503762  1.234434E-17
 5490.3614453628   1.339543E-17
 5491.72277568797  1.565529E-17
 5493.08410601314  1.483436E-17
 5494.44543633832  1.238042E-17
 5495.80676666349  1.433220E-17
 5497.16809698866  1.305982E-17
 5498.52942731384  1.271894E-17
 5499.89075763901  1.078127E-17
 5501.25208796418  1.132814E-17
 5502.61341828936  1.062761E-17
 5503.97474861453  1.257388E-17
 5505.3360789397   1.277473E-17
 5506.69740926488  1.174130E-17
 5508.05873959005  1.266655E-17
 5509.42006991522  1.273802E-17
 5510.78140024039  1.377165E-17
 5512.14273056557  1.248441E-17
 5513.50406089074  1.330176E-17
 5514.86539121591  1.499165E-17
 5516.22672154109  1.326902E-17
 5517.58805186626  1.290705E-17
 5518.94938219143  1.136723E-17
 5520.31071251661  1.182856E-17
 5521.67204284178  1.239572E-17
 5523.03337316695  1.307664E-17
 5524.39470349212  1.298037E-17
 5525.7560338173   1.207034E-17
 5527.11736414247  1.231118E-17
 5528.47869446764  1.326443E-17
 5529.84002479281  1.300824E-17
 5531.20135511799  1.361364E-17
 5532.56268544316  1.330757E-17
 5533.92401576834  1.465787E-17
 5535.28534609351  1.540006E-17
 5536.64667641868  1.588813E-17
 5538.00800674385  1.588339E-17
 5539.36933706903  1.324432E-17
 5540.7306673942   1.233223E-17
 5542.09199771937  1.485984E-17
 5543.45332804455  1.655139E-17
 5544.81465836972  1.588752E-17
 5546.17598869489  1.379939E-17
 5547.53731902006  1.372370E-17
 5548.89864934524  1.387086E-17
 5550.25997967041  1.279352E-17
 5551.62130999558  1.109122E-17
 5552.98264032076  9.983677E-18
 5554.34397064593  1.178089E-17
 5555.7053009711   1.337897E-17
 5557.06663129628  1.374932E-17
 5558.42796162145  1.423577E-17
 5559.78929194662  1.288917E-17
 5561.15062227179  1.206571E-17
 5562.51195259697  1.454120E-17
 5563.87328292214  1.511483E-17
 5565.23461324731  1.330469E-17
 5566.59594357249  1.370488E-17
 5567.95727389766  1.618651E-17
 5569.31860422283  1.673669E-17
 5570.679934548    1.313999E-17
 5572.04126487318  1.194215E-17
 5573.40259519835  1.203097E-17
 5574.76392552353  1.215904E-17
 5576.1252558487   1.228565E-17
 5577.48658617387  1.239752E-17
 5578.84791649904  1.252326E-17
 5580.20924682422  1.264709E-17
 5581.57057714939  1.276425E-17
 5582.93190747456  1.289471E-17
 5584.29323779974  1.301340E-17
 5585.65456812491  1.312725E-17
 5587.01589845008  1.325384E-17
 5588.37722877526  1.337262E-17
 5589.73855910043  1.217693E-17
 5591.0998894256   1.234569E-17
 5592.46121975077  1.317837E-17
 5593.82255007595  1.336389E-17
 5595.18388040112  1.354804E-17
 5596.54521072629  1.242002E-17
 5597.90654105147  1.255904E-17
 5599.26787137664  1.269845E-17
 5600.62920170181  1.283919E-17
 5601.99053202698  1.297854E-17
 5603.35186235216  1.311970E-17
 5604.71319267733  1.396950E-17
 5606.0745230025   1.475148E-17
 5607.43585332768  1.457719E-17
 5608.79718365285  1.060488E-17
 5610.15851397802  1.150780E-17
 5611.5198443032   1.231905E-17
 5612.88117462837  1.770586E-17
 5614.24250495354  1.462301E-17
 5615.60383527871  1.606668E-17
 5616.96516560389  1.250796E-17
 5618.32649592906  1.317426E-17
 5619.68782625423  1.388216E-17
 5621.04915657941  1.092032E-17
 5622.41048690458  1.616509E-17
 5623.77181722975  1.584538E-17
 5625.13314755493  9.414975E-18
 5626.4944778801   1.830213E-17
 5627.85580820527  1.555761E-17
 5629.21713853045  1.709730E-17
 5630.57846885562  1.401409E-17
 5631.93979918079  1.399452E-17
 5633.30112950596  1.640178E-17
 5634.66245983114  1.237585E-17
 5636.02379015631  1.549469E-17
 5637.38512048148  1.070318E-17
 5638.74645080665  1.636293E-17
 5640.10778113183  1.334572E-17
 5641.469111457    1.432222E-17
 5642.83044178217  1.276771E-17
 5644.19177210735  1.252775E-17
 5645.55310243252  1.228593E-17
 5646.91443275769  1.366151E-17
 5648.27576308287  1.233252E-17
 5649.63709340804  1.913459E-17
 5650.99842373321  1.289765E-17
 5652.35975405839  1.599465E-17
 5653.72108438356  1.321283E-17
 5655.08241470873  1.128982E-17
 5656.44374503391  1.225024E-17
 5657.80507535908  1.437780E-17
 5659.16640568425  1.492157E-17
 5660.52773600942  1.449521E-17
 5661.8890663346   1.434738E-17
 5663.25039665977  1.456497E-17
 5664.61172698494  1.079289E-17
 5665.97305731012  1.468758E-17
 5667.33438763529  1.380704E-17
 5668.69571796046  1.309432E-17
 5670.05704828564  1.161921E-17
 5671.41837861081  1.612385E-17
 5672.77970893598  1.582527E-17
 5674.14103926115  1.394770E-17
 5675.50236958633  1.338503E-17
 5676.8636999115   1.309714E-17
 5678.22503023667  1.564097E-17
 5679.58636056185  1.331687E-17
 5680.94769088702  1.466912E-17
 5682.30902121219  1.490740E-17
 5683.67035153736  1.316962E-17
 5685.03168186254  1.415293E-17
 5686.39301218771  1.222303E-17
 5687.75434251288  1.200522E-17
 5689.11567283806  1.354597E-17
 5690.47700316323  1.383261E-17
 5691.8383334884   1.493706E-17
 5693.19966381358  1.385538E-17
 5694.56099413875  1.438833E-17
 5695.92232446392  1.417999E-17
 5697.2836547891   8.833762E-18
 5698.64498511427  1.009614E-17
 5700.00631543944  1.271148E-17
 5701.36764576461  1.199920E-17
 5702.72897608979  1.319704E-17
 5704.09030641496  1.433432E-17
 5705.45163674013  1.524452E-17
 5706.81296706531  1.515032E-17
 5708.17429739048  1.472804E-17
 5709.53562771565  1.235250E-17
 5710.89695804082  1.182364E-17
 5712.258288366    1.161748E-17
 5713.61961869117  1.114955E-17
 5714.98094901634  1.146194E-17
 5716.34227934152  1.154064E-17
 5717.70360966669  1.165309E-17
 5719.06493999186  1.294623E-17
 5720.42627031704  1.279442E-17
 5721.78760064221  1.308513E-17
 5723.14893096738  1.135373E-17
 5724.51026129256  1.268770E-17
 5725.87159161773  1.308147E-17
 5727.2329219429   1.190537E-17
 5728.59425226807  1.442825E-17
 5729.95558259325  1.342145E-17
 5731.31691291842  1.420561E-17
 5732.67824324359  1.600795E-17
 5734.03957356877  1.485525E-17
 5735.40090389394  1.826633E-17
 5736.76223421911  1.764301E-17
 5738.12356454429  1.588942E-17
 5739.48489486946  1.270746E-17
 5740.84622519463  1.415093E-17
 5742.2075555198   1.414947E-17
 5743.56888584498  1.471324E-17
 5744.93021617015  1.494281E-17
 5746.29154649532  1.328308E-17
 5747.6528768205   1.491716E-17
 5749.01420714567  1.673787E-17
 5750.37553747084  1.586683E-17
 5751.73686779601  1.516732E-17
 5753.09819812119  1.478040E-17
 5754.45952844636  1.271307E-17
 5755.82085877153  1.441127E-17
 5757.18218909671  1.388726E-17
 5758.54351942188  9.823450E-18
 5759.90484974705  1.449946E-17
 5761.26618007222  1.508048E-17
 5762.6275103974   1.492277E-17
 5763.98884072257  1.329700E-17
 5765.35017104775  1.462182E-17
 5766.71150137292  1.543708E-17
 5768.07283169809  1.529945E-17
 5769.43416202326  1.291830E-17
 5770.79549234844  1.455778E-17
 5772.15682267361  1.248962E-17
 5773.51815299878  1.327693E-17
 5774.87948332396  1.486630E-17
 5776.24081364913  1.545556E-17
 5777.6021439743   1.298203E-17
 5778.96347429948  1.492062E-17
 5780.32480462465  1.500829E-17
 5781.68613494982  1.635871E-17
 5783.04746527499  1.477312E-17
 5784.40879560017  1.158089E-17
 5785.77012592534  1.251658E-17
 5787.13145625051  1.207856E-17
 5788.49278657569  1.387426E-17
 5789.85411690086  1.517320E-17
 5791.21544722603  1.346213E-17
 5792.57677755121  1.404723E-17
 5793.93810787638  1.051118E-17
 5795.29943820155  1.428428E-17
 5796.66076852673  9.784599E-18
 5798.0220988519   1.287440E-17
 5799.38342917707  1.622989E-17
 5800.74475950224  1.480083E-17
 5802.10608982742  1.474776E-17
 5803.46742015259  1.159782E-17
 5804.82875047776  1.336311E-17
 5806.19008080294  1.472745E-17
 5807.55141112811  1.667328E-17
 5808.91274145328  1.242442E-17
 5810.27407177845  1.338984E-17
 5811.63540210363  1.404366E-17
 5812.9967324288   1.698154E-17
 5814.35806275397  8.880847E-18
 5815.71939307915  1.398593E-17
 5817.08072340432  1.546128E-17
 5818.44205372949  1.527632E-17
 5819.80338405466  1.475736E-17
 5821.16471437984  1.173528E-17
 5822.52604470501  1.474624E-17
 5823.88737503018  1.415749E-17
 5825.24870535536  1.463936E-17
 5826.61003568053  1.700445E-17
 5827.9713660057   1.424072E-17
 5829.33269633088  1.263449E-17
 5830.69402665605  9.566659E-18
 5832.05535698122  1.267916E-17
 5833.41668730639  1.202007E-17
 5834.77801763157  1.603540E-17
 5836.13934795674  1.501583E-17
 5837.50067828192  1.668011E-17
 5838.86200860709  1.577173E-17
 5840.22333893226  1.322021E-17
 5841.58466925743  1.892731E-17
 5842.94599958261  1.617934E-17
 5844.30732990778  1.574097E-17
 5845.66866023295  1.582498E-17
 5847.02999055812  1.437892E-17
 5848.3913208833   1.124433E-17
 5849.75265120847  1.455275E-17
 5851.11398153364  1.580121E-17
 5852.47531185882  1.482112E-17
 5853.83664218399  1.388786E-17
 5855.19797250916  1.483483E-17
 5856.55930283434  1.412771E-17
 5857.92063315951  1.783621E-17
 5859.28196348468  1.684084E-17
 5860.64329380985  1.583321E-17
 5862.00462413503  1.209486E-17
 5863.3659544602   1.542697E-17
 5864.72728478537  1.725869E-17
 5866.08861511055  1.474403E-17
 5867.44994543572  1.664437E-17
 5868.81127576089  1.531251E-17
 5870.17260608607  1.468620E-17
 5871.53393641124  1.596576E-17
 5872.89526673641  1.644015E-17
 5874.25659706159  1.535724E-17
 5875.61792738676  1.398228E-17
 5876.97925771193  1.481306E-17
 5878.3405880371   1.438103E-17
 5879.70191836228  1.343779E-17
 5881.06324868745  1.441806E-17
 5882.42457901262  1.278677E-17
 5883.7859093378   1.349219E-17
 5885.14723966297  6.167005E-18
 5886.50856998814  1.000861E-17
 5887.86990031332  1.081127E-17
 5889.23123063849  1.169246E-17
 5890.59256096366  1.366476E-17
 5891.95389128883  1.258925E-17
 5893.31522161401  1.517412E-17
 5894.67655193918  1.706931E-17
 5896.03788226435  1.564274E-17
 5897.39921258953  1.494634E-17
 5898.7605429147   1.422818E-17
 5900.12187323987  1.296871E-17
 5901.48320356504  1.468027E-17
 5902.84453389022  1.577950E-17
 5904.20586421539  1.574346E-17
 5905.56719454056  1.483163E-17
 5906.92852486574  1.749370E-17
 5908.28985519091  1.988386E-17
 5909.65118551608  1.932550E-17
 5911.01251584126  1.842457E-17
 5912.37384616643  1.964512E-17
 5913.7351764916   1.819339E-17
 5915.09650681677  1.540638E-17
 5916.45783714195  1.604536E-17
 5917.81916746712  1.626876E-17
 5919.18049779229  1.385306E-17
 5920.54182811747  1.290998E-17
 5921.90315844264  1.283721E-17
 5923.26448876781  1.011883E-17
 5924.62581909299  1.500451E-17
 5925.98714941816  1.190373E-17
 5927.34847974333  1.104369E-17
 5928.7098100685   1.278628E-17
 5930.07114039368  1.091476E-17
 5931.43247071885  1.341594E-17
 5932.79380104402  1.347757E-17
 5934.1551313692   1.381426E-17
 5935.51646169437  1.641747E-17
 5936.87779201954  1.703385E-17
 5938.23912234472  1.881434E-17
 5939.60045266989  1.734912E-17
 5940.96178299506  1.543408E-17
 5942.32311332023  1.466706E-17
 5943.68444364541  1.579438E-17
 5945.04577397058  1.531647E-17
 5946.40710429576  1.605641E-17
 5947.76843462093  1.481884E-17
 5949.1297649461   1.395776E-17
 5950.49109527127  1.480590E-17
 5951.85242559645  1.463110E-17
 5953.21375592162  1.506278E-17
 5954.57508624679  1.409606E-17
 5955.93641657197  1.354663E-17
 5957.29774689714  1.543449E-17
 5958.65907722231  1.471838E-17
 5960.02040754748  1.219186E-17
 5961.38173787266  1.443612E-17
 5962.74306819783  1.523039E-17
 5964.104398523    1.335175E-17
 5965.46572884818  1.298125E-17
 5966.82705917335  1.507787E-17
 5968.18838949852  1.285960E-17
 5969.5497198237   1.427887E-17
 5970.91105014887  1.405372E-17
 5972.27238047404  1.540118E-17
 5973.63371079921  1.453629E-17
 5974.99504112439  1.650559E-17
 5976.35637144956  1.327838E-17
 5977.71770177473  1.464916E-17
 5979.07903209991  1.450488E-17
 5980.44036242508  1.387577E-17
 5981.80169275025  1.523972E-17
 5983.16302307542  1.560131E-17
 5984.5243534006   1.467797E-17
 5985.88568372577  1.388266E-17
 5987.24701405094  1.474641E-17
 5988.60834437612  1.337304E-17
 5989.96967470129  1.309587E-17
 5991.33100502646  1.281843E-17
 5992.69233535164  1.476806E-17
 5994.05366567681  1.524460E-17
 5995.41499600198  1.430804E-17
 5996.77632632716  1.443839E-17
 5998.13765665233  1.442651E-17
 5999.4989869775   1.437654E-17
 6000.86031730267  1.388406E-17
 6002.22164762785  1.368929E-17
 6003.58297795302  1.729781E-17
 6004.94430827819  1.634164E-17
 6006.30563860337  1.623291E-17
 6007.66696892854  1.431864E-17
 6009.02829925371  1.322220E-17
 6010.38962957888  1.510146E-17
 6011.75095990406  1.544846E-17
 6013.11229022923  1.713977E-17
 6014.4736205544   1.653384E-17
 6015.83495087958  1.407319E-17
 6017.19628120475  1.414396E-17
 6018.55761152992  1.360625E-17
 6019.9189418551   1.418501E-17
 6021.28027218027  1.462912E-17
 6022.64160250544  1.528831E-17
 6024.00293283061  1.534277E-17
 6025.36426315579  1.519018E-17
 6026.72559348096  1.561918E-17
 6028.08692380613  1.771620E-17
 6029.44825413131  1.565625E-17
 6030.80958445648  1.614380E-17
 6032.17091478165  1.623682E-17
 6033.53224510683  1.619846E-17
 6034.893575432    1.648717E-17
 6036.25490575717  1.615953E-17
 6037.61623608235  1.847590E-17
 6038.97756640752  1.695318E-17
 6040.33889673269  1.716385E-17
 6041.70022705787  1.585027E-17
 6043.06155738304  1.542518E-17
 6044.42288770821  1.538716E-17
 6045.78421803338  1.605747E-17
 6047.14554835856  1.484603E-17
 6048.50687868373  1.455310E-17
 6049.8682090089   1.529991E-17
 6051.22953933407  1.750947E-17
 6052.59086965925  1.259010E-17
 6053.95219998442  1.264858E-17
 6055.31353030959  1.377526E-17
 6056.67486063477  1.592033E-17
 6058.03619095994  1.414550E-17
 6059.39752128511  1.385891E-17
 6060.75885161029  1.601658E-17
 6062.12018193546  1.617178E-17
 6063.48151226063  1.672352E-17
 6064.84284258581  1.499958E-17
 6066.20417291098  1.637827E-17
 6067.56550323615  1.559277E-17
 6068.92683356133  1.646551E-17
 6070.2881638865   1.529796E-17
 6071.64949421167  1.476508E-17
 6073.01082453684  1.222114E-17
 6074.37215486202  1.478531E-17
 6075.73348518719  1.643621E-17
 6077.09481551236  1.322283E-17
 6078.45614583753  1.662083E-17
 6079.81747616271  1.389228E-17
 6081.17880648788  1.494857E-17
 6082.54013681305  1.567357E-17
 6083.90146713823  1.466211E-17
 6085.2627974634   1.421355E-17
 6086.62412778857  1.547188E-17
 6087.98545811375  1.663984E-17
 6089.34678843892  1.580642E-17
 6090.70811876409  1.546838E-17
 6092.06944908927  1.382927E-17
 6093.43077941444  1.446458E-17
 6094.79210973961  1.465168E-17
 6096.15344006478  1.423595E-17
 6097.51477038996  1.600059E-17
 6098.87610071513  1.558510E-17
 6100.2374310403   1.652085E-17
 6101.59876136548  1.527895E-17
 6102.96009169065  1.535265E-17
 6104.32142201582  1.418838E-17
 6105.682752341    1.513214E-17
 6107.04408266617  1.486795E-17
 6108.40541299134  1.558857E-17
 6109.76674331652  1.763720E-17
 6111.12807364169  1.727657E-17
 6112.48940396686  1.262646E-17
 6113.85073429203  1.412872E-17
 6115.21206461721  1.614158E-17
 6116.57339494238  1.268261E-17
 6117.93472526755  1.671033E-17
 6119.29605559273  1.555651E-17
 6120.6573859179   1.704799E-17
 6122.01871624307  1.413467E-17
 6123.38004656824  1.935205E-17
 6124.74137689342  1.598755E-17
 6126.10270721859  1.679418E-17
 6127.46403754376  1.538375E-17
 6128.82536786894  1.462166E-17
 6130.18669819411  1.498573E-17
 6131.54802851928  1.754024E-17
 6132.90935884446  1.559873E-17
 6134.27068916963  1.323129E-17
 6135.6320194948   1.380458E-17
 6136.99334981998  1.440675E-17
 6138.35468014515  1.841495E-17
 6139.71601047032  1.598775E-17
 6141.07734079549  1.482003E-17
 6142.43867112067  1.638804E-17
 6143.80000144584  1.383418E-17
 6145.16133177101  1.395097E-17
 6146.52266209618  1.737954E-17
 6147.88399242136  1.439825E-17
 6149.24532274653  1.349734E-17
 6150.6066530717   1.660865E-17
 6151.96798339688  1.458592E-17
 6153.32931372205  1.508785E-17
 6154.69064404722  1.328138E-17
 6156.0519743724   1.160095E-17
 6157.41330469757  1.550926E-17
 6158.77463502274  1.615159E-17
 6160.13596534792  1.693413E-17
 6161.49729567309  1.287020E-17
 6162.85862599826  1.739188E-17
 6164.21995632343  1.448426E-17
 6165.58128664861  1.422184E-17
 6166.94261697378  1.441704E-17
 6168.30394729895  1.656626E-17
 6169.66527762413  1.397793E-17
 6171.0266079493   1.432718E-17
 6172.38793827447  1.625206E-17
 6173.74926859964  1.339924E-17
 6175.11059892482  1.464875E-17
 6176.47192924999  1.551617E-17
 6177.83325957517  1.297358E-17
 6179.19458990034  1.441751E-17
 6180.55592022551  1.542658E-17
 6181.91725055068  1.565474E-17
 6183.27858087586  1.729416E-17
 6184.63991120103  1.779276E-17
 6186.0012415262   1.770348E-17
 6187.36257185138  1.801934E-17
 6188.72390217655  1.766758E-17
 6190.08523250172  1.764416E-17
 6191.44656282689  1.359488E-17
 6192.80789315207  1.694277E-17
 6194.16922347724  2.071838E-17
 6195.53055380241  1.682410E-17
 6196.89188412759  1.565064E-17
 6198.25321445276  1.469835E-17
 6199.61454477793  1.437637E-17
 6200.97587510311  1.304100E-17
 6202.33720542828  1.559494E-17
 6203.69853575345  1.464397E-17
 6205.05986607863  1.634502E-17
 6206.4211964038   1.788514E-17
 6207.78252672897  1.541467E-17
 6209.14385705414  1.651655E-17
 6210.50518737932  1.312391E-17
 6211.86651770449  1.323334E-17
 6213.22784802966  1.628680E-17
 6214.58917835484  1.228792E-17
 6215.95050868001  1.771911E-17
 6217.31183900518  1.597032E-17
 6218.67316933035  1.569097E-17
 6220.03449965553  1.782996E-17
 6221.3958299807   1.471307E-17
 6222.75716030587  1.484355E-17
 6224.11849063105  1.539496E-17
 6225.47982095622  1.501086E-17
 6226.84115128139  1.579530E-17
 6228.20248160657  1.655374E-17
 6229.56381193174  1.435201E-17
 6230.92514225691  1.539058E-17
 6232.28647258208  1.358599E-17
 6233.64780290726  1.773676E-17
 6235.00913323243  1.528256E-17
 6236.3704635576   1.906773E-17
 6237.73179388278  1.805746E-17
 6239.09312420795  1.479346E-17
 6240.45445453312  1.445018E-17
 6241.8157848583   1.547734E-17
 6243.17711518347  1.480871E-17
 6244.53844550864  1.423057E-17
 6245.89977583381  1.513220E-17
 6247.26110615899  1.457146E-17
 6248.62243648416  1.391998E-17
 6249.98376680933  1.737907E-17
 6251.34509713451  1.460661E-17
 6252.70642745968  9.621781E-18
 6254.06775778485  1.359701E-17
 6255.42908811003  1.358704E-17
 6256.7904184352   1.357314E-17
 6258.15174876037  1.871085E-17
 6259.51307908554  1.336735E-17
 6260.87440941072  1.698421E-17
 6262.23573973589  1.720046E-17
 6263.59707006106  1.839491E-17
 6264.95840038624  1.616938E-17
 6266.31973071141  1.611198E-17
 6267.68106103658  1.588807E-17
 6269.04239136176  1.402314E-17
 6270.40372168693  1.643413E-17
 6271.7650520121   1.264935E-17
 6273.12638233727  1.407583E-17
 6274.48771266245  1.582295E-17
 6275.84904298762  1.814008E-17
 6277.21037331279  1.408644E-17
 6278.57170363797  9.774945E-18
 6279.93303396314  1.446028E-17
 6281.29436428831  1.483568E-17
 6282.65569461349  1.423567E-17
 6284.01702493866  1.926252E-17
 6285.37835526383  1.567062E-17
 6286.739685589    1.705534E-17
 6288.10101591418  1.870443E-17
 6289.46234623935  1.762215E-17
 6290.82367656452  1.726926E-17
 6292.1850068897   1.720509E-17
 6293.54633721487  1.938099E-17
 6294.90766754004  1.570464E-17
 6296.26899786522  1.582759E-17
 6297.63032819039  1.374644E-17
 6298.99165851556  1.653252E-17
 6300.35298884073  1.427634E-17
 6301.71431916591  1.580920E-17
 6303.07564949108  1.830239E-17
 6304.43697981625  1.307439E-17
 6305.79831014143  1.831967E-17
 6307.1596404666   1.562279E-17
 6308.52097079177  1.557872E-17
 6309.88230111695  1.235929E-17
 6311.24363144212  1.336025E-17
 6312.60496176729  1.361519E-17
 6313.96629209246  1.447352E-17
 6315.32762241764  1.558213E-17
 6316.68895274281  1.364098E-17
 6318.05028306798  1.307308E-17
 6319.41161339316  1.521460E-17
 6320.77294371833  1.428077E-17
 6322.1342740435   1.461254E-17
 6323.49560436868  1.504827E-17
 6324.85693469385  1.639318E-17
 6326.21826501902  1.376852E-17
 6327.57959534419  1.582261E-17
 6328.94092566937  1.561383E-17
 6330.30225599454  1.440672E-17
 6331.66358631971  1.394376E-17
 6333.02491664489  1.673746E-17
 6334.38624697006  1.869001E-17
 6335.74757729523  1.794136E-17
 6337.10890762041  1.775780E-17
 6338.47023794558  1.917325E-17
 6339.83156827075  2.111594E-17
 6341.19289859592  1.840098E-17
 6342.5542289211   1.709667E-17
 6343.91555924627  1.410575E-17
 6345.27688957144  1.800744E-17
 6346.63821989662  1.945347E-17
 6347.99955022179  1.506377E-17
 6349.36088054696  1.480219E-17
 6350.72221087214  1.672533E-17
 6352.08354119731  1.506794E-17
 6353.44487152248  1.526748E-17
 6354.80620184765  1.621362E-17
 6356.16753217283  1.484912E-17
 6357.528862498    1.486664E-17
 6358.89019282317  1.489032E-17
 6360.25152314835  2.046038E-17
 6361.61285347352  1.698764E-17
 6362.97418379869  1.655314E-17
 6364.33551412387  1.550551E-17
 6365.69684444904  9.948403E-18
 6367.05817477421  1.692922E-17
 6368.41950509938  1.282598E-17
 6369.78083542456  1.793163E-17
 6371.14216574973  1.524680E-17
 6372.5034960749   1.564966E-17
 6373.86482640008  1.606259E-17
 6375.22615672525  1.439593E-17
 6376.58748705042  1.347902E-17
 6377.9488173756   1.523353E-17
 6379.31014770077  1.533480E-17
 6380.67147802594  1.494621E-17
 6382.03280835112  1.260603E-17
 6383.39413867629  1.551368E-17
 6384.75546900146  1.364058E-17
 6386.11679932663  1.402013E-17
 6387.47812965181  1.419050E-17
 6388.83945997698  1.306489E-17
 6390.20079030215  1.689241E-17
 6391.56212062733  1.533255E-17
 6392.9234509525   1.527302E-17
 6394.28478127767  1.598757E-17
 6395.64611160284  1.473253E-17
 6397.00744192802  1.040710E-17
 6398.36877225319  1.242762E-17
 6399.73010257836  1.677823E-17
 6401.09143290354  1.347047E-17
 6402.45276322871  1.792450E-17
 6403.81409355388  1.716826E-17
 6405.17542387906  1.869703E-17
 6406.53675420423  1.663045E-17
 6407.8980845294   1.474724E-17
 6409.25941485458  1.683103E-17
 6410.62074517975  1.719198E-17
 6411.98207550492  1.673773E-17
 6413.34340583009  1.628481E-17
 6414.70473615527  1.658238E-17
 6416.06606648044  1.549132E-17
 6417.42739680561  1.432472E-17
 6418.78872713079  1.662610E-17
 6420.15005745596  1.278784E-17
 6421.51138778113  1.816402E-17
 6422.8727181063   1.448058E-17
 6424.23404843148  1.378827E-17
 6425.59537875665  1.510949E-17
 6426.95670908182  1.708677E-17
 6428.318039407    1.565082E-17
 6429.67936973217  2.037460E-17
 6431.04070005734  1.733877E-17
 6432.40203038252  1.633377E-17
 6433.76336070769  1.494428E-17
 6435.12469103286  1.393913E-17
 6436.48602135803  1.539048E-17
 6437.84735168321  1.511584E-17
 6439.20868200838  1.617901E-17
 6440.57001233355  1.896041E-17
 6441.93134265872  1.679456E-17
 6443.2926729839   1.388402E-17
 6444.65400330907  1.608827E-17
 6446.01533363425  1.810359E-17
 6447.37666395942  1.648919E-17
 6448.73799428459  1.563886E-17
 6450.09932460976  1.722003E-17
 6451.46065493494  1.375185E-17
 6452.82198526011  1.241756E-17
 6454.18331558529  1.726132E-17
 6455.54464591046  1.655618E-17
 6456.90597623563  1.832429E-17
 6458.2673065608   1.450025E-17
 6459.62863688598  1.347844E-17
 6460.98996721115  1.321085E-17
 6462.35129753632  1.217295E-17
 6463.71262786149  1.621442E-17
 6465.07395818667  1.259002E-17
 6466.43528851184  1.411010E-17
 6467.79661883701  1.767469E-17
 6469.15794916219  1.721429E-17
 6470.51927948736  1.706748E-17
 6471.88060981253  2.041811E-17
 6473.24194013771  2.076455E-17
 6474.60327046288  1.937383E-17
 6475.96460078805  1.761210E-17
 6477.32593111323  1.922002E-17
 6478.6872614384   1.691679E-17
 6480.04859176357  1.490988E-17
 6481.40992208874  1.607555E-17
 6482.77125241392  1.679303E-17
 6484.13258273909  1.768500E-17
 6485.49391306426  1.446572E-17
 6486.85524338944  1.559046E-17
 6488.21657371461  1.744830E-17
 6489.57790403978  1.450935E-17
 6490.93923436495  1.549212E-17
 6492.30056469013  1.477101E-17
 6493.6618950153   1.688544E-17
 6495.02322534047  1.515924E-17
 6496.38455566565  1.796909E-17
 6497.74588599082  2.382514E-17
 6499.10721631599  1.774451E-17
 6500.46854664117  1.803183E-17
 6501.82987696634  1.845822E-17
 6503.19120729151  1.832664E-17
 6504.55253761669  1.719997E-17
 6505.91386794186  1.549264E-17
 6507.27519826703  1.469124E-17
 6508.6365285922   1.513798E-17
 6509.99785891738  1.619732E-17
 6511.35918924255  1.683045E-17
 6512.72051956772  1.489930E-17
 6514.08184989289  1.736728E-17
 6515.44318021807  1.515281E-17
 6516.80451054324  1.644110E-17
 6518.16584086842  1.621605E-17
 6519.52717119359  1.376472E-17
 6520.88850151876  1.608358E-17
 6522.24983184393  1.590616E-17
 6523.61116216911  1.477462E-17
 6524.97249249428  1.427648E-17
 6526.33382281945  1.546806E-17
 6527.69515314463  1.368396E-17
 6529.0564834698   1.535067E-17
 6530.41781379497  1.619542E-17
 6531.77914412014  1.374287E-17
 6533.14047444532  1.172469E-17
 6534.50180477049  1.295884E-17
 6535.86313509566  1.459518E-17
 6537.22446542084  1.521547E-17
 6538.58579574601  1.667832E-17
 6539.94712607118  1.828246E-17
 6541.30845639636  1.909209E-17
 6542.66978672153  1.764500E-17
 6544.0311170467   1.649744E-17
 6545.39244737187  1.504205E-17
 6546.75377769705  1.830734E-17
 6548.11510802222  1.548859E-17
 6549.4764383474   1.428003E-17
 6550.83776867257  1.759240E-17
 6552.19909899774  1.911575E-17
 6553.56042932291  1.940992E-17
 6554.92175964809  1.796000E-17
 6556.28308997326  2.006425E-17
 6557.64442029843  2.150333E-17
 6559.0057506236   2.012539E-17
 6560.36708094878  1.922030E-17
 6561.72841127395  1.911286E-17
 6563.08974159912  2.081032E-17
 6564.4510719243   1.935907E-17
 6565.81240224947  1.930027E-17
 6567.17373257464  1.860145E-17
 6568.53506289982  1.806604E-17
 6569.89639322499  1.838022E-17
 6571.25772355016  1.868657E-17
 6572.61905387533  2.027132E-17
 6573.98038420051  2.301116E-17
 6575.34171452568  2.227135E-17
 6576.70304485085  2.196029E-17
 6578.06437517603  2.302226E-17
 6579.4257055012   2.356064E-17
 6580.78703582637  2.429822E-17
 6582.14836615155  2.943620E-17
 6583.50969647672  3.179942E-17
 6584.87102680189  3.565076E-17
 6586.23235712706  3.911731E-17
 6587.59368745224  4.425037E-17
 6588.95501777741  5.131188E-17
 6590.31634810259  5.757374E-17
 6591.67767842776  6.415255E-17
 6593.03900875293  7.186786E-17
 6594.4003390781   8.066264E-17
 6595.76166940328  9.427135E-17
 6597.12299972845  1.070247E-16
 6598.48433005362  1.138565E-16
 6599.8456603788   1.198188E-16
 6601.20699070397  1.186037E-16
 6602.56832102914  1.183437E-16
 6603.92965135431  1.203127E-16
 6605.29098167949  1.208856E-16
 6606.65231200466  1.150914E-16
 6608.01364232983  1.037471E-16
 6609.37497265501  9.243453E-17
 6610.73630298018  8.199025E-17
 6612.09763330535  7.674768E-17
 6613.45896363053  6.669040E-17
 6614.8202939557   5.892376E-17
 6616.18162428087  5.335475E-17
 6617.54295460604  4.508366E-17
 6618.90428493122  4.115083E-17
 6620.26561525639  3.797922E-17
 6621.62694558156  3.367432E-17
 6622.98827590674  3.089125E-17
 6624.34960623191  2.801535E-17
 6625.71093655708  2.651002E-17
 6627.07226688226  2.508159E-17
 6628.43359720743  2.489201E-17
 6629.7949275326   2.377240E-17
 6631.15625785777  2.192890E-17
 6632.51758818295  2.096180E-17
 6633.87891850812  2.150679E-17
 6635.24024883329  1.954474E-17
 6636.60157915847  1.989263E-17
 6637.96290948364  1.851518E-17
 6639.32423980881  1.892789E-17
 6640.68557013399  1.919157E-17
 6642.04690045916  1.855412E-17
 6643.40823078433  1.821919E-17
 6644.7695611095   1.861128E-17
 6646.13089143468  1.859277E-17
 6647.49222175985  1.901112E-17
 6648.85355208502  1.825034E-17
 6650.2148824102   1.720339E-17
 6651.57621273537  1.678516E-17
 6652.93754306054  1.739272E-17
 6654.29887338572  1.874459E-17
 6655.66020371089  1.794940E-17
 6657.02153403606  1.723751E-17
 6658.38286436123  1.738922E-17
 6659.74419468641  1.729222E-17
 6661.10552501158  1.664149E-17
 6662.46685533675  1.804175E-17
 6663.82818566193  1.705925E-17
 6665.1895159871   1.689901E-17
 6666.55084631227  1.621157E-17
 6667.91217663744  1.540092E-17
 6669.27350696262  1.731042E-17
 6670.63483728779  1.800140E-17
 6671.99616761296  1.822430E-17
 6673.35749793814  1.774368E-17
 6674.71882826331  1.432511E-17
 6676.08015858848  1.465312E-17
 6677.44148891366  1.520049E-17
 6678.80281923883  1.659272E-17
 6680.164149564    1.646152E-17
 6681.52547988917  1.564692E-17
 6682.88681021435  1.553498E-17
 6684.24814053952  1.651866E-17
 6685.60947086469  2.088193E-17
 6686.97080118987  1.725724E-17
 6688.33213151504  1.701613E-17
 6689.69346184021  1.713418E-17
 6691.05479216539  1.567473E-17
 6692.41612249056  1.625299E-17
 6693.77745281573  1.681391E-17
 6695.13878314091  1.899972E-17
 6696.50011346608  1.725961E-17
 6697.86144379125  1.600395E-17
 6699.22277411642  1.773368E-17
 6700.5841044416   1.491805E-17
 6701.94543476677  1.549577E-17
 6703.30676509194  1.503823E-17
 6704.66809541712  1.646476E-17
 6706.02942574229  1.635592E-17
 6707.39075606746  1.654773E-17
 6708.75208639264  1.802165E-17
 6710.11341671781  1.701006E-17
 6711.47474704298  1.787921E-17
 6712.83607736815  1.619520E-17
 6714.19740769333  1.228565E-17
 6715.5587380185   7.694274E-18
 6716.92006834367  7.672149E-18
 6718.28139866885  1.639659E-17
 6719.64272899402  1.933230E-17
 6721.00405931919  1.943489E-17
 6722.36538964437  1.855481E-17
 6723.72671996954  1.984807E-17
 6725.08805029471  1.634038E-17
 6726.44938061988  1.453165E-17
 6727.81071094506  1.490886E-17
 6729.17204127023  1.673172E-17
 6730.5333715954   1.536479E-17
 6731.89470192058  1.796619E-17
 6733.25603224575  1.741312E-17
 6734.61736257092  1.503355E-17
 6735.97869289609  1.540985E-17
 6737.34002322127  1.506598E-17
 6738.70135354644  1.396824E-17
 6740.06268387161  1.373975E-17
 6741.42401419679  1.329139E-17
 6742.78534452196  1.494695E-17
 6744.14667484713  1.508132E-17
 6745.50800517231  1.686593E-17
 6746.86933549748  1.389209E-17
 6748.23066582265  1.443813E-17
 6749.59199614783  1.573491E-17
 6750.953326473    1.469883E-17
 6752.31465679817  1.792188E-17
 6753.67598712334  1.742150E-17
 6755.03731744852  1.574796E-17
 6756.39864777369  1.682753E-17
 6757.75997809886  1.407841E-17
 6759.12130842404  1.463759E-17
 6760.48263874921  1.885142E-17
 6761.84396907438  1.541344E-17
 6763.20529939955  1.664463E-17
 6764.56662972473  1.624577E-17
 6765.9279600499   1.247182E-17
 6767.28929037507  1.608363E-17
 6768.65062070025  1.688809E-17
 6770.01195102542  1.729722E-17
 6771.37328135059  1.632953E-17
 6772.73461167577  1.674261E-17
 6774.09594200094  1.838218E-17
 6775.45727232611  1.504393E-17
 6776.81860265128  1.591258E-17
 6778.17993297646  1.747115E-17
 6779.54126330163  1.305489E-17
 6780.9025936268   1.582098E-17
 6782.26392395198  1.375748E-17
 6783.62525427715  1.535827E-17
 6784.98658460232  1.554448E-17
 6786.3479149275   1.938267E-17
 6787.70924525267  1.605364E-17
 6789.07057557784  1.918307E-17
 6790.43190590302  1.643686E-17
 6791.79323622819  1.638077E-17
 6793.15456655336  1.669376E-17
 6794.51589687853  1.741518E-17
 6795.87722720371  1.807824E-17
 6797.23855752888  1.514008E-17
 6798.59988785405  1.675497E-17
 6799.96121817923  1.790555E-17
 6801.3225485044   1.493253E-17
 6802.68387882957  2.108550E-17
 6804.04520915475  1.542963E-17
 6805.40653947992  1.603843E-17
 6806.76786980509  1.686483E-17
 6808.12920013026  1.557407E-17
 6809.49053045544  1.731589E-17
 6810.85186078061  1.547201E-17
 6812.21319110578  1.519791E-17
 6813.57452143096  1.608748E-17
 6814.93585175613  1.601192E-17
 6816.2971820813   1.466866E-17
 6817.65851240648  1.934482E-17
 6819.01984273165  1.664540E-17
 6820.38117305682  1.742929E-17
 6821.74250338199  1.880414E-17
 6823.10383370717  1.645159E-17
 6824.46516403234  1.834779E-17
 6825.82649435751  1.636015E-17
 6827.18782468269  1.376430E-17
 6828.54915500786  1.739591E-17
 6829.91048533303  1.759037E-17
 6831.27181565821  1.401115E-17
 6832.63314598338  1.604906E-17
 6833.99447630855  1.711125E-17
 6835.35580663372  1.718165E-17
 6836.7171369589   1.929820E-17
 6838.07846728407  1.558655E-17
 6839.43979760924  1.750489E-17
 6840.80112793442  1.770641E-17
 6842.16245825959  1.784141E-17
 6843.52378858476  1.797170E-17
 6844.88511890994  1.656637E-17
 6846.24644923511  1.770321E-17
 6847.60777956028  1.599845E-17
 6848.96910988545  1.556522E-17
 6850.33044021063  1.612939E-17
 6851.6917705358   1.695127E-17
 6853.05310086097  1.544970E-17
 6854.41443118615  1.775000E-17
 6855.77576151132  1.930629E-17
 6857.13709183649  1.827471E-17
 6858.49842216167  1.786886E-17
 6859.85975248684  1.749293E-17
 6861.22108281201  1.654666E-17
 6862.58241313719  1.504737E-17
 6863.94374346236  1.754813E-17
 6865.30507378753  1.609916E-17
 6866.6664041127   1.433250E-17
 6868.02773443788  1.365821E-17
 6869.38906476305  1.416281E-17
 6870.75039508822  1.202221E-17
 6872.1117254134   1.206303E-17
 6873.47305573857  1.457319E-17
 6874.83438606374  1.517309E-17
 6876.19571638891  1.552879E-17
 6877.55704671409  1.602506E-17
 6878.91837703926  1.657446E-17
 6880.27970736443  1.713104E-17
 6881.64103768961  1.654078E-17
 6883.00236801478  1.510064E-17
 6884.36369833995  1.566010E-17
 6885.72502866513  1.409870E-17
 6887.0863589903   1.377397E-17
 6888.44768931547  1.444348E-17
 6889.80901964065  1.555883E-17
 6891.17034996582  1.495679E-17
 6892.53168029099  1.555146E-17
 6893.89301061616  1.508627E-17
 6895.25434094134  1.558097E-17
 6896.61567126651  1.555630E-17
 6897.97700159168  1.415451E-17
 6899.33833191685  1.564902E-17
 6900.69966224203  1.698308E-17
 6902.0609925672   1.658026E-17
 6903.42232289237  1.246724E-17
 6904.78365321755  1.438023E-17
 6906.14498354272  1.597442E-17
 6907.50631386789  1.742268E-17
 6908.86764419307  1.637402E-17
 6910.22897451824  1.811320E-17
 6911.59030484341  1.595049E-17
 6912.95163516859  1.393001E-17
 6914.31296549376  1.375430E-17
 6915.67429581893  1.620353E-17
 6917.0356261441   1.829879E-17
 6918.39695646928  1.649110E-17
 6919.75828679445  1.547033E-17
 6921.11961711962  1.340107E-17
 6922.4809474448   1.622358E-17
 6923.84227776997  1.584368E-17
 6925.20360809514  1.692442E-17
 6926.56493842032  1.668034E-17
 6927.92626874549  1.809090E-17
 6929.28759907066  1.877307E-17
 6930.64892939583  1.817036E-17
 6932.01025972101  1.533122E-17
 6933.37159004618  1.678250E-17
 6934.73292037136  1.700496E-17
 6936.09425069653  1.611222E-17
 6937.4555810217   1.612904E-17
 6938.81691134687  1.568143E-17
 6940.17824167205  1.535240E-17
 6941.53957199722  1.350351E-17
 6942.90090232239  1.505557E-17
 6944.26223264756  1.973939E-17
 6945.62356297274  1.605509E-17
 6946.98489329791  1.723813E-17
 6948.34622362308  1.684593E-17
 6949.70755394826  1.794031E-17
 6951.06888427343  1.936797E-17
 6952.4302145986   1.459215E-17
 6953.79154492378  1.462445E-17
 6955.15287524895  1.753150E-17
 6956.51420557412  1.885313E-17
 6957.87553589929  1.822904E-17
 6959.23686622447  1.649235E-17
 6960.59819654964  1.578336E-17
 6961.95952687482  1.403203E-17
 6963.32085719999  1.771331E-17
 6964.68218752516  1.904949E-17
 6966.04351785033  1.833805E-17
 6967.40484817551  1.467101E-17
 6968.76617850068  1.577393E-17
 6970.12750882585  1.716945E-17
 6971.48883915102  1.381588E-17
 6972.8501694762   1.766926E-17
 6974.21149980137  1.794647E-17
 6975.57283012654  1.577115E-17
 6976.93416045172  1.632522E-17
 6978.29549077689  1.410407E-17
 6979.65682110206  1.290015E-17
 6981.01815142724  1.968400E-17
 6982.37948175241  1.398755E-17
 6983.74081207758  1.519457E-17
 6985.10214240276  1.717579E-17
 6986.46347272793  1.596372E-17
 6987.8248030531   1.801727E-17
 6989.18613337827  1.640007E-17
 6990.54746370345  1.622094E-17
 6991.90879402862  1.323466E-17
 6993.27012435379  1.492113E-17
 6994.63145467897  1.563471E-17
 6995.99278500414  1.564580E-17
 6997.35411532931  1.567419E-17
 6998.71544565448  1.570271E-17
 7000.07677597966  1.573134E-17
 7001.43810630483  1.576004E-17
 7002.79943663     1.578906E-17
 7004.16076695518  1.581795E-17
 7005.52209728035  1.584710E-17
 7006.88342760552  1.587630E-17
 7008.2447579307   1.590560E-17
 7009.60608825587  1.593521E-17
 7010.96741858104  1.596453E-17
 7012.32874890621  1.599425E-17
 7013.69007923139  1.602417E-17
 7015.05140955656  1.605459E-17
 7016.41273988173  1.654943E-17
 7017.77407020691  1.659719E-17
 7019.13540053208  1.664512E-17
 7020.49673085725  1.669251E-17
 7021.85806118243  1.673968E-17
 7023.2193915076   1.678718E-17
 7024.58072183277  1.683317E-17
 7025.94205215794  1.735215E-17
 7027.30338248312  1.711627E-17
 7028.66471280829  1.662690E-17
 7030.02604313346  1.590723E-17
 7031.38737345864  1.521687E-17
 7032.74870378381  1.544791E-17
 7034.11003410898  1.525695E-17
 7035.47136443416  1.518695E-17
 7036.83269475933  1.722384E-17
 7038.1940250845   1.765675E-17
 7039.55535540967  1.625210E-17
 7040.91668573485  1.512555E-17
 7042.27801606002  1.676407E-17
 7043.63934638519  1.725555E-17
 7045.00067671037  1.674079E-17
 7046.36200703554  1.647267E-17
 7047.72333736071  1.688942E-17
 7049.08466768589  1.551063E-17
 7050.44599801106  1.478049E-17
 7051.80732833623  1.742817E-17
 7053.1686586614   1.764402E-17
 7054.52998898658  1.691720E-17
 7055.89131931175  1.602049E-17
 7057.25264963692  1.664928E-17
 7058.6139799621   1.664426E-17
 7059.97531028727  1.633439E-17
 7061.33664061244  1.591252E-17
 7062.69797093762  1.666521E-17
 7064.05930126279  1.622979E-17
 7065.42063158796  1.642943E-17
 7066.78196191313  1.496602E-17
 7068.14329223831  1.432743E-17
 7069.50462256348  1.511588E-17
 7070.86595288865  1.668732E-17
 7072.22728321383  1.803385E-17
 7073.588613539    1.646507E-17
 7074.94994386417  1.410551E-17
 7076.31127418935  1.592956E-17
 7077.67260451452  1.681258E-17
 7079.03393483969  1.695076E-17
 7080.39526516487  1.752442E-17
 7081.75659549004  1.618494E-17
 7083.11792581521  1.592774E-17
 7084.47925614038  1.521416E-17
 7085.84058646556  1.476185E-17
 7087.20191679073  1.770919E-17
 7088.5632471159   1.678062E-17
 7089.92457744108  1.651593E-17
 7091.28590776625  1.673392E-17
 7092.64723809142  1.620919E-17
 7094.0085684166   1.719504E-17
 7095.36989874177  1.745326E-17
 7096.73122906694  1.476787E-17
 7098.09255939211  1.386491E-17
 7099.45388971729  1.654663E-17
 7100.81522004246  1.810249E-17
 7102.17655036763  1.775448E-17
 7103.53788069281  1.725744E-17
 7104.89921101798  1.727933E-17
 7106.26054134315  1.799760E-17
 7107.62187166832  1.824721E-17
 7108.9832019935   1.716299E-17
 7110.34453231867  1.960773E-17
 7111.70586264384  1.817424E-17
 7113.06719296902  1.721233E-17
 7114.42852329419  1.741629E-17
 7115.78985361936  1.817631E-17
 7117.15118394454  1.635389E-17
 7118.51251426971  1.627134E-17
 7119.87384459488  1.936830E-17
 7121.23517492006  1.535947E-17
 7122.59650524523  1.574273E-17
 7123.9578355704   1.654152E-17
 7125.31916589557  1.825174E-17
 7126.68049622075  1.666261E-17
 7128.04182654592  1.756450E-17
 7129.40315687109  1.659787E-17
 7130.76448719627  1.781993E-17
 7132.12581752144  1.678370E-17
 7133.48714784661  1.569597E-17
 7134.84847817179  1.603507E-17
 7136.20980849696  1.796449E-17
 7137.57113882213  1.656783E-17
 7138.9324691473   1.788034E-17
 7140.29379947248  1.759509E-17
 7141.65512979765  1.723947E-17
 7143.01646012282  1.649215E-17
 7144.377790448    1.687807E-17
 7145.73912077317  1.663112E-17
 7147.10045109834  1.386989E-17
 7148.46178142351  1.433135E-17
 7149.82311174869  1.565918E-17
 7151.18444207386  1.670193E-17
 7152.54577239903  1.673436E-17
 7153.90710272421  1.617157E-17
 7155.26843304938  1.585253E-17
 7156.62976337455  1.580479E-17
 7157.99109369973  1.663985E-17
 7159.3524240249   1.723319E-17
 7160.71375435007  1.676574E-17
 7162.07508467525  1.548329E-17
 7163.43641500042  1.588445E-17
 7164.79774532559  1.616392E-17
 7166.15907565076  1.605213E-17
 7167.52040597594  1.536618E-17
 7168.88173630111  1.518058E-17
 7170.24306662628  1.519279E-17
 7171.60439695146  1.437702E-17
 7172.96572727663  1.482315E-17
 7174.3270576018   1.552147E-17
 7175.68838792697  1.648086E-17
 7177.04971825215  1.656413E-17
 7178.41104857732  1.632664E-17
 7179.77237890249  1.616495E-17
 7181.13370922767  1.499183E-17
 7182.49503955284  1.530700E-17
 7183.85636987801  1.454543E-17
 7185.21770020319  1.489436E-17
 7186.57903052836  1.500581E-17
 7187.94036085353  1.558857E-17
 7189.3016911787   1.662745E-17
 7190.66302150388  1.732109E-17
 7192.02435182905  1.511563E-17
 7193.38568215422  1.521393E-17
 7194.7470124794   1.657079E-17
 7196.10834280457  1.817821E-17
 7197.46967312974  1.852626E-17
 7198.83100345492  1.769775E-17
 7200.19233378009  1.725608E-17
 7201.55366410526  1.595391E-17
 7202.91499443044  1.683599E-17
 7204.27632475561  1.661359E-17
 7205.63765508078  1.576325E-17
 7206.99898540595  1.725801E-17
 7208.36031573113  1.714973E-17
 7209.7216460563   1.481907E-17
 7211.08297638147  1.577426E-17
 7212.44430670665  1.468307E-17
 7213.80563703182  1.762876E-17
 7215.16696735699  1.760976E-17
 7216.52829768216  1.658945E-17
 7217.88962800734  1.712886E-17
 7219.25095833251  1.684009E-17
 7220.61228865768  1.700206E-17
 7221.97361898286  1.623337E-17
 7223.33494930803  1.719316E-17
 7224.6962796332   1.630237E-17
 7226.05760995837  1.687035E-17
 7227.41894028355  1.620826E-17
 7228.78027060872  1.752509E-17
 7230.1416009339   1.635611E-17
 7231.50293125907  1.451777E-17
 7232.86426158424  1.784261E-17
 7234.22559190941  1.801586E-17
 7235.58692223459  1.746745E-17
 7236.94825255976  1.267180E-17
 7238.30958288493  1.258506E-17
 7239.67091321011  1.819148E-17
 7241.03224353528  1.372199E-17
 7242.39357386045  1.434279E-17
 7243.75490418562  1.583552E-17
 7245.1162345108   1.669272E-17
 7246.47756483597  1.501629E-17
 7247.83889516114  1.635189E-17
 7249.20022548632  1.654247E-17
 7250.56155581149  1.502420E-17
 7251.92288613666  1.521032E-17
 7253.28421646184  1.719425E-17
 7254.64554678701  1.732643E-17
 7256.00687711218  1.519944E-17
 7257.36820743736  1.447679E-17
 7258.72953776253  1.734818E-17
 7260.0908680877   1.670567E-17
 7261.45219841287  1.619742E-17
 7262.81352873805  1.724006E-17
 7264.17485906322  1.657771E-17
 7265.53618938839  1.649960E-17
 7266.89751971356  1.739307E-17
 7268.25885003874  1.834198E-17
 7269.62018036391  1.994903E-17
 7270.98151068909  1.957386E-17
 7272.34284101426  1.707744E-17
 7273.70417133943  1.641668E-17
 7275.0655016646   1.732778E-17
 7276.42683198978  1.655372E-17
 7277.78816231495  1.683289E-17
 7279.14949264012  1.349171E-17
 7280.5108229653   1.566099E-17
 7281.87215329047  1.701756E-17
 7283.23348361564  1.565639E-17
 7284.59481394081  1.476238E-17
 7285.95614426599  1.365459E-17
 7287.31747459116  1.480303E-17
 7288.67880491633  1.616063E-17
 7290.04013524151  1.560509E-17
 7291.40146556668  1.524416E-17
 7292.76279589185  1.502754E-17
 7294.12412621703  1.613276E-17
 7295.4854565422   1.754850E-17
 7296.84678686737  1.679652E-17
 7298.20811719254  1.524917E-17
 7299.56944751772  1.474302E-17
 7300.93077784289  1.640774E-17
 7302.29210816806  1.571680E-17
 7303.65343849324  1.641408E-17
 7305.01476881841  1.559100E-17
 7306.37609914358  1.577180E-17
 7307.73742946876  1.641110E-17
 7309.09875979393  1.561409E-17
 7310.4600901191   1.505328E-17
 7311.82142044428  1.326095E-17
 7313.18275076945  1.429846E-17
 7314.54408109462  1.703315E-17
 7315.90541141979  1.753816E-17
 7317.26674174497  1.767478E-17
 7318.62807207014  1.788686E-17
 7319.98940239531  2.010242E-17
 7321.35073272049  1.835408E-17
 7322.71206304566  1.814160E-17
 7324.07339337083  1.650459E-17
 7325.43472369601  1.587658E-17
 7326.79605402118  2.073337E-17
 7328.15738434635  1.932179E-17
 7329.51871467152  1.879005E-17
 7330.8800449967   2.031105E-17
 7332.24137532187  1.809774E-17
 7333.60270564704  2.104414E-17
 7334.96403597222  2.653245E-17
 7336.32536629739  2.959635E-17
 7337.68669662256  3.020970E-17
 7339.04802694773  2.755720E-17
 7340.40935727291  2.063967E-17
 7341.77068759808  1.828225E-17
 7343.13201792325  1.842053E-17
 7344.49334824843  1.820651E-17
 7345.8546785736   1.756598E-17
 7347.21600889877  1.567356E-17
 7348.57733922395  1.788961E-17
 7349.93866954912  1.823942E-17
 7351.29999987429  2.103248E-17
 7352.66133019947  1.814817E-17
 7354.02266052464  1.851411E-17
 7355.38399084981  2.007894E-17
 7356.74532117498  1.650226E-17
 7358.10665150016  1.776161E-17
 7359.46798182533  1.504551E-17
 7360.8293121505   1.742683E-17
 7362.19064247568  1.769903E-17
 7363.55197280085  1.818791E-17
 7364.91330312602  2.128516E-17
 7366.2746334512   2.055253E-17
 7367.63596377637  2.514391E-17
 7368.99729410154  2.537257E-17
 7370.35862442671  2.389580E-17
 7371.71995475189  2.143950E-17
 7373.08128507706  1.927886E-17
 7374.44261540223  1.929624E-17
 7375.80394572741  1.910809E-17
 7377.16527605258  1.974291E-17
 7378.52660637775  1.956138E-17
 7379.88793670293  1.874568E-17
 7381.2492670281   1.843276E-17
 7382.61059735327  1.787350E-17
 7383.97192767844  1.735348E-17
 7385.33325800362  1.764588E-17
 7386.69458832879  1.744419E-17
 7388.05591865396  1.666391E-17
 7389.41724897914  1.532539E-17
 7390.77857930431  1.508759E-17
 7392.13990962948  1.564914E-17
 7393.50123995466  1.692918E-17
 7394.86257027983  1.583723E-17
 7396.223900605    1.520974E-17
 7397.58523093017  1.678144E-17
 7398.94656125535  1.801300E-17
 7400.30789158052  1.812981E-17
 7401.66922190569  1.708219E-17
 7403.03055223087  1.573095E-17
 7404.39188255604  1.831360E-17
 7405.75321288121  1.828171E-17
 7407.11454320639  1.678566E-17
 7408.47587353156  1.522228E-17
 7409.83720385673  1.527368E-17
 7411.1985341819   1.611131E-17
 7412.55986450708  1.696033E-17
 7413.92119483225  1.759897E-17
 7415.28252515742  1.724935E-17
 7416.6438554826   1.676899E-17
 7418.00518580777  1.812541E-17
 7419.36651613294  1.724329E-17
 7420.72784645812  1.660767E-17
 7422.08917678329  1.699369E-17
 7423.45050710846  1.815138E-17
 7424.81183743363  1.823987E-17
 7426.17316775881  1.749831E-17
 7427.53449808398  1.803068E-17
 7428.89582840915  1.760138E-17
 7430.25715873433  1.653576E-17
 7431.6184890595   1.958205E-17
 7432.97981938467  2.057940E-17
 7434.34114970985  1.775826E-17
 7435.70248003502  1.706307E-17
 7437.06381036019  1.574944E-17
 7438.42514068536  1.621750E-17
 7439.78647101054  1.614470E-17
 7441.14780133571  1.653707E-17
 7442.50913166088  1.641558E-17
 7443.87046198605  1.644565E-17
 7445.23179231123  1.633518E-17
 7446.5931226364   1.762537E-17
 7447.95445296158  1.843808E-17
 7449.31578328675  1.649944E-17
 7450.67711361192  1.412567E-17
 7452.03844393709  1.363262E-17
 7453.39977426227  1.638942E-17
 7454.76110458744  1.719774E-17
 7456.12243491261  1.715171E-17
 7457.48376523779  1.809858E-17
 7458.84509556296  1.816999E-17
 7460.20642588813  1.662910E-17
 7461.56775621331  1.797842E-17
 7462.92908653848  1.668272E-17
 7464.29041686365  1.584849E-17
 7465.65174718882  1.810651E-17
 7467.013077514    1.670407E-17
 7468.37440783917  1.722682E-17
 7469.73573816434  1.885270E-17
 7471.09706848952  1.806947E-17
 7472.45839881469  1.829012E-17
 7473.81972913986  1.930102E-17
 7475.18105946504  1.948010E-17
 7476.54238979021  1.736415E-17
 7477.90372011538  1.733588E-17
 7479.26505044056  1.808811E-17
 7480.62638076573  1.679766E-17
 7481.9877110909   1.575219E-17
 7483.34904141607  1.722324E-17
 7484.71037174125  1.868380E-17
 7486.07170206642  1.677795E-17
 7487.43303239159  1.639488E-17
 7488.79436271676  1.649514E-17
 7490.15569304194  1.693428E-17
 7491.51702336711  1.742572E-17
 7492.87835369228  1.727144E-17
 7494.23968401746  1.636013E-17
 7495.60101434263  1.563558E-17
 7496.9623446678   1.670826E-17
 7498.32367499298  1.868050E-17
 7499.68500531815  1.961994E-17
 7501.04633564332  1.673286E-17
 7502.4076659685   1.413921E-17
 7503.76899629367  1.581848E-17
 7505.13032661884  1.743598E-17
 7506.49165694401  1.817475E-17
 7507.85298726919  1.875805E-17
 7509.21431759436  1.833996E-17
 7510.57564791953  1.839346E-17
 7511.93697824471  1.921429E-17
 7513.29830856988  1.793613E-17
 7514.65963889505  1.908872E-17
 7516.02096922022  1.775168E-17
 7517.3822995454   1.760850E-17
 7518.74362987057  1.708295E-17
 7520.10496019574  1.702048E-17
 7521.46629052092  1.697754E-17
 7522.82762084609  1.678429E-17
 7524.18895117126  1.764395E-17
 7525.55028149644  1.651038E-17
 7526.91161182161  1.857424E-17
 7528.27294214678  1.970255E-17
 7529.63427247196  1.598971E-17
 7530.99560279713  1.592400E-17
 7532.3569331223   1.799546E-17
 7533.71826344747  1.815820E-17
 7535.07959377265  1.868563E-17
 7536.44092409782  1.709346E-17
 7537.80225442299  1.674813E-17
 7539.16358474817  1.606606E-17
 7540.52491507334  1.871607E-17
 7541.88624539851  1.662535E-17
 7543.24757572369  1.685943E-17
 7544.60890604886  1.973682E-17
 7545.97023637403  1.762725E-17
 7547.3315666992   1.875897E-17
 7548.69289702438  1.794114E-17
 7550.05422734955  1.517998E-17
 7551.41555767472  1.620107E-17
 7552.7768879999   1.739823E-17
 7554.13821832507  1.757612E-17
 7555.49954865024  1.830375E-17
 7556.86087897542  1.767953E-17
 7558.22220930059  1.647384E-17
 7559.58353962576  1.659528E-17
 7560.94486995093  1.814970E-17
 7562.30620027611  1.907298E-17
 7563.66753060128  1.855168E-17
 7565.02886092645  1.727426E-17
 7566.39019125163  1.705116E-17
 7567.7515215768   1.650581E-17
 7569.11285190197  1.644869E-17
 7570.47418222715  1.731301E-17
 7571.83551255232  1.686881E-17
 7573.19684287749  1.608245E-17
 7574.55817320266  1.648791E-17
 7575.91950352784  1.634201E-17
 7577.28083385301  1.762318E-17
 7578.64216417818  1.836712E-17
 7580.00349450336  1.856492E-17
 7581.36482482853  1.792787E-17
 7582.7261551537   1.739924E-17
 7584.08748547887  1.806786E-17
 7585.44881580405  1.794156E-17
 7586.81014612922  1.733734E-17
 7588.17147645439  1.653559E-17
 7589.53280677957  1.645068E-17
 7590.89413710474  1.643717E-17
 7592.25546742991  1.541501E-17
 7593.61679775509  1.360401E-17
 7594.97812808026  9.330806E-18
 7596.33945840543  6.788295E-18
 7597.7007887306   7.096366E-18
 7599.06211905578  7.351098E-18
 7600.42344938095  6.118270E-18
 7601.78477970612  4.782496E-18
 7603.1461100313   4.849138E-18
 7604.50744035647  5.397930E-18
 7605.86877068164  5.190128E-18
 7607.23010100682  4.352658E-18
 7608.59143133199  5.801492E-18
 7609.95276165716  7.256512E-18
 7611.31409198233  6.651291E-18
 7612.67542230751  8.092647E-18
 7614.03675263268  9.481154E-18
 7615.39808295786  8.926531E-18
 7616.75941328303  1.181905E-17
 7618.1207436082   1.406271E-17
 7619.48207393337  1.293934E-17
 7620.84340425855  1.173842E-17
 7622.20473458372  9.927580E-18
 7623.56606490889  1.021745E-17
 7624.92739523407  1.155861E-17
 7626.28872555924  1.007492E-17
 7627.65005588441  1.047778E-17
 7629.01138620958  1.009886E-17
 7630.37271653476  9.691648E-18
 7631.73404685993  7.659873E-18
 7633.0953771851   9.068004E-18
 7634.45670751028  9.944611E-18
 7635.81803783545  9.551132E-18
 7637.17936816062  9.876003E-18
 7638.5406984858   8.971555E-18
 7639.90202881097  1.005866E-17
 7641.26335913614  9.563110E-18
 7642.62468946132  1.171947E-17
 7643.98601978649  1.074634E-17
 7645.34735011166  1.089390E-17
 7646.70868043683  1.263189E-17
 7648.07001076201  1.256537E-17
 7649.43134108718  1.240137E-17
 7650.79267141235  1.155439E-17
 7652.15400173753  1.255731E-17
 7653.5153320627   1.253216E-17
 7654.87666238787  1.285947E-17
 7656.23799271304  1.418678E-17
 7657.59932303822  1.401995E-17
 7658.96065336339  1.423803E-17
 7660.32198368856  1.443258E-17
 7661.68331401374  1.525270E-17
 7663.04464433891  1.560957E-17
 7664.40597466408  1.435945E-17
 7665.76730498926  1.416738E-17
 7667.12863531443  1.320530E-17
 7668.4899656396   1.308578E-17
 7669.85129596477  1.387957E-17
 7671.21262628995  1.463401E-17
 7672.57395661512  1.469989E-17
 7673.93528694029  1.571567E-17
 7675.29661726547  1.586625E-17
 7676.65794759064  1.571109E-17
 7678.01927791581  1.544811E-17
 7679.38060824098  1.547539E-17
 7680.74193856616  1.611059E-17
 7682.10326889133  1.587138E-17
 7683.4645992165   1.612906E-17
 7684.82592954168  1.596491E-17
 7686.18725986685  1.701680E-17
 7687.54859019202  1.659613E-17
 7688.9099205172   1.504307E-17
 7690.27125084237  1.539584E-17
 7691.63258116754  1.576284E-17
 7692.99391149272  1.445576E-17
 7694.35524181789  1.418015E-17
 7695.71657214306  1.599562E-17
 7697.07790246824  1.587519E-17
 7698.43923279341  1.566756E-17
 7699.80056311858  1.555730E-17
 7701.16189344375  1.619683E-17
 7702.52322376893  1.528162E-17
 7703.8845540941   1.426542E-17
 7705.24588441927  1.492789E-17
 7706.60721474444  1.326258E-17
 7707.96854506962  1.554485E-17
 7709.32987539479  1.603832E-17
 7710.69120571997  1.617036E-17
 7712.05253604514  1.523619E-17
 7713.41386637031  1.661026E-17
 7714.77519669548  1.777970E-17
 7716.13652702066  2.098269E-17
 7717.49785734583  2.209118E-17
 7718.859187671    1.854562E-17
 7720.22051799617  1.748665E-17
 7721.58184832135  1.804088E-17
 7722.94317864652  1.820425E-17
 7724.30450897169  1.638397E-17
 7725.66583929687  1.553183E-17
 7727.02716962204  1.652243E-17
 7728.38849994721  1.490736E-17
 7729.74983027239  1.619426E-17
 7731.11116059756  1.653150E-17
 7732.47249092273  1.545417E-17
 7733.8338212479   1.537210E-17
 7735.19515157308  1.522246E-17
 7736.55648189825  1.522272E-17
 7737.91781222343  1.608108E-17
 7739.2791425486   1.649370E-17
 7740.64047287377  1.417661E-17
 7742.00180319894  1.312723E-17
 7743.36313352412  1.398349E-17
 7744.72446384929  1.296359E-17
 7746.08579417446  1.311839E-17
 7747.44712449964  1.508845E-17
 7748.80845482481  1.722890E-17
 7750.16978514998  1.844501E-17
 7751.53111547515  1.801926E-17
 7752.89244580033  1.962848E-17
 7754.2537761255   1.761405E-17
 7755.61510645067  1.495927E-17
 7756.97643677585  1.555731E-17
 7758.33776710102  1.650382E-17
 7759.69909742619  1.671344E-17
 7761.06042775137  1.566364E-17
 7762.42175807654  1.762462E-17
 7763.78308840171  1.841575E-17
 7765.14441872688  1.870551E-17
 7766.50574905206  1.897302E-17
 7767.86707937723  1.924052E-17
 7769.2284097024   1.844242E-17
 7770.58974002758  1.816126E-17
 7771.95107035275  1.810995E-17
 7773.31240067792  1.674960E-17
 7774.6737310031   1.551083E-17
 7776.03506132827  1.664635E-17
 7777.39639165344  1.576515E-17
 7778.75772197861  1.613450E-17
 7780.11905230379  1.728736E-17
 7781.48038262896  1.896978E-17
 7782.84171295413  1.747933E-17
 7784.20304327931  1.520038E-17
 7785.56437360448  1.754708E-17
 7786.92570392965  1.424924E-17
 7788.28703425482  1.545895E-17
 7789.64836458     1.735203E-17
 7791.00969490517  1.480929E-17
 7792.37102523034  1.758947E-17
 7793.73235555552  1.756505E-17
 7795.09368588069  1.610119E-17
 7796.45501620586  1.508643E-17
 7797.81634653104  1.620583E-17
 7799.17767685621  1.503174E-17
 7800.53900718138  1.476002E-17
 7801.90033750656  1.390821E-17
 7803.26166783173  1.439966E-17
 7804.6229981569   1.338827E-17
 7805.98432848207  1.409009E-17
 7807.34565880725  1.556482E-17
 7808.70698913242  1.454699E-17
 7810.06831945759  1.380386E-17
 7811.42964978277  1.302368E-17
 7812.79098010794  1.296029E-17
 7814.15231043311  1.308366E-17
 7815.51364075829  1.424882E-17
 7816.87497108346  1.413588E-17
 7818.23630140863  1.251466E-17
 7819.59763173381  1.249035E-17
 7820.95896205898  1.475056E-17
 7822.32029238415  1.466563E-17
 7823.68162270932  1.332232E-17
 7825.0429530345   1.488625E-17
 7826.40428335967  1.645798E-17
 7827.76561368484  1.828884E-17
 7829.12694401002  1.870940E-17
 7830.48827433519  1.905978E-17
 7831.84960466036  1.792819E-17
 7833.21093498554  1.701638E-17
 7834.57226531071  1.658449E-17
 7835.93359563588  1.563327E-17
 7837.29492596105  1.489334E-17
 7838.65625628623  1.542098E-17
 7840.0175866114   1.616938E-17
 7841.37891693657  1.688145E-17
 7842.74024726175  1.797524E-17
 7844.10157758692  1.723469E-17
 7845.46290791209  1.567965E-17
 7846.82423823727  1.196677E-17
 7848.18556856244  1.469656E-17
 7849.54689888761  1.618979E-17
 7850.90822921278  1.553974E-17
 7852.26955953796  1.820575E-17
 7853.63088986313  1.625969E-17
 7854.9922201883   1.812181E-17
 7856.35355051348  1.897899E-17
 7857.71488083865  1.879699E-17
 7859.07621116382  1.589622E-17
 7860.43754148899  1.486261E-17
 7861.79887181417  1.630896E-17
 7863.16020213934  1.873673E-17
 7864.52153246451  1.519958E-17
 7865.88286278969  1.828934E-17
 7867.24419311486  1.789567E-17
 7868.60552344003  1.612761E-17
 7869.96685376521  1.374691E-17
 7871.32818409038  1.463135E-17
 7872.68951441555  1.588086E-17
 7874.05084474073  1.586690E-17
 7875.4121750659   1.546910E-17
 7876.77350539107  1.449263E-17
 7878.13483571624  1.358180E-17
 7879.49616604142  1.428683E-17
 7880.85749636659  1.558557E-17
 7882.21882669176  1.588795E-17
 7883.58015701694  1.619233E-17
 7884.94148734211  1.645786E-17
 7886.30281766728  1.533489E-17
 7887.66414799246  1.715976E-17
 7889.02547831763  1.858083E-17
 7890.3868086428   1.760078E-17
 7891.74813896797  1.672566E-17
 7893.10946929315  1.585872E-17
 7894.47079961832  1.627742E-17
 7895.83212994349  1.614547E-17
 7897.19346026867  1.593268E-17
 7898.55479059384  1.617317E-17
 7899.91612091901  1.678488E-17
 7901.27745124418  1.601772E-17
 7902.63878156936  1.543733E-17
 7904.00011189453  1.543352E-17
 7905.3614422197   1.430243E-17
 7906.72277254488  1.350145E-17
 7908.08410287005  1.355659E-17
 7909.44543319522  1.504323E-17
 7910.8067635204   1.645688E-17
 7912.16809384557  1.603524E-17
 7913.52942417074  1.622509E-17
 7914.89075449592  1.597784E-17
 7916.25208482109  1.518132E-17
 7917.61341514626  1.487373E-17
 7918.97474547143  1.391097E-17
 7920.33607579661  1.469419E-17
 7921.69740612178  1.816250E-17
 7923.05873644695  1.326538E-17
 7924.42006677212  1.497975E-17
 7925.7813970973   1.228981E-17
 7927.14272742247  1.754492E-17
 7928.50405774765  1.631187E-17
 7929.86538807282  1.512133E-17
 7931.22671839799  1.341608E-17
 7932.58804872316  1.318140E-17
 7933.94937904834  1.444117E-17
 7935.31070937351  1.463817E-17
 7936.67203969868  1.538364E-17
 7938.03337002386  1.477056E-17
 7939.39470034903  1.413374E-17
 7940.7560306742   1.305647E-17
 7942.11736099938  1.410035E-17
 7943.47869132455  1.294235E-17
 7944.84002164972  1.437795E-17
 7946.20135197489  1.599505E-17
 7947.56268230007  1.612457E-17
 7948.92401262524  1.610224E-17
 7950.28534295041  1.696177E-17
 7951.64667327559  1.608130E-17
 7953.00800360076  1.608785E-17
 7954.36933392593  1.554186E-17
 7955.73066425111  1.579728E-17
 7957.09199457628  1.485369E-17
 7958.45332490145  1.389386E-17
 7959.81465522662  1.381314E-17
 7961.1759855518   1.501250E-17
 7962.53731587697  1.504547E-17
 7963.89864620214  1.419780E-17
 7965.25997652732  1.402901E-17
 7966.62130685249  1.437562E-17
 7967.98263717766  1.476893E-17
 7969.34396750283  1.335205E-17
 7970.70529782801  1.221362E-17
 7972.06662815318  1.764018E-17
 7973.42795847835  1.602598E-17
 7974.78928880353  1.478664E-17
 7976.1506191287   1.499505E-17
 7977.51194945387  1.363010E-17
 7978.87327977905  1.371223E-17
 7980.23461010422  1.557161E-17
 7981.59594042939  1.531175E-17
 7982.95727075456  1.401165E-17
 7984.31860107974  1.442932E-17
 7985.67993140491  1.598970E-17
 7987.04126173009  1.580335E-17
 7988.40259205526  1.608925E-17
 7989.76392238043  1.497041E-17
 7991.1252527056   1.440901E-17
 7992.48658303078  1.470888E-17
 7993.84791335595  1.440890E-17
 7995.20924368112  1.548301E-17
 7996.57057400629  1.491775E-17
 7997.93190433147  1.287182E-17
 7999.29323465664  1.040119E-17
 8000.65456498181  1.430802E-17
 8002.01589530699  1.515987E-17
 8003.37722563216  1.477496E-17
 8004.73855595733  1.485251E-17
 8006.09988628251  1.468751E-17
 8007.46121660768  1.497843E-17
 8008.82254693285  1.326987E-17
 8010.18387725802  1.415133E-17
 8011.5452075832   1.486367E-17
 8012.90653790837  1.500590E-17
 8014.26786823354  1.322304E-17
 8015.62919855872  1.341989E-17
 8016.99052888389  1.433802E-17
 8018.35185920906  1.512111E-17
 8019.71318953423  1.446244E-17
 8021.07451985941  1.372200E-17
 8022.43585018458  1.416505E-17
 8023.79718050976  1.401504E-17
 8025.15851083493  1.365161E-17
 8026.5198411601   1.447258E-17
 8027.88117148527  1.464307E-17
 8029.24250181045  1.265662E-17
 8030.60383213562  1.344694E-17
 8031.96516246079  1.321628E-17
 8033.32649278597  1.349413E-17
 8034.68782311114  1.338736E-17
 8036.04915343631  1.315774E-17
 8037.41048376149  1.366716E-17
 8038.77181408666  1.416164E-17
 8040.13314441183  1.440853E-17
 8041.494474737    1.393362E-17
 8042.85580506218  1.340946E-17
 8044.21713538735  1.438994E-17
 8045.57846571252  1.470860E-17
 8046.93979603769  1.437581E-17
 8048.30112636287  1.436605E-17
 8049.66245668804  1.524434E-17
 8051.02378701321  1.374198E-17
 8052.38511733839  1.420806E-17
 8053.74644766356  1.586509E-17
 8055.10777798874  1.475562E-17
 8056.46910831391  1.270019E-17
 8057.83043863908  1.386604E-17
 8059.19176896425  1.361428E-17
 8060.55309928943  1.427477E-17
 8061.9144296146   1.601953E-17
 8063.27575993977  1.518865E-17
 8064.63709026494  1.182182E-17
 8065.99842059012  1.445957E-17
 8067.35975091529  1.340361E-17
 8068.72108124046  1.194634E-17
 8070.08241156564  1.377090E-17
 8071.44374189081  1.319169E-17
 8072.80507221598  1.392675E-17
 8074.16640254116  1.517702E-17
 8075.52773286633  1.481502E-17
 8076.8890631915   1.334891E-17
 8078.25039351667  1.382780E-17
 8079.61172384185  1.393956E-17
 8080.97305416702  1.513722E-17
 8082.33438449219  1.434350E-17
 8083.69571481737  1.463993E-17
 8085.05704514254  1.510314E-17
 8086.41837546771  1.455695E-17
 8087.77970579289  1.442638E-17
 8089.14103611806  1.469540E-17
 8090.50236644323  1.410110E-17
 8091.8636967684   1.420751E-17
 8093.22502709358  1.426303E-17
 8094.58635741875  1.457277E-17
 8095.94768774393  1.485091E-17
 8097.3090180691   1.422567E-17
 8098.67034839427  1.435981E-17
 8100.03167871944  1.518618E-17
 8101.39300904462  1.676172E-17
 8102.75433936979  1.666356E-17
 8104.11566969496  1.348378E-17
 8105.47700002013  1.321167E-17
 8106.83833034531  1.342094E-17
 8108.19966067048  1.341326E-17
 8109.56099099565  1.325773E-17
 8110.92232132083  1.487999E-17
 8112.283651646    1.561077E-17
 8113.64498197117  1.327264E-17
 8115.00631229635  1.410195E-17
 8116.36764262152  1.362874E-17
 8117.72897294669  1.433329E-17
 8119.09030327186  1.323882E-17
 8120.45163359704  1.497408E-17
 8121.81296392221  1.413709E-17
 8123.17429424738  1.354660E-17
 8124.53562457256  1.483007E-17
 8125.89695489773  1.617713E-17
 8127.2582852229   1.583542E-17
 8128.61961554808  1.487989E-17
 8129.98094587325  1.509794E-17
 8131.34227619842  1.491507E-17
 8132.7036065236   1.443293E-17
 8134.06493684877  1.333513E-17
 8135.42626717394  1.286542E-17
 8136.78759749911  1.353027E-17
 8138.14892782429  1.427241E-17
 8139.51025814946  1.476466E-17
 8140.87158847463  1.467700E-17
 8142.23291879981  1.507904E-17
 8143.59424912498  1.453484E-17
 8144.95557945015  1.438452E-17
 8146.31690977533  1.450542E-17
 8147.6782401005   1.425330E-17
 8149.03957042567  1.471480E-17
 8150.40090075084  1.463008E-17
 8151.76223107602  1.491468E-17
 8153.12356140119  1.370653E-17
 8154.48489172636  1.298081E-17
 8155.84622205154  1.385800E-17
 8157.20755237671  1.370302E-17
 8158.56888270188  1.285594E-17
 8159.93021302706  1.301403E-17
 8161.29154335223  1.354706E-17
 8162.6528736774   1.317900E-17
 8164.01420400257  1.285980E-17
 8165.37553432775  1.276737E-17
 8166.73686465292  1.345850E-17
 8168.09819497809  1.384518E-17
 8169.45952530327  1.386680E-17
 8170.82085562844  1.326625E-17
 8172.18218595361  1.470716E-17
 8173.54351627879  1.404174E-17
 8174.90484660396  1.454646E-17
 8176.26617692913  1.445161E-17
 8177.6275072543   1.500211E-17
 8178.98883757948  1.466438E-17
 8180.35016790465  1.381274E-17
 8181.71149822982  1.532457E-17
 8183.072828555    1.598687E-17
 8184.43415888017  1.578157E-17
 8185.79548920534  1.351014E-17
 8187.15681953051  1.239568E-17
 8188.51814985569  1.268372E-17
 8189.87948018086  1.388863E-17
 8191.24081050603  1.272285E-17
 8192.60214083121  1.213714E-17
 8193.96347115638  1.315840E-17
 8195.32480148155  1.287798E-17
 8196.68613180673  1.348839E-17
 8198.0474621319   1.226890E-17
 8199.40879245707  1.264502E-17
 8200.77012278225  1.361709E-17
 8202.13145310742  1.482156E-17
 8203.49278343259  1.504765E-17
 8204.85411375776  1.388439E-17
 8206.21544408294  1.353819E-17
 8207.57677440811  1.521072E-17
 8208.93810473328  1.549851E-17
 8210.29943505846  1.498372E-17
 8211.66076538363  1.494975E-17
 8213.0220957088   1.442811E-17
 8214.38342603398  1.378078E-17
 8215.74475635915  1.356688E-17
 8217.10608668432  1.324300E-17
 8218.46741700949  1.260572E-17
 8219.82874733467  1.310214E-17
 8221.19007765984  1.307459E-17
 8222.55140798501  1.255439E-17
 8223.91273831019  1.186745E-17
 8225.27406863536  1.285135E-17
 8226.63539896053  1.344197E-17
 8227.99672928571  1.273600E-17
 8229.35805961088  1.205110E-17
 8230.71938993605  1.229441E-17
 8232.08072026122  1.168197E-17
 8233.4420505864   1.210040E-17
 8234.80338091157  1.245942E-17
 8236.16471123674  1.238132E-17
 8237.52604156192  1.195310E-17
 8238.88737188709  1.353427E-17
 8240.24870221226  1.360038E-17
 8241.61003253743  1.340391E-17
 8242.97136286261  1.268320E-17
 8244.33269318778  1.296583E-17
 8245.69402351295  1.269537E-17
 8247.05535383813  1.310642E-17
 8248.4166841633   1.536952E-17
 8249.77801448847  1.632448E-17
 8251.13934481365  1.595390E-17
 8252.50067513882  1.610962E-17
 8253.86200546399  1.476035E-17
 8255.22333578917  1.419774E-17
 8256.58466611434  1.414827E-17
 8257.94599643951  1.445446E-17
 8259.30732676468  1.419763E-17
 8260.66865708986  1.392849E-17
 8262.02998741503  1.352834E-17
 8263.3913177402   1.296908E-17
 8264.75264806538  1.357237E-17
 8266.11397839055  1.385796E-17
 8267.47530871572  1.402832E-17
 8268.8366390409   1.432481E-17
 8270.19796936607  1.449027E-17
 8271.55929969124  1.447329E-17
 8272.92063001641  1.325941E-17
 8274.28196034159  1.214572E-17
 8275.64329066676  1.189664E-17
 8277.00462099193  1.174885E-17
 8278.36595131711  1.239608E-17
 8279.72728164228  1.448909E-17
 8281.08861196745  1.286579E-17
 8282.44994229263  1.423001E-17
 8283.8112726178   1.484884E-17
 8285.17260294297  1.448255E-17
 8286.53393326814  1.251476E-17
 8287.89526359332  1.197867E-17
 8289.25659391849  1.214732E-17
 8290.61792424366  1.146000E-17
 8291.97925456884  1.027699E-17
 8293.34058489401  1.157743E-17
 8294.70191521918  1.144358E-17
 8296.06324554436  1.140944E-17
 8297.42457586953  1.396785E-17
 8298.7859061947   1.431921E-17
 8300.14723651987  1.434868E-17
 8301.50856684505  1.385636E-17
 8302.86989717022  1.186061E-17
 8304.23122749539  1.296234E-17
 8305.59255782057  1.136264E-17
 8306.95388814574  1.249045E-17
 8308.31521847091  1.360590E-17
 8309.67654879609  1.244952E-17
 8311.03787912126  1.356634E-17
 8312.39920944643  1.291578E-17
 8313.7605397716   1.222254E-17
 8315.12187009678  1.453704E-17
 8316.48320042195  1.150150E-17
 8317.84453074712  1.184185E-17
 8319.2058610723   1.395081E-17
 8320.56719139747  1.473857E-17
 8321.92852172264  1.437147E-17
 8323.28985204782  1.457146E-17
 8324.65118237299  1.446316E-17
 8326.01251269816  1.439003E-17
 8327.37384302334  1.500950E-17
 8328.73517334851  1.502300E-17
 8330.09650367368  1.404872E-17
 8331.45783399885  1.343762E-17
 8332.81916432403  1.340966E-17
 8334.1804946492   1.400742E-17
 8335.54182497437  1.468529E-17
 8336.90315529955  1.445426E-17
 8338.26448562472  1.478835E-17
 8339.62581594989  1.532232E-17
 8340.98714627506  1.512641E-17
 8342.34847660024  1.392931E-17
 8343.70980692541  1.445265E-17
 8345.07113725058  1.635295E-17
 8346.43246757576  1.291361E-17
 8347.79379790093  9.449143E-18
 8349.1551282261   9.676169E-18
 8350.51645855128  1.146493E-17
 8351.87778887645  1.208671E-17
 8353.23911920162  1.369227E-17
 8354.6004495268   1.297089E-17
 8355.96177985197  1.252809E-17
 8357.32311017714  1.196913E-17
 8358.68444050231  1.047076E-17
 8360.04577082749  1.533317E-17
 8361.40710115266  1.361783E-17
 8362.76843147783  1.133159E-17
 8364.12976180301  1.296272E-17
 8365.49109212818  1.225623E-17
 8366.85242245335  1.206860E-17
 8368.21375277852  1.095568E-17
 8369.5750831037   1.099102E-17
 8370.93641342887  1.080071E-17
 8372.29774375404  1.058929E-17
 8373.65907407922  1.015418E-17
 8375.02040440439  1.201488E-17
 8376.38173472956  1.351829E-17
 8377.74306505474  1.355948E-17
 8379.10439537991  1.288626E-17
 8380.46572570508  1.279501E-17
 8381.82705603025  1.279628E-17
 8383.18838635543  1.315485E-17
 8384.5497166806   1.412934E-17
 8385.91104700577  1.378907E-17
 8387.27237733095  1.408242E-17
 8388.63370765612  1.498736E-17
 8389.99503798129  1.447719E-17
 8391.35636830647  1.333543E-17
 8392.71769863164  1.327620E-17
 8394.07902895681  1.201269E-17
 8395.44035928198  1.152968E-17
 8396.80168960716  1.286137E-17
 8398.16301993233  1.352280E-17
 8399.52435025751  1.171441E-17
 8400.88568058268  1.194060E-17
 8402.24701090785  1.200239E-17
 8403.60834123302  1.244508E-17
 8404.9696715582   1.367521E-17
 8406.33100188337  1.246231E-17
 8407.69233220854  1.367287E-17
 8409.05366253371  1.285955E-17
 8410.41499285889  1.287335E-17
 8411.77632318406  1.499714E-17
 8413.13765350923  1.429043E-17
 8414.49898383441  1.341681E-17
 8415.86031415958  1.240105E-17
 8417.22164448475  1.390610E-17
 8418.58297480993  1.086745E-17
 8419.9443051351   1.153895E-17
 8421.30563546027  1.157656E-17
 8422.66696578544  1.313787E-17
 8424.02829611062  1.210496E-17
 8425.38962643579  1.243177E-17
 8426.75095676096  1.319619E-17
 8428.11228708614  1.292191E-17
 8429.47361741131  1.543492E-17
 8430.83494773648  1.396598E-17
 8432.19627806166  1.167630E-17
 8433.55760838683  1.185403E-17
 8434.918938712    1.371879E-17
 8436.28026903717  1.343933E-17
 8437.64159936235  1.441857E-17
 8439.00292968752  1.493346E-17
