 3628.5651855469   6.565267E-18
 3630.63773085425  1.285639E-17
 3632.7102761616   7.580291E-18
 3634.78282146895  8.654763E-18
 3636.85536677629  1.367825E-17
 3638.92791208364  1.174092E-17
 3641.00045739099  1.402361E-17
 3643.07300269834  1.620746E-17
 3645.14554800568  1.175425E-17
 3647.21809331303  1.489352E-17
 3649.29063862038  4.528887E-18
 3651.36318392773  5.886653E-18
 3653.43572923507  3.345974E-18
 3655.50827454242  -2.685795E-18
 3657.58081984977  1.254625E-17
 3659.65336515712  7.393151E-18
 3661.72591046447  1.207163E-17
 3663.79845577181  1.110161E-17
 3665.87100107916  -2.647899E-19
 3667.94354638651  1.120035E-17
 3670.01609169386  9.910498E-18
 3672.0886370012   7.855547E-18
 3674.16118230855  1.499823E-17
 3676.2337276159   1.150440E-17
 3678.30627292325  1.629888E-17
 3680.37881823059  1.296777E-17
 3682.45136353794  3.813287E-18
 3684.52390884529  1.436412E-17
 3686.59645415264  4.810382E-18
 3688.66899945998  1.084602E-17
 3690.74154476733  1.299014E-17
 3692.81409007468  1.656036E-17
 3694.88663538203  1.328696E-17
 3696.95918068937  1.176513E-17
 3699.03172599672  8.849066E-18
 3701.10427130407  7.597796E-18
 3703.17681661142  1.461267E-17
 3705.24936191876  1.863716E-17
 3707.32190722611  1.615325E-17
 3709.39445253346  9.885758E-18
 3711.46699784081  7.731846E-18
 3713.53954314816  7.410218E-18
 3715.6120884555   6.126222E-18
 3717.68463376285  4.350264E-18
 3719.7571790702   1.220872E-17
 3721.82972437755  1.409363E-17
 3723.90226968489  3.570813E-18
 3725.97481499224  1.010625E-17
 3728.04736029959  8.528929E-18
 3730.11990560694  7.849867E-18
 3732.19245091428  1.004279E-17
 3734.26499622163  9.750045E-18
 3736.33754152898  7.469557E-18
 3738.41008683633  -1.188550E-19
 3740.48263214367  1.718687E-18
 3742.55517745102  8.083229E-18
 3744.62772275837  9.092219E-18
 3746.70026806572  1.518402E-17
 3748.77281337306  1.458627E-17
 3750.84535868041  6.556291E-18
 3752.91790398776  1.265686E-17
 3754.99044929511  1.193137E-17
 3757.06299460246  1.073160E-17
 3759.1355399098   1.278247E-17
 3761.20808521715  5.728652E-18
 3763.2806305245   6.171647E-18
 3765.35317583185  1.017058E-17
 3767.42572113919  5.735040E-18
 3769.49826644654  6.313955E-18
 3771.57081175389  7.121910E-18
 3773.64335706124  8.858846E-18
 3775.71590236858  1.112789E-17
 3777.78844767593  1.007223E-17
 3779.86099298328  7.212921E-18
 3781.93353829063  1.013544E-17
 3784.00608359797  1.200517E-17
 3786.07862890532  1.283400E-17
 3788.15117421267  1.117126E-17
 3790.22371952002  1.431659E-17
 3792.29626482737  9.328319E-18
 3794.36881013471  1.528136E-17
 3796.44135544206  1.433758E-17
 3798.51390074941  1.335875E-17
 3800.58644605676  1.300627E-17
 3802.6589913641   1.121071E-17
 3804.73153667145  9.447774E-18
 3806.8040819788   1.497733E-17
 3808.87662728615  1.071091E-17
 3810.94917259349  1.157551E-17
 3813.02171790084  1.088127E-17
 3815.09426320819  6.448034E-18
 3817.16680851554  1.144560E-17
 3819.23935382288  1.042561E-17
 3821.31189913023  7.784033E-18
 3823.38444443758  8.069794E-18
 3825.45698974493  7.650231E-18
 3827.52953505227  5.774730E-18
 3829.60208035962  9.231631E-18
 3831.67462566697  9.694623E-18
 3833.74717097432  1.044434E-17
 3835.81971628166  1.264228E-17
 3837.89226158901  1.373817E-17
 3839.96480689636  7.974778E-18
 3842.03735220371  7.785423E-18
 3844.10989751105  7.530106E-18
 3846.1824428184   9.832128E-18
 3848.25498812575  1.061570E-17
 3850.3275334331   7.175655E-18
 3852.40007874045  1.355390E-17
 3854.47262404779  1.359374E-17
 3856.54516935514  1.153019E-17
 3858.61771466249  9.140790E-18
 3860.69025996984  1.035967E-17
 3862.76280527718  1.113515E-17
 3864.83535058453  1.062046E-17
 3866.90789589188  8.105743E-18
 3868.98044119923  1.017851E-17
 3871.05298650657  9.189709E-18
 3873.12553181392  1.176636E-17
 3875.19807712127  1.110129E-17
 3877.27062242862  9.875325E-18
 3879.34316773596  1.022685E-17
 3881.41571304331  7.776011E-18
 3883.48825835066  1.033046E-17
 3885.56080365801  9.190346E-18
 3887.63334896535  1.320435E-17
 3889.7058942727   1.112240E-17
 3891.77843958005  1.119248E-17
 3893.8509848874   9.739868E-18
 3895.92353019474  9.790355E-18
 3897.99607550209  1.150110E-17
 3900.06862080944  1.494026E-17
 3902.14116611679  1.157524E-17
 3904.21371142413  1.059941E-17
 3906.28625673148  1.127134E-17
 3908.35880203883  1.265118E-17
 3910.43134734618  9.827919E-18
 3912.50389265353  1.073778E-17
 3914.57643796087  8.134569E-18
 3916.64898326822  1.245431E-17
 3918.72152857557  1.146131E-17
 3920.79407388292  1.414700E-17
 3922.86661919026  1.049605E-17
 3924.93916449761  1.223017E-17
 3927.01170980496  1.126229E-17
 3929.08425511231  1.080523E-17
 3931.15680041965  1.140664E-17
 3933.229345727    1.180958E-17
 3935.30189103435  1.078342E-17
 3937.3744363417   8.379610E-18
 3939.44698164904  6.683599E-18
 3941.51952695639  7.846486E-18
 3943.59207226374  1.016987E-17
 3945.66461757109  9.379781E-18
 3947.73716287844  1.458819E-17
 3949.80970818578  1.527609E-17
 3951.88225349313  1.378253E-17
 3953.95479880048  1.073496E-17
 3956.02734410783  1.089219E-17
 3958.09988941517  1.229808E-17
 3960.17243472252  1.347471E-17
 3962.24498002987  1.499658E-17
 3964.31752533722  1.395226E-17
 3966.39007064456  1.470487E-17
 3968.46261595191  1.356328E-17
 3970.53516125926  1.033057E-17
 3972.60770656661  1.219035E-17
 3974.68025187395  8.637957E-18
 3976.7527971813   6.948984E-18
 3978.82534248865  7.810623E-18
 3980.897887796    8.449026E-18
 3982.97043310334  1.140449E-17
 3985.04297841069  1.166994E-17
 3987.11552371804  1.440389E-17
 3989.18806902539  1.520659E-17
 3991.26061433273  1.498281E-17
 3993.33315964008  1.467178E-17
 3995.40570494743  1.482908E-17
 3997.47825025478  1.149382E-17
 3999.55079556212  1.248116E-17
 4001.62334086947  1.264155E-17
 4003.69588617682  1.094684E-17
 4005.76843148417  1.121192E-17
 4007.84097679152  1.141710E-17
 4009.91352209886  1.287159E-17
 4011.98606740621  1.496686E-17
 4014.05861271356  1.191562E-17
 4016.13115802091  1.260585E-17
 4018.20370332825  1.237628E-17
 4020.2762486356   1.519175E-17
 4022.34879394295  1.523218E-17
 4024.4213392503   1.490798E-17
 4026.49388455764  1.415981E-17
 4028.56642986499  1.495686E-17
 4030.63897517234  1.438855E-17
 4032.71152047969  1.410895E-17
 4034.78406578703  1.216659E-17
 4036.85661109438  1.448072E-17
 4038.92915640173  1.410341E-17
 4041.00170170908  1.362199E-17
 4043.07424701642  1.378776E-17
 4045.14679232377  1.189334E-17
 4047.21933763112  1.286316E-17
 4049.29188293847  1.518985E-17
 4051.36442824581  1.059851E-17
 4053.43697355316  1.026419E-17
 4055.50951886051  9.709295E-18
 4057.58206416786  1.372283E-17
 4059.6546094752   1.149267E-17
 4061.72715478255  1.292622E-17
 4063.7997000899   1.647992E-17
 4065.87224539725  1.568802E-17
 4067.9447907046   1.272113E-17
 4070.01733601194  1.271047E-17
 4072.08988131929  1.654396E-17
 4074.16242662664  1.771918E-17
 4076.23497193399  1.676750E-17
 4078.30751724133  1.397414E-17
 4080.38006254868  1.350107E-17
 4082.45260785603  1.169795E-17
 4084.52515316338  1.225773E-17
 4086.59769847072  1.282133E-17
 4088.67024377807  1.389566E-17
 4090.74278908542  1.511402E-17
 4092.81533439277  1.515543E-17
 4094.88787970011  1.300707E-17
 4096.96042500746  1.229007E-17
 4099.03297031481  1.465380E-17
 4101.10551562216  1.661766E-17
 4103.1780609295   1.874844E-17
 4105.25060623685  2.108481E-17
 4107.3231515442   2.081766E-17
 4109.39569685155  2.072125E-17
 4111.46824215889  2.371594E-17
 4113.54078746624  2.146637E-17
 4115.61333277359  2.160582E-17
 4117.68587808094  1.934787E-17
 4119.75842338829  2.123573E-17
 4121.83096869563  2.049261E-17
 4123.90351400298  1.699189E-17
 4125.97605931033  1.622121E-17
 4128.04860461768  1.563980E-17
 4130.12114992502  1.593450E-17
 4132.19369523237  1.415072E-17
 4134.26624053972  1.600458E-17
 4136.33878584707  1.591548E-17
 4138.41133115441  1.445508E-17
 4140.48387646176  1.349037E-17
 4142.55642176911  1.479116E-17
 4144.62896707646  1.642538E-17
 4146.7015123838   1.629740E-17
 4148.77405769115  1.398301E-17
 4150.8466029985   1.308739E-17
 4152.91914830585  1.360412E-17
 4154.9916936132   1.403524E-17
 4157.06423892054  1.166173E-17
 4159.13678422789  1.395047E-17
 4161.20932953524  1.320706E-17
 4163.28187484259  1.242985E-17
 4165.35442014993  1.297123E-17
 4167.42696545728  1.313295E-17
 4169.49951076463  1.146372E-17
 4171.57205607198  1.004373E-17
 4173.64460137932  1.491313E-17
 4175.71714668667  1.487128E-17
 4177.78969199402  1.409135E-17
 4179.86223730137  1.298200E-17
 4181.93478260871  1.381814E-17
 4184.00732791606  1.372351E-17
 4186.07987322341  1.384090E-17
 4188.15241853076  1.590281E-17
 4190.2249638381   1.594405E-17
 4192.29750914545  1.604681E-17
 4194.3700544528   1.574739E-17
 4196.44259976015  1.525636E-17
 4198.51514506749  1.511385E-17
 4200.58769037484  1.515315E-17
 4202.66023568219  1.586266E-17
 4204.73278098954  1.463603E-17
 4206.80532629689  1.456377E-17
 4208.87787160423  1.474253E-17
 4210.95041691158  1.343809E-17
 4213.02296221893  1.564070E-17
 4215.09550752628  1.446530E-17
 4217.16805283362  1.402174E-17
 4219.24059814097  1.253814E-17
 4221.31314344832  1.137515E-17
 4223.38568875567  1.138164E-17
 4225.45823406301  1.298600E-17
 4227.53077937036  1.408214E-17
 4229.60332467771  1.409774E-17
 4231.67586998506  1.209610E-17
 4233.7484152924   9.734546E-18
 4235.82096059975  1.096484E-17
 4237.8935059071   1.395085E-17
 4239.96605121445  1.623788E-17
 4242.03859652179  1.668239E-17
 4244.11114182914  1.757847E-17
 4246.18368713649  1.994087E-17
 4248.25623244384  1.848320E-17
 4250.32877775119  1.486232E-17
 4252.40132305853  1.593613E-17
 4254.47386836588  1.461116E-17
 4256.54641367323  1.269755E-17
 4258.61895898058  1.362681E-17
 4260.69150428792  1.559504E-17
 4262.76404959527  1.639407E-17
 4264.83659490262  1.553509E-17
 4266.90914020997  1.627706E-17
 4268.98168551731  1.791677E-17
 4271.05423082466  1.800469E-17
 4273.12677613201  1.730995E-17
 4275.19932143936  1.641507E-17
 4277.2718667467   1.610707E-17
 4279.34441205405  1.234403E-17
 4281.4169573614   1.394261E-17
 4283.48950266875  1.367670E-17
 4285.56204797609  1.661109E-17
 4287.63459328344  1.784499E-17
 4289.70713859079  1.572285E-17
 4291.77968389814  1.537238E-17
 4293.85222920548  1.468594E-17
 4295.92477451283  1.454991E-17
 4297.99731982018  1.363642E-17
 4300.06986512753  1.407343E-17
 4302.14241043487  1.222219E-17
 4304.21495574222  1.149537E-17
 4306.28750104957  1.258989E-17
 4308.36004635692  1.056008E-17
 4310.43259166426  1.092526E-17
 4312.50513697161  1.055664E-17
 4314.57768227896  1.122405E-17
 4316.65022758631  9.960546E-18
 4318.72277289366  1.154216E-17
 4320.795318201    1.238421E-17
 4322.86786350835  1.270447E-17
 4324.9404088157   1.476139E-17
 4327.01295412305  1.504369E-17
 4329.08549943039  1.284679E-17
 4331.15804473774  1.187128E-17
 4333.23059004509  1.282467E-17
 4335.30313535244  1.459925E-17
 4337.37568065978  1.790660E-17
 4339.44822596713  1.946546E-17
 4341.52077127448  2.027721E-17
 4343.59331658183  2.103385E-17
 4345.66586188917  1.948377E-17
 4347.73840719652  1.674603E-17
 4349.81095250387  1.624132E-17
 4351.88349781122  1.826534E-17
 4353.95604311856  2.468121E-17
 4356.02858842591  2.507758E-17
 4358.10113373326  2.269321E-17
 4360.17367904061  2.355043E-17
 4362.24622434795  2.346366E-17
 4364.3187696553   2.380862E-17
 4366.39131496265  2.336214E-17
 4368.46386027     2.061604E-17
 4370.53640557735  2.154978E-17
 4372.60895088469  2.120572E-17
 4374.68149619204  2.009217E-17
 4376.75404149939  1.833526E-17
 4378.82658680674  1.730754E-17
 4380.89913211408  1.508642E-17
 4382.97167742143  1.512255E-17
 4385.04422272878  1.514859E-17
 4387.11676803613  1.739048E-17
 4389.18931334347  1.629618E-17
 4391.26185865082  1.382166E-17
 4393.33440395817  1.387554E-17
 4395.40694926552  1.499820E-17
 4397.47949457287  1.729821E-17
 4399.55203988021  1.673959E-17
 4401.62458518756  1.442281E-17
 4403.69713049491  1.293055E-17
 4405.76967580225  1.232630E-17
 4407.8422211096   1.273973E-17
 4409.91476641695  1.382853E-17
 4411.9873117243   1.570239E-17
 4414.05985703164  1.698260E-17
 4416.13240233899  1.595308E-17
 4418.20494764634  1.739626E-17
 4420.27749295369  1.659885E-17
 4422.35003826103  1.568472E-17
 4424.42258356838  1.473431E-17
 4426.49512887573  1.421145E-17
 4428.56767418308  1.735572E-17
 4430.64021949043  1.844311E-17
 4432.71276479777  1.878936E-17
 4434.78531010512  1.802203E-17
 4436.85785541247  1.920206E-17
 4438.93040071982  1.935225E-17
 4441.00294602716  1.778706E-17
 4443.07549133451  1.674135E-17
 4445.14803664186  1.700289E-17
 4447.22058194921  1.669067E-17
 4449.29312725655  1.611391E-17
 4451.3656725639   1.417735E-17
 4453.43821787125  1.490659E-17
 4455.5107631786   1.665662E-17
 4457.58330848595  1.748891E-17
 4459.65585379329  1.582049E-17
 4461.72839910064  1.609509E-17
 4463.80094440799  1.911134E-17
 4465.87348971534  1.965717E-17
 4467.94603502268  1.973222E-17
 4470.01858033003  1.978211E-17
 4472.09112563738  1.783275E-17
 4474.16367094473  1.480455E-17
 4476.23621625207  1.469222E-17
 4478.30876155942  1.686089E-17
 4480.38130686677  1.934859E-17
 4482.45385217412  2.271994E-17
 4484.52639748146  2.316854E-17
 4486.59894278881  2.241625E-17
 4488.67148809616  2.174303E-17
 4490.74403340351  2.108574E-17
 4492.81657871085  1.979790E-17
 4494.8891240182   1.844253E-17
 4496.96166932555  1.841137E-17
 4499.0342146329   1.674718E-17
 4501.10675994024  1.824109E-17
 4503.17930524759  1.887587E-17
 4505.25185055494  1.730332E-17
 4507.32439586229  1.561910E-17
 4509.39694116964  1.543570E-17
 4511.46948647698  1.847958E-17
 4513.54203178433  2.215601E-17
 4515.61457709168  2.218834E-17
 4517.68712239903  2.199313E-17
 4519.75966770637  2.338598E-17
 4521.83221301372  2.204183E-17
 4523.90475832107  2.247970E-17
 4525.97730362842  2.125973E-17
 4528.04984893576  1.983033E-17
 4530.12239424311  1.980168E-17
 4532.19493955046  1.986001E-17
 4534.26748485781  2.009290E-17
 4536.34003016515  1.990445E-17
 4538.4125754725   1.731963E-17
 4540.48512077985  1.639106E-17
 4542.5576660872   1.738182E-17
 4544.63021139454  2.101074E-17
 4546.70275670189  2.422661E-17
 4548.77530200924  2.397732E-17
 4550.84784731659  2.144599E-17
 4552.92039262394  2.072809E-17
 4554.99293793128  2.072967E-17
 4557.06548323863  1.761654E-17
 4559.13802854598  1.595949E-17
 4561.21057385333  1.708897E-17
 4563.28311916067  1.817789E-17
 4565.35566446802  1.803644E-17
 4567.42820977537  1.787785E-17
 4569.50075508272  1.805164E-17
 4571.57330039006  1.737058E-17
 4573.64584569741  1.887168E-17
 4575.71839100476  2.080670E-17
 4577.79093631211  2.067545E-17
 4579.86348161945  1.928383E-17
 4581.9360269268   1.858711E-17
 4584.00857223415  2.415133E-17
 4586.0811175415   2.527526E-17
 4588.15366284884  2.474730E-17
 4590.22620815619  2.246291E-17
 4592.29875346354  2.082633E-17
 4594.37129877089  2.183905E-17
 4596.44384407823  2.177427E-17
 4598.51638938558  2.176952E-17
 4600.58893469293  2.060637E-17
 4602.66148000028  2.105937E-17
 4604.73402530762  2.281493E-17
 4606.80657061497  2.250884E-17
 4608.87911592232  2.077172E-17
 4610.95166122967  1.963831E-17
 4613.02420653701  1.976755E-17
 4615.09675184436  1.917517E-17
 4617.16929715171  1.928606E-17
 4619.24184245906  1.958903E-17
 4621.31438776641  1.870276E-17
 4623.38693307375  1.828249E-17
 4625.4594783811   1.660446E-17
 4627.53202368845  1.584121E-17
 4629.6045689958   1.838755E-17
 4631.67711430314  1.924827E-17
 4633.74965961049  2.040162E-17
 4635.82220491784  1.847736E-17
 4637.89475022519  1.801897E-17
 4639.96729553253  1.936472E-17
 4642.03984083988  2.138522E-17
 4644.11238614723  2.135145E-17
 4646.18493145458  2.064461E-17
 4648.25747676193  2.101855E-17
 4650.33002206927  2.079719E-17
 4652.40256737662  2.039962E-17
 4654.47511268397  1.879579E-17
 4656.54765799132  1.881615E-17
 4658.62020329866  1.776482E-17
 4660.69274860601  1.674209E-17
 4662.76529391336  1.780523E-17
 4664.8378392207   1.725791E-17
 4666.91038452805  1.735309E-17
 4668.9829298354   1.963840E-17
 4671.05547514275  1.956569E-17
 4673.1280204501   1.847135E-17
 4675.20056575744  1.871347E-17
 4677.27311106479  1.901396E-17
 4679.34565637214  1.721371E-17
 4681.41820167949  1.682424E-17
 4683.49074698683  1.916227E-17
 4685.56329229418  1.856730E-17
 4687.63583760153  1.809168E-17
 4689.70838290888  1.843182E-17
 4691.78092821622  1.968159E-17
 4693.85347352357  1.835224E-17
 4695.92601883092  1.803643E-17
 4697.99856413827  1.957227E-17
 4700.07110944561  1.814912E-17
 4702.14365475296  1.710851E-17
 4704.21620006031  1.695687E-17
 4706.28874536766  1.844726E-17
 4708.361290675    1.737504E-17
 4710.43383598235  1.852734E-17
 4712.5063812897   1.730193E-17
 4714.57892659705  1.633406E-17
 4716.6514719044   1.633247E-17
 4718.72401721174  1.650943E-17
 4720.79656251909  1.721527E-17
 4722.86910782644  1.699707E-17
 4724.94165313379  1.822317E-17
 4727.01419844113  1.930235E-17
 4729.08674374848  1.873741E-17
 4731.15928905583  1.851894E-17
 4733.23183436318  1.759287E-17
 4735.30437967052  1.829449E-17
 4737.37692497787  1.847160E-17
 4739.44947028522  1.809798E-17
 4741.52201559257  1.784582E-17
 4743.59456089991  1.863993E-17
 4745.66710620726  1.838251E-17
 4747.73965151461  1.784630E-17
 4749.81219682196  1.841977E-17
 4751.8847421293   1.847849E-17
 4753.95728743665  1.772265E-17
 4756.029832744    1.852943E-17
 4758.10237805135  1.796028E-17
 4760.1749233587   1.757413E-17
 4762.24746866604  1.702903E-17
 4764.32001397339  1.640832E-17
 4766.39255928074  1.721473E-17
 4768.46510458809  1.735973E-17
 4770.53764989543  1.676981E-17
 4772.61019520278  1.747395E-17
 4774.68274051013  1.819253E-17
 4776.75528581748  1.991699E-17
 4778.82783112482  2.056313E-17
 4780.90037643217  1.926431E-17
 4782.97292173952  1.880984E-17
 4785.04546704687  1.925417E-17
 4787.11801235421  1.897562E-17
 4789.19055766156  1.824482E-17
 4791.26310296891  1.928106E-17
 4793.33564827626  2.023363E-17
 4795.4081935836   2.034752E-17
 4797.48073889095  2.030507E-17
 4799.5532841983   1.928562E-17
 4801.62582950565  1.950425E-17
 4803.69837481299  1.885459E-17
 4805.77092012034  1.852625E-17
 4807.84346542769  1.761035E-17
 4809.91601073504  1.830989E-17
 4811.98855604238  1.680585E-17
 4814.06110134973  1.626374E-17
 4816.13364665708  1.667488E-17
 4818.20619196443  1.870455E-17
 4820.27873727178  2.007002E-17
 4822.35128257912  1.946831E-17
 4824.42382788647  1.974810E-17
 4826.49637319382  2.008127E-17
 4828.56891850117  2.111147E-17
 4830.64146380851  1.967940E-17
 4832.71400911586  1.818771E-17
 4834.78655442321  1.951673E-17
 4836.85909973056  2.115371E-17
 4838.9316450379   2.134744E-17
 4841.00419034525  2.139134E-17
 4843.0767356526   2.135034E-17
 4845.14928095995  2.160407E-17
 4847.22182626729  2.172123E-17
 4849.29437157464  2.202639E-17
 4851.36691688199  2.227295E-17
 4853.43946218934  2.232196E-17
 4855.51200749668  2.278927E-17
 4857.58455280403  2.506949E-17
 4859.65709811138  3.037425E-17
 4861.72964341873  4.009251E-17
 4863.80218872607  5.339566E-17
 4865.87473403342  6.388064E-17
 4867.94727934077  6.115408E-17
 4870.01982464812  5.068791E-17
 4872.09236995547  5.153528E-17
 4874.16491526281  7.048795E-17
 4876.23746057016  8.703102E-17
 4878.31000587751  8.756795E-17
 4880.38255118486  7.383462E-17
 4882.4550964922   6.184414E-17
 4884.52764179955  5.105921E-17
 4886.6001871069   4.259296E-17
 4888.67273241425  3.554071E-17
 4890.74527772159  2.949038E-17
 4892.81782302894  2.514289E-17
 4894.89036833629  2.279198E-17
 4896.96291364364  2.275054E-17
 4899.03545895098  2.437698E-17
 4901.10800425833  2.438908E-17
 4903.18054956568  2.302957E-17
 4905.25309487303  2.100018E-17
 4907.32564018037  1.954168E-17
 4909.39818548772  1.778195E-17
 4911.47073079507  1.772582E-17
 4913.54327610242  1.894590E-17
 4915.61582140977  2.028202E-17
 4917.68836671711  2.065570E-17
 4919.76091202446  1.866709E-17
 4921.83345733181  1.763670E-17
 4923.90600263916  1.963217E-17
 4925.9785479465   2.050883E-17
 4928.05109325385  1.938873E-17
 4930.1236385612   1.616911E-17
 4932.19618386855  1.593785E-17
 4934.26872917589  2.006807E-17
 4936.34127448324  2.478133E-17
 4938.41381979059  2.754157E-17
 4940.48636509794  2.477902E-17
 4942.55891040528  1.956173E-17
 4944.63145571263  1.854836E-17
 4946.70400101998  2.127592E-17
 4948.77654632733  2.200881E-17
 4950.84909163467  2.290335E-17
 4952.92163694202  2.222172E-17
 4954.99418224937  1.984744E-17
 4957.06672755672  1.867145E-17
 4959.13927286406  1.893005E-17
 4961.21181817141  1.960282E-17
 4963.28436347876  1.958381E-17
 4965.35690878611  1.828369E-17
 4967.42945409346  1.620106E-17
 4969.5019994008   1.181264E-17
 4971.57454470815  1.023844E-17
 4973.6470900155   1.029898E-17
 4975.71963532284  1.119005E-17
 4977.79218063019  1.554420E-17
 4979.86472593754  1.806466E-17
 4981.93727124489  1.800670E-17
 4984.00981655224  1.928327E-17
 4986.08236185958  1.865724E-17
 4988.15490716693  1.822739E-17
 4990.22745247428  1.825768E-17
 4992.29999778163  1.751468E-17
 4994.37254308897  1.725744E-17
 4996.44508839632  1.624165E-17
 4998.51763370367  1.680775E-17
 5000.59017901102  1.769624E-17
 5002.66272431836  1.898096E-17
 5004.73526962571  1.965824E-17
 5006.80781493306  2.045218E-17
 5008.88036024041  1.929685E-17
 5010.95290554776  1.918185E-17
 5013.0254508551   2.047893E-17
 5015.09799616245  1.775245E-17
 5017.1705414698   7.446957E-18
 5019.24308677715  -1.048325E-18
 5021.31563208449  -2.440728E-18
 5023.38817739184  -4.133776E-18
 5025.46072269919  3.090711E-18
 5027.53326800654  1.685998E-17
 5029.60581331388  2.252109E-17
 5031.67835862123  2.945525E-17
 5033.75090392858  3.128980E-17
 5035.82344923593  2.777404E-17
 5037.89599454327  2.303479E-17
 5039.96853985062  2.068777E-17
 5042.04108515797  2.052517E-17
 5044.11363046532  2.098712E-17
 5046.18617577266  2.222262E-17
 5048.25872108001  2.224110E-17
 5050.33126638736  2.076749E-17
 5052.40381169471  1.991329E-17
 5054.47635700206  1.995003E-17
 5056.5489023094   2.069634E-17
 5058.62144761675  2.032307E-17
 5060.6939929241   1.953525E-17
 5062.76653823145  2.042339E-17
 5064.83908353879  2.020385E-17
 5066.91162884614  1.971675E-17
 5068.98417415349  1.878103E-17
 5071.05671946084  1.902398E-17
 5073.12926476818  1.876949E-17
 5075.20181007553  1.798562E-17
 5077.27435538288  1.804075E-17
 5079.34690069023  1.763103E-17
 5081.41944599757  1.701988E-17
 5083.49199130492  1.699608E-17
 5085.56453661227  1.807511E-17
 5087.63708191962  1.880137E-17
 5089.70962722696  1.833807E-17
 5091.78217253431  1.820977E-17
 5093.85471784166  1.857129E-17
 5095.92726314901  1.696793E-17
 5097.99980845635  1.668087E-17
 5100.0723537637   1.788339E-17
 5102.14489907105  1.900477E-17
 5104.2174443784   1.973085E-17
 5106.28998968574  2.015267E-17
 5108.36253499309  1.992555E-17
 5110.43508030044  1.936655E-17
 5112.50762560779  1.985001E-17
 5114.58017091514  1.963723E-17
 5116.65271622248  1.904731E-17
 5118.72526152983  1.882310E-17
 5120.79780683718  1.936003E-17
 5122.87035214453  1.995753E-17
 5124.94289745187  2.025729E-17
 5127.01544275922  1.961460E-17
 5129.08798806657  1.916596E-17
 5131.16053337392  1.834908E-17
 5133.23307868126  1.782514E-17
 5135.30562398861  1.745254E-17
 5137.37816929596  1.599542E-17
 5139.45071460331  1.695351E-17
 5141.52325991065  1.979847E-17
 5143.595805218    2.174516E-17
 5145.66835052535  2.305749E-17
 5147.7408958327   2.293427E-17
 5149.81344114004  2.223127E-17
 5151.88598644739  2.166381E-17
 5153.95853175474  2.165785E-17
 5156.03107706209  2.140181E-17
 5158.10362236943  2.117903E-17
 5160.17616767678  2.067226E-17
 5162.24871298413  1.932477E-17
 5164.32125829148  1.949538E-17
 5166.39380359882  2.203145E-17
 5168.46634890617  2.500577E-17
 5170.53889421352  2.576063E-17
 5172.61143952087  2.412484E-17
 5174.68398482822  2.103399E-17
 5176.75653013557  1.749293E-17
 5178.82907544291  1.722710E-17
 5180.90162075026  2.153526E-17
 5182.97416605761  2.704408E-17
 5185.04671136496  2.991846E-17
 5187.1192566723   2.962363E-17
 5189.19180197965  2.705238E-17
 5191.264347287    2.309871E-17
 5193.33689259434  2.060447E-17
 5195.40943790169  1.863097E-17
 5197.48198320904  1.714483E-17
 5199.55452851639  1.834191E-17
 5201.62707382374  2.151859E-17
 5203.69961913108  2.406467E-17
 5205.77216443843  2.306448E-17
 5207.84470974578  2.253538E-17
 5209.91725505313  2.323680E-17
 5211.98980036047  2.416695E-17
 5214.06234566782  2.194556E-17
 5216.13489097517  1.994912E-17
 5218.20743628252  2.019363E-17
 5220.27998158986  2.048181E-17
 5222.35252689721  2.154594E-17
 5224.42507220456  2.261204E-17
 5226.49761751191  1.805596E-17
 5228.57016281925  2.031364E-17
 5230.6427081266   2.196056E-17
 5232.71525343395  1.925875E-17
 5234.7877987413   1.741777E-17
 5236.86034404864  1.810841E-17
 5238.93288935599  2.184457E-17
 5241.00543466334  2.456965E-17
 5243.07797997069  2.565812E-17
 5245.15052527803  2.368083E-17
 5247.22307058538  2.295393E-17
 5249.29561589273  2.400192E-17
 5251.36816120008  2.441367E-17
 5253.44070650742  2.433585E-17
 5255.51325181477  2.339813E-17
 5257.58579712212  2.282472E-17
 5259.65834242947  2.204208E-17
 5261.73088773682  2.066190E-17
 5263.80343304416  2.110565E-17
 5265.87597835151  2.214055E-17
 5267.94852365886  2.220139E-17
 5270.02106896621  2.146876E-17
 5272.09361427355  2.131240E-17
 5274.1661595809   2.100953E-17
 5276.23870488825  2.041768E-17
 5278.3112501956   1.956289E-17
 5280.38379550294  1.908606E-17
 5282.45634081029  2.046999E-17
 5284.52888611764  2.217803E-17
 5286.60143142499  2.424693E-17
 5288.67397673233  2.689501E-17
 5290.74652203968  2.808414E-17
 5292.81906734703  2.685157E-17
 5294.89161265438  2.591684E-17
 5296.96415796172  2.622881E-17
 5299.03670326907  2.573404E-17
 5301.10924857642  2.462437E-17
 5303.18179388377  2.320098E-17
 5305.25433919111  2.190393E-17
 5307.32688449846  2.114326E-17
 5309.39942980581  2.109215E-17
 5311.47197511316  2.124933E-17
 5313.54452042051  2.050508E-17
 5315.61706572785  2.000904E-17
 5317.6896110352   2.048090E-17
 5319.76215634255  2.127779E-17
 5321.8347016499   2.192728E-17
 5323.90724695724  2.118061E-17
 5325.97979226459  1.998933E-17
 5328.05233757194  2.234605E-17
 5330.12488287929  2.593228E-17
 5332.19742818663  2.747328E-17
 5334.26997349398  2.607487E-17
 5336.34251880133  2.379555E-17
 5338.41506410868  2.388952E-17
 5340.48760941602  2.479293E-17
 5342.56015472337  2.503178E-17
 5344.63270003072  2.331850E-17
 5346.70524533807  2.064329E-17
 5348.77779064541  2.195763E-17
 5350.85033595276  2.369690E-17
 5352.92288126011  2.431814E-17
 5354.99542656746  2.516987E-17
 5357.06797187481  2.416550E-17
 5359.14051718215  2.281366E-17
 5361.2130624895   2.316136E-17
 5363.28560779685  2.153692E-17
 5365.3581531042   2.101690E-17
 5367.43069841154  2.144600E-17
 5369.50324371889  2.139649E-17
 5371.57578902624  2.058552E-17
 5373.64833433359  2.119029E-17
 5375.72087964093  2.297934E-17
 5377.79342494828  2.312129E-17
 5379.86597025563  2.239734E-17
 5381.93851556298  2.116485E-17
 5384.01106087032  2.140960E-17
 5386.08360617767  2.238267E-17
 5388.15615148502  2.238339E-17
 5390.22869679237  2.036057E-17
 5392.30124209971  1.965555E-17
 5394.37378740706  2.033996E-17
 5396.44633271441  2.123353E-17
 5398.51887802176  2.214548E-17
 5400.5914233291   2.147870E-17
 5402.66396863645  2.040979E-17
 5404.7365139438   1.980065E-17
 5406.80905925115  1.933666E-17
 5408.88160455849  1.999107E-17
 5410.95414986584  1.992225E-17
 5413.02669517319  1.925024E-17
 5415.09924048054  1.913962E-17
 5417.17178578788  2.042425E-17
 5419.24433109523  2.082344E-17
 5421.31687640258  2.143445E-17
 5423.38942170993  2.187913E-17
 5425.46196701727  2.116202E-17
 5427.53451232462  2.051145E-17
 5429.60705763197  2.004459E-17
 5431.67960293932  2.002530E-17
 5433.75214824667  2.023199E-17
 5435.82469355401  2.070371E-17
 5437.89723886136  2.134838E-17
 5439.96978416871  2.167547E-17
 5442.04232947606  2.193002E-17
 5444.1148747834   2.202457E-17
 5446.18742009075  2.281605E-17
 5448.2599653981   2.379285E-17
 5450.33251070545  2.305309E-17
 5452.4050560128   2.163382E-17
 5454.47760132014  2.025144E-17
 5456.55014662749  1.973365E-17
 5458.62269193484  2.050888E-17
 5460.69523724219  1.987187E-17
 5462.76778254953  2.039848E-17
 5464.84032785688  2.096024E-17
 5466.91287316423  2.077154E-17
 5468.98541847158  2.110339E-17
 5471.05796377892  2.126742E-17
 5473.13050908627  2.116364E-17
 5475.20305439362  2.035615E-17
 5477.27559970097  2.081468E-17
 5479.34814500832  2.044726E-17
 5481.42069031566  1.931503E-17
 5483.49323562301  1.912631E-17
 5485.56578093036  1.795215E-17
 5487.63832623771  1.808669E-17
 5489.71087154505  1.905128E-17
 5491.7834168524   2.042909E-17
 5493.85596215975  1.994916E-17
 5495.92850746709  2.056285E-17
 5498.00105277444  2.077341E-17
 5500.07359808179  2.041083E-17
 5502.14614338914  1.981603E-17
 5504.21868869649  1.980621E-17
 5506.29123400383  2.013993E-17
 5508.36377931118  2.061283E-17
 5510.43632461853  2.019094E-17
 5512.50886992588  2.003595E-17
 5514.58141523322  2.080960E-17
 5516.65396054057  2.156000E-17
 5518.72650584792  2.182169E-17
 5520.79905115527  2.102167E-17
 5522.87159646261  2.052081E-17
 5524.94414176996  2.156953E-17
 5527.01668707731  2.226924E-17
 5529.08923238466  2.121523E-17
 5531.161777692    2.003060E-17
 5533.23432299935  1.870161E-17
 5535.3068683067   1.580450E-17
 5537.37941361405  1.543627E-17
 5539.45195892139  1.736614E-17
 5541.52450422874  2.044274E-17
 5543.59704953609  2.227040E-17
 5545.66959484344  2.230698E-17
 5547.74214015078  2.233594E-17
 5549.81468545813  2.325491E-17
 5551.88723076548  2.368951E-17
 5553.95977607283  2.349052E-17
 5556.03232138017  2.091194E-17
 5558.10486668752  2.129113E-17
 5560.17741199487  2.189095E-17
 5562.24995730222  2.086325E-17
 5564.32250260957  1.980046E-17
 5566.39504791691  2.001260E-17
 5568.46759322426  2.069729E-17
 5570.54013853161  2.082973E-17
 5572.61268383896  1.764273E-17
 5574.6852291463   1.843401E-17
 5576.75777445365  2.189804E-17
 5578.830319761    2.318169E-17
 5580.90286506835  2.141602E-17
 5582.97541037569  2.012296E-17
 5585.04795568304  2.044108E-17
 5587.12050099039  1.999840E-17
 5589.19304629774  2.069614E-17
 5591.26559160508  2.114127E-17
 5593.33813691243  2.105544E-17
 5595.41068221978  2.033853E-17
 5597.48322752713  1.973086E-17
 5599.55577283447  1.953920E-17
 5601.62831814182  1.974100E-17
 5603.70086344917  1.918307E-17
 5605.77340875652  1.968324E-17
 5607.84595406386  2.058472E-17
 5609.91849937121  2.075426E-17
 5611.99104467856  2.058850E-17
 5614.06358998591  1.988329E-17
 5616.13613529326  2.068772E-17
 5618.2086806006   2.101713E-17
 5620.28122590795  2.010237E-17
 5622.3537712153   2.009802E-17
 5624.42631652265  2.053572E-17
 5626.49886182999  1.983239E-17
 5628.57140713734  1.922754E-17
 5630.64395244469  2.021135E-17
 5632.71649775204  2.029940E-17
 5634.78904305938  2.048978E-17
 5636.86158836673  2.057240E-17
 5638.93413367408  2.006392E-17
 5641.00667898143  2.006097E-17
 5643.07922428877  1.981659E-17
 5645.15176959612  1.988972E-17
 5647.22431490347  1.946937E-17
 5649.29686021082  1.864443E-17
 5651.36940551817  1.720852E-17
 5653.44195082551  1.765475E-17
 5655.51449613286  1.845325E-17
 5657.58704144021  2.004173E-17
 5659.65958674756  2.092909E-17
 5661.7321320549   1.998687E-17
 5663.80467736225  1.821358E-17
 5665.8772226696   1.714987E-17
 5667.94976797695  1.521744E-17
 5670.02231328429  1.475264E-17
 5672.09485859164  1.630086E-17
 5674.16740389899  1.708364E-17
 5676.23994920634  1.683030E-17
 5678.31249451368  1.812062E-17
 5680.38503982103  1.825231E-17
 5682.45758512838  1.911794E-17
 5684.53013043573  2.018461E-17
 5686.60267574307  2.052326E-17
 5688.67522105042  2.059348E-17
 5690.74776635777  1.931424E-17
 5692.82031166512  1.813623E-17
 5694.89285697246  1.736433E-17
 5696.96540227981  1.835700E-17
 5699.03794758716  1.904821E-17
 5701.11049289451  2.064236E-17
 5703.18303820186  2.067515E-17
 5705.2555835092   2.107597E-17
 5707.32812881655  2.110784E-17
 5709.4006741239   2.051779E-17
 5711.47321943125  2.034176E-17
 5713.54576473859  1.948661E-17
 5715.61831004594  1.946382E-17
 5717.69085535329  1.945728E-17
 5719.76340066064  1.939881E-17
 5721.83594596798  1.977027E-17
 5723.90849127533  2.007363E-17
 5725.98103658268  1.961173E-17
 5728.05358189003  2.039522E-17
 5730.12612719737  2.095470E-17
 5732.19867250472  1.999539E-17
 5734.27121781207  1.956181E-17
 5736.34376311942  1.974090E-17
 5738.41630842676  2.000757E-17
 5740.48885373411  1.952870E-17
 5742.56139904146  1.959715E-17
 5744.63394434881  2.043828E-17
 5746.70648965616  1.994476E-17
 5748.7790349635   1.965998E-17
 5750.85158027085  1.924833E-17
 5752.9241255782   1.880765E-17
 5754.99667088555  1.919068E-17
 5757.06921619289  1.949961E-17
 5759.14176150024  2.063222E-17
 5761.21430680759  1.958248E-17
 5763.28685211494  2.023096E-17
 5765.35939742228  2.051630E-17
 5767.43194272963  1.998375E-17
 5769.50448803698  2.020818E-17
 5771.57703334433  2.037913E-17
 5773.64957865167  1.991015E-17
 5775.72212395902  1.999935E-17
 5777.79466926637  2.033060E-17
 5779.86721457372  1.922379E-17
 5781.93975988106  1.912648E-17
 5784.01230518841  2.016384E-17
 5786.08485049576  2.068576E-17
 5788.15739580311  1.996437E-17
 5790.22994111045  1.957403E-17
 5792.3024864178   2.032122E-17
 5794.37503172515  2.027171E-17
 5796.4475770325   2.066632E-17
 5798.52012233984  2.057723E-17
 5800.59266764719  2.040521E-17
 5802.66521295454  2.062578E-17
 5804.73775826189  2.031471E-17
 5806.81030356923  2.020569E-17
 5808.88284887658  2.001544E-17
 5810.95539418393  2.033511E-17
 5813.02793949128  2.073614E-17
 5815.10048479862  1.957463E-17
 5817.17303010597  1.884633E-17
 5819.24557541332  1.931863E-17
 5821.31812072067  2.018153E-17
 5823.39066602801  2.139012E-17
 5825.46321133536  2.029791E-17
 5827.53575664271  2.033658E-17
 5829.60830195006  2.030097E-17
 5831.68084725741  2.041111E-17
 5833.75339256475  2.031079E-17
 5835.8259378721   2.008932E-17
 5837.89848317945  2.041658E-17
 5839.9710284868   2.065630E-17
 5842.04357379414  2.033293E-17
 5844.11611910149  1.995783E-17
 5846.18866440884  1.968090E-17
 5848.26120971619  1.978500E-17
 5850.33375502353  1.972088E-17
 5852.40630033088  1.929526E-17
 5854.47884563823  1.876715E-17
 5856.55139094558  1.702235E-17
 5858.62393625292  1.420316E-17
 5860.69648156027  1.083677E-17
 5862.76902686762  1.007725E-17
 5864.84157217497  1.089731E-17
 5866.91411748232  1.215483E-17
 5868.98666278966  1.392180E-17
 5871.05920809701  1.654449E-17
 5873.13175340436  1.858454E-17
 5875.20429871171  2.064173E-17
 5877.27684401905  2.163825E-17
 5879.3493893264   2.188096E-17
 5881.42193463375  2.313765E-17
 5883.4944799411   2.474652E-17
 5885.56702524844  2.641116E-17
 5887.63957055579  2.796150E-17
 5889.71211586314  2.746634E-17
 5891.78466117049  2.532112E-17
 5893.85720647784  2.298819E-17
 5895.92975178518  1.949164E-17
 5898.00229709253  1.443128E-17
 5900.07484239988  1.082500E-17
 5902.14738770722  9.884389E-18
 5904.21993301457  1.090311E-17
 5906.29247832192  1.266210E-17
 5908.36502362927  1.777359E-17
 5910.43756893661  2.436803E-17
 5912.51011424396  3.020384E-17
 5914.58265955131  3.233536E-17
 5916.65520485866  3.016784E-17
 5918.727750166    2.696591E-17
 5920.80029547335  2.485621E-17
 5922.8728407807   2.365373E-17
 5924.94538608805  2.313371E-17
 5927.0179313954   2.246695E-17
 5929.09047670274  2.089119E-17
 5931.16302201009  2.106633E-17
 5933.23556731744  2.030764E-17
 5935.30811262479  2.046707E-17
 5937.38065793213  2.034066E-17
 5939.45320323948  2.085064E-17
 5941.52574854683  2.036477E-17
 5943.59829385418  2.077928E-17
 5945.67083916152  2.045715E-17
 5947.74338446887  1.998766E-17
 5949.81592977622  2.053860E-17
 5951.88847508357  2.112137E-17
 5953.96102039091  2.113550E-17
 5956.03356569826  2.008686E-17
 5958.10611100561  1.989329E-17
 5960.17865631296  2.064034E-17
 5962.2512016203   1.981166E-17
 5964.32374692765  2.017124E-17
 5966.396292235    2.038005E-17
 5968.46883754235  1.981800E-17
 5970.5413828497   1.926519E-17
 5972.61392815704  1.943820E-17
 5974.68647346439  2.045777E-17
 5976.75901877174  2.039178E-17
 5978.83156407909  1.946274E-17
 5980.90410938643  1.956999E-17
 5982.97665469378  1.982883E-17
 5985.04920000113  1.976311E-17
 5987.12174530848  2.011618E-17
 5989.19429061582  1.986336E-17
 5991.26683592317  1.994193E-17
 5993.33938123052  2.003740E-17
 5995.41192653787  1.973687E-17
 5997.48447184521  2.018172E-17
 5999.55701715256  2.054774E-17
 6001.62956245991  2.092251E-17
 6003.70210776726  2.272310E-17
 6005.77465307461  2.265052E-17
 6007.84719838195  2.185230E-17
 6009.9197436893   2.187796E-17
 6011.99228899665  2.151117E-17
 6014.064834304    2.065240E-17
 6016.13737961134  2.074239E-17
 6018.20992491869  2.115521E-17
 6020.28247022604  2.028283E-17
 6022.35501553339  2.051594E-17
 6024.42756084073  2.019132E-17
 6026.50010614808  2.034237E-17
 6028.57265145543  1.984469E-17
 6030.64519676278  1.994140E-17
 6032.71774207012  2.009644E-17
 6034.79028737747  2.003371E-17
 6036.86283268482  1.923036E-17
 6038.93537799217  1.942013E-17
 6041.00792329951  1.973945E-17
 6043.08046860686  1.938099E-17
 6045.15301391421  1.968396E-17
 6047.22555922156  1.997252E-17
 6049.29810452891  2.014933E-17
 6051.37064983625  2.030364E-17
 6053.4431951436   2.041823E-17
 6055.51574045095  2.007082E-17
 6057.5882857583   1.961954E-17
 6059.66083106564  2.062701E-17
 6061.73337637299  1.995991E-17
 6063.80592168034  1.931281E-17
 6065.87846698769  1.945987E-17
 6067.95101229503  2.019861E-17
 6070.02355760238  2.072010E-17
 6072.09610290973  2.009939E-17
 6074.16864821708  1.957685E-17
 6076.24119352442  1.993336E-17
 6078.31373883177  2.021573E-17
 6080.38628413912  2.028616E-17
 6082.45882944647  2.001427E-17
 6084.53137475381  1.998459E-17
 6086.60392006116  2.037653E-17
 6088.67646536851  2.029670E-17
 6090.74901067586  1.947138E-17
 6092.8215559832   1.986331E-17
 6094.89410129055  2.007153E-17
 6096.9666465979   2.058128E-17
 6099.03919190525  2.159812E-17
 6101.11173721259  2.140265E-17
 6103.18428251994  2.094433E-17
 6105.25682782729  2.074589E-17
 6107.32937313464  2.008763E-17
 6109.40191844198  1.989703E-17
 6111.47446374933  1.975533E-17
 6113.54700905668  2.013233E-17
 6115.61955436403  2.000485E-17
 6117.69209967138  2.013411E-17
 6119.76464497872  1.982466E-17
 6121.83719028607  1.981215E-17
 6123.90973559342  1.997648E-17
 6125.98228090077  2.041202E-17
 6128.05482620811  2.020895E-17
 6130.12737151546  1.955690E-17
 6132.19991682281  1.995846E-17
 6134.27246213016  1.879160E-17
 6136.3450074375   1.917115E-17
 6138.41755274485  2.016946E-17
 6140.4900980522   2.076458E-17
 6142.56264335955  2.046722E-17
 6144.63518866689  2.071543E-17
 6146.70773397424  1.930595E-17
 6148.78027928159  1.797473E-17
 6150.85282458894  1.646463E-17
 6152.92536989628  1.513773E-17
 6154.99791520363  1.697561E-17
 6157.07046051098  2.002991E-17
 6159.14300581833  2.161101E-17
 6161.21555112567  2.325549E-17
 6163.28809643302  2.417210E-17
 6165.36064174037  2.374380E-17
 6167.43318704772  2.325635E-17
 6169.50573235507  2.191312E-17
 6171.57827766241  2.059083E-17
 6173.65082296976  2.020144E-17
 6175.72336827711  2.055023E-17
 6177.79591358446  2.129621E-17
 6179.8684588918   2.166478E-17
 6181.94100419915  2.161696E-17
 6184.0135495065   2.154387E-17
 6186.08609481385  2.077941E-17
 6188.15864012119  2.058505E-17
 6190.23118542854  2.155784E-17
 6192.30373073589  2.073544E-17
 6194.37627604324  2.023226E-17
 6196.44882135058  2.011029E-17
 6198.52136665793  2.015166E-17
 6200.59391196528  2.002180E-17
 6202.66645727263  1.954664E-17
 6204.73900257997  1.970652E-17
 6206.81154788732  2.031878E-17
 6208.88409319467  2.111237E-17
 6210.95663850202  2.202033E-17
 6213.02918380936  2.091870E-17
 6215.10172911671  2.064581E-17
 6217.17427442406  1.996472E-17
 6219.24681973141  1.993691E-17
 6221.31936503876  2.009558E-17
 6223.3919103461   1.974009E-17
 6225.46445565345  1.956928E-17
 6227.5370009608   1.987068E-17
 6229.60954626815  1.938473E-17
 6231.68209157549  1.888340E-17
 6233.75463688284  1.972057E-17
 6235.82718219019  2.045565E-17
 6237.89972749754  2.058836E-17
 6239.97227280488  2.010785E-17
 6242.04481811223  2.037990E-17
 6244.11736341958  2.018204E-17
 6246.18990872693  2.085803E-17
 6248.26245403427  2.084556E-17
 6250.33499934162  2.134811E-17
 6252.40754464897  2.138285E-17
 6254.48008995632  2.027605E-17
 6256.55263526366  1.953225E-17
 6258.62518057101  1.952280E-17
 6260.69772587836  2.057075E-17
 6262.77027118571  2.187014E-17
 6264.84281649306  2.244048E-17
 6266.9153618004   2.300978E-17
 6268.98790710775  2.201420E-17
 6271.0604524151   2.165051E-17
 6273.13299772245  2.159707E-17
 6275.20554302979  2.075389E-17
 6277.27808833714  2.032940E-17
 6279.35063364449  2.024281E-17
 6281.42317895184  1.970155E-17
 6283.49572425918  1.983589E-17
 6285.56826956653  2.041389E-17
 6287.64081487388  1.997240E-17
 6289.71336018123  1.936540E-17
 6291.78590548857  1.812305E-17
 6293.85845079592  1.787944E-17
 6295.93099610327  1.699596E-17
 6298.00354141062  1.902647E-17
 6300.07608671796  2.115586E-17
 6302.14863202531  2.053112E-17
 6304.22117733266  1.892125E-17
 6306.29372264001  1.860212E-17
 6308.36626794735  1.995002E-17
 6310.4388132547   2.022808E-17
 6312.51135856205  2.200895E-17
 6314.5839038694   2.363779E-17
 6316.65644917675  2.425672E-17
 6318.72899448409  2.261107E-17
 6320.80153979144  2.159846E-17
 6322.87408509879  2.134340E-17
 6324.94663040614  2.057497E-17
 6327.01917571348  2.015056E-17
 6329.09172102083  1.994446E-17
 6331.16426632818  1.943644E-17
 6333.23681163553  2.002091E-17
 6335.30935694287  2.032926E-17
 6337.38190225022  1.943423E-17
 6339.45444755757  1.917897E-17
 6341.52699286492  1.963616E-17
 6343.59953817226  1.968635E-17
 6345.67208347961  1.932563E-17
 6347.74462878696  1.915371E-17
 6349.81717409431  1.977370E-17
 6351.88971940165  2.005749E-17
 6353.962264709    1.943440E-17
 6356.03481001635  1.958270E-17
 6358.1073553237   1.911795E-17
 6360.17990063104  1.836910E-17
 6362.25244593839  1.955477E-17
 6364.32499124574  1.999162E-17
 6366.39753655309  1.925767E-17
 6368.47008186044  1.967757E-17
 6370.54262716778  2.047227E-17
 6372.61517247513  2.027550E-17
 6374.68771778248  2.025903E-17
 6376.76026308983  2.075980E-17
 6378.83280839717  2.102836E-17
 6380.90535370452  2.172039E-17
 6382.97789901187  2.111859E-17
 6385.05044431922  2.076461E-17
 6387.12298962656  2.102896E-17
 6389.19553493391  2.060542E-17
 6391.26808024126  2.008256E-17
 6393.34062554861  1.984299E-17
 6395.41317085595  1.962408E-17
 6397.4857161633   1.964389E-17
 6399.55826147065  1.958067E-17
 6401.630806778    1.918578E-17
 6403.70335208534  1.921299E-17
 6405.77589739269  1.905606E-17
 6407.84844270004  1.956394E-17
 6409.92098800739  1.939645E-17
 6411.99353331473  1.981871E-17
 6414.06607862208  2.014944E-17
 6416.13862392943  2.001466E-17
 6418.21116923678  2.000022E-17
 6420.28371454412  1.964941E-17
 6422.35625985147  1.900695E-17
 6424.42880515882  1.892397E-17
 6426.50135046617  1.925456E-17
 6428.57389577352  1.941279E-17
 6430.64644108086  1.943740E-17
 6432.71898638821  2.029898E-17
 6434.79153169556  2.056344E-17
 6436.86407700291  2.080512E-17
 6438.93662231025  2.121716E-17
 6441.0091676176   2.108757E-17
 6443.08171292495  2.113519E-17
 6445.1542582323   2.161893E-17
 6447.22680353964  2.238082E-17
 6449.29934884699  2.355470E-17
 6451.37189415434  2.372732E-17
 6453.44443946169  2.247700E-17
 6455.51698476903  2.156461E-17
 6457.58953007638  2.141845E-17
 6459.66207538373  2.159863E-17
 6461.73462069108  2.115165E-17
 6463.80716599843  2.057693E-17
 6465.87971130577  2.106424E-17
 6467.95225661312  2.095783E-17
 6470.02480192047  2.056115E-17
 6472.09734722781  2.235653E-17
 6474.16989253516  2.387473E-17
 6476.24243784251  2.315677E-17
 6478.31498314986  2.271933E-17
 6480.38752845721  2.249879E-17
 6482.46007376455  2.140053E-17
 6484.5326190719   2.075572E-17
 6486.60516437925  2.077836E-17
 6488.6777096866   2.052122E-17
 6490.75025499394  2.070214E-17
 6492.82280030129  1.961937E-17
 6494.89534560864  1.984642E-17
 6496.96789091599  2.018821E-17
 6499.04043622333  1.949022E-17
 6501.11298153068  1.905472E-17
 6503.18552683803  1.804026E-17
 6505.25807214538  1.648299E-17
 6507.33061745272  1.584326E-17
 6509.40316276007  1.562078E-17
 6511.47570806742  1.703842E-17
 6513.54825337477  1.968500E-17
 6515.62079868212  2.160223E-17
 6517.69334398946  2.262334E-17
 6519.76588929681  2.334537E-17
 6521.83843460416  2.350479E-17
 6523.9109799115   2.224798E-17
 6525.98352521885  2.165162E-17
 6528.0560705262   2.314545E-17
 6530.12861583355  2.472585E-17
 6532.2011611409   2.675792E-17
 6534.27370644824  2.828653E-17
 6536.34625175559  2.786935E-17
 6538.41879706294  2.670373E-17
 6540.49134237029  2.676541E-17
 6542.56388767763  2.717892E-17
 6544.63643298498  2.804335E-17
 6546.70897829233  2.959134E-17
 6548.78152359968  3.097122E-17
 6550.85406890702  3.306296E-17
 6552.92661421437  3.620118E-17
 6554.99915952172  3.912616E-17
 6557.07170482907  4.607598E-17
 6559.14425013642  5.550005E-17
 6561.21679544376  7.145068E-17
 6563.28934075111  9.724927E-17
 6565.36188605846  1.359035E-16
 6567.43443136581  1.785126E-16
 6569.50697667315  1.970941E-16
 6571.5795219805   1.751639E-16
 6573.65206728785  1.304702E-16
 6575.7246125952   1.010058E-16
 6577.79715790254  1.621814E-16
 6579.86970320989  2.959489E-16
 6581.94224851724  4.000949E-16
 6584.01479382458  4.083597E-16
 6586.08733913193  3.429509E-16
 6588.15988443928  2.620997E-16
 6590.23242974663  1.984843E-16
 6592.30497505398  1.552137E-16
 6594.37752036132  1.252668E-16
 6596.45006566867  1.020933E-16
 6598.52261097602  8.428229E-17
 6600.59515628337  7.044278E-17
 6602.66770159071  5.780387E-17
 6604.74024689806  4.853855E-17
 6606.81279220541  4.276799E-17
 6608.88533751276  3.882237E-17
 6610.95788282011  3.594927E-17
 6613.03042812745  3.189423E-17
 6615.1029734348   2.925816E-17
 6617.17551874215  2.667556E-17
 6619.2480640495   2.472506E-17
 6621.32060935684  2.476030E-17
 6623.39315466419  2.423627E-17
 6625.46569997154  2.351614E-17
 6627.53824527889  2.315949E-17
 6629.61079058623  2.236686E-17
 6631.68333589358  2.189481E-17
 6633.75588120093  2.133985E-17
 6635.82842650828  2.132415E-17
 6637.90097181562  2.128885E-17
 6639.97351712297  2.098876E-17
 6642.04606243032  2.016246E-17
 6644.11860773767  1.972302E-17
 6646.19115304501  1.913827E-17
 6648.26369835236  1.879879E-17
 6650.33624365971  1.948614E-17
 6652.40878896706  1.934164E-17
 6654.4813342744   1.898773E-17
 6656.55387958175  1.819413E-17
 6658.6264248891   1.628429E-17
 6660.69897019645  1.715102E-17
 6662.77151550379  1.820627E-17
 6664.84406081114  1.861359E-17
 6666.91660611849  1.897604E-17
 6668.98915142584  1.867083E-17
 6671.06169673319  1.875626E-17
 6673.13424204053  1.905151E-17
 6675.20678734788  1.886350E-17
 6677.27933265523  1.875927E-17
 6679.35187796258  1.858899E-17
 6681.42442326992  1.862728E-17
 6683.49696857727  1.892900E-17
 6685.56951388462  1.894191E-17
 6687.64205919197  1.875412E-17
 6689.71460449931  1.906154E-17
 6691.78714980666  1.950059E-17
 6693.85969511401  1.943603E-17
 6695.93224042136  1.978881E-17
 6698.0047857287   1.999713E-17
 6700.07733103605  1.971225E-17
 6702.1498763434   1.937699E-17
 6704.22242165075  1.932113E-17
 6706.2949669581   1.898373E-17
 6708.36751226544  1.834000E-17
 6710.44005757279  1.839562E-17
 6712.51260288014  1.854447E-17
 6714.58514818748  1.785938E-17
 6716.65769349483  1.756677E-17
 6718.73023880218  1.780296E-17
 6720.80278410953  1.784531E-17
 6722.87532941687  1.735664E-17
 6724.94787472422  1.753662E-17
 6727.02042003157  1.824400E-17
 6729.09296533892  1.782763E-17
 6731.16551064627  1.720957E-17
 6733.23805595361  1.645628E-17
 6735.31060126096  1.662008E-17
 6737.38314656831  1.723000E-17
 6739.45569187566  1.711393E-17
 6741.528237183    1.678989E-17
 6743.60078249035  1.691248E-17
 6745.6733277977   1.700284E-17
 6747.74587310505  1.676092E-17
 6749.81841841239  1.657993E-17
 6751.89096371974  1.680928E-17
 6753.96350902709  1.776010E-17
 6756.03605433444  1.791511E-17
 6758.10859964179  1.725291E-17
 6760.18114494913  1.788470E-17
 6762.25369025648  1.864294E-17
 6764.32623556383  1.798931E-17
 6766.39878087118  1.749512E-17
 6768.47132617852  1.741831E-17
 6770.54387148587  1.762940E-17
 6772.61641679322  1.781823E-17
 6774.68896210057  1.764458E-17
 6776.76150740791  1.766791E-17
 6778.83405271526  1.781463E-17
 6780.90659802261  1.730548E-17
 6782.97914332996  1.741352E-17
 6785.0516886373   1.831761E-17
 6787.12423394465  1.737718E-17
 6789.196779252    1.725561E-17
 6791.26932455935  1.717929E-17
 6793.34186986669  1.778974E-17
 6795.41441517404  1.792456E-17
 6797.48696048139  1.766890E-17
 6799.55950578874  1.748586E-17
 6801.63205109608  1.736903E-17
 6803.70459640343  1.748896E-17
 6805.77714171078  1.751065E-17
 6807.84968701813  1.754920E-17
 6809.92223232547  1.736278E-17
 6811.99477763282  1.773963E-17
 6814.06732294017  1.770065E-17
 6816.13986824752  1.742070E-17
 6818.21241355487  1.740634E-17
 6820.28495886221  1.739319E-17
 6822.35750416956  1.754698E-17
 6824.43004947691  1.765082E-17
 6826.50259478425  1.717174E-17
 6828.5751400916   1.770103E-17
 6830.64768539895  1.818543E-17
 6832.7202307063   1.780859E-17
 6834.79277601365  1.726717E-17
 6836.86532132099  1.695078E-17
 6838.93786662834  1.698283E-17
 6841.01041193569  1.722500E-17
 6843.08295724304  1.685305E-17
 6845.15550255038  1.719147E-17
 6847.22804785773  1.787401E-17
 6849.30059316508  1.849351E-17
 6851.37313847243  1.890103E-17
 6853.44568377977  1.854684E-17
 6855.51822908712  1.762376E-17
 6857.59077439447  1.723812E-17
 6859.66331970182  1.738067E-17
 6861.73586500916  1.701024E-17
 6863.80841031651  1.749505E-17
 6865.88095562386  1.798884E-17
 6867.95350093121  1.746885E-17
 6870.02604623856  1.686568E-17
 6872.0985915459   1.679535E-17
 6874.17113685325  1.662337E-17
 6876.2436821606   1.666893E-17
 6878.31622746795  1.745124E-17
 6880.38877277529  1.757053E-17
 6882.46131808264  1.724114E-17
 6884.53386338999  1.740802E-17
 6886.60640869734  1.724726E-17
 6888.67895400468  1.646069E-17
 6890.75149931203  1.677484E-17
 6892.82404461938  1.793777E-17
 6894.89658992673  1.775901E-17
 6896.96913523407  1.710815E-17
 6899.04168054142  1.655587E-17
 6901.11422584877  1.719086E-17
 6903.18677115612  1.724697E-17
 6905.25931646347  1.665996E-17
 6907.33186177081  1.619760E-17
 6909.40440707816  1.635493E-17
 6911.47695238551  1.657940E-17
 6913.54949769285  1.635485E-17
 6915.6220430002   1.685373E-17
 6917.69458830755  1.652515E-17
 6919.7671336149   1.631972E-17
 6921.83967892225  1.684074E-17
 6923.91222422959  1.724111E-17
 6925.98476953694  1.705611E-17
 6928.05731484429  1.685806E-17
 6930.12986015164  1.684842E-17
 6932.20240545898  1.678644E-17
 6934.27495076633  1.723522E-17
 6936.34749607368  1.712674E-17
 6938.42004138103  1.707218E-17
 6940.49258668837  1.733639E-17
 6942.56513199572  1.702149E-17
 6944.63767730307  1.662702E-17
 6946.71022261042  1.702224E-17
 6948.78276791776  1.735350E-17
 6950.85531322511  1.715481E-17
 6952.92785853246  1.656771E-17
 6955.00040383981  1.614958E-17
 6957.07294914715  1.661208E-17
 6959.1454944545   1.690852E-17
 6961.21803976185  1.670348E-17
 6963.2905850692   1.674446E-17
 6965.36313037654  1.708852E-17
 6967.43567568389  1.725593E-17
 6969.50822099124  1.691534E-17
 6971.58076629859  1.673090E-17
 6973.65331160593  1.690532E-17
 6975.72585691328  1.694772E-17
 6977.79840222063  1.669673E-17
 6979.87094752798  1.670018E-17
 6981.94349283533  1.702319E-17
 6984.01603814267  1.692281E-17
 6986.08858345002  1.651592E-17
 6988.16112875737  1.654686E-17
 6990.23367406471  1.690628E-17
 6992.30621937206  1.674443E-17
 6994.37876467941  1.626143E-17
 6996.45130998676  1.623790E-17
 6998.52385529411  1.644537E-17
 7000.59640060145  1.636116E-17
 7002.6689459088   1.648943E-17
 7004.74149121615  1.669464E-17
 7006.8140365235   1.623128E-17
 7008.88658183085  1.651840E-17
 7010.95912713819  1.567144E-17
 7013.03167244554  1.478592E-17
 7015.10421775289  1.527157E-17
 7017.17676306023  1.558157E-17
 7019.24930836758  1.604043E-17
 7021.32185367493  1.682148E-17
 7023.39439898228  1.718763E-17
 7025.46694428963  1.698491E-17
 7027.53948959697  1.709727E-17
 7029.61203490432  1.697459E-17
 7031.68458021167  1.674135E-17
 7033.75712551902  1.690154E-17
 7035.82967082636  1.684248E-17
 7037.90221613371  1.716639E-17
 7039.97476144106  1.693879E-17
 7042.04730674841  1.629058E-17
 7044.11985205575  1.648756E-17
 7046.1923973631   1.663947E-17
 7048.26494267045  1.613141E-17
 7050.3374879778   1.596640E-17
 7052.41003328514  1.602867E-17
 7054.48257859249  1.543399E-17
 7056.55512389984  1.568706E-17
 7058.62766920719  1.600220E-17
 7060.70021451454  1.611937E-17
 7062.77275982188  1.660398E-17
 7064.84530512923  1.653914E-17
 7066.91785043658  1.630976E-17
 7068.99039574392  1.688239E-17
 7071.06294105127  1.658281E-17
 7073.13548635862  1.701752E-17
 7075.20803166597  1.708567E-17
 7077.28057697331  1.743385E-17
 7079.35312228066  1.801336E-17
 7081.42566758801  1.826146E-17
 7083.49821289536  1.821465E-17
 7085.57075820271  1.798127E-17
 7087.64330351005  1.746058E-17
 7089.7158488174   1.673975E-17
 7091.78839412475  1.602505E-17
 7093.8609394321   1.610414E-17
 7095.93348473944  1.615973E-17
 7098.00603004679  1.609016E-17
 7100.07857535414  1.628376E-17
 7102.15112066149  1.632597E-17
 7104.22366596883  1.619389E-17
 7106.29621127618  1.619130E-17
 7108.36875658353  1.600031E-17
 7110.44130189088  1.621878E-17
 7112.51384719822  1.708152E-17
 7114.58639250557  1.699141E-17
 7116.65893781292  1.604904E-17
 7118.73148312027  1.597493E-17
 7120.80402842762  1.628846E-17
 7122.87657373496  1.626180E-17
 7124.94911904231  1.608301E-17
 7127.02166434966  1.612091E-17
 7129.09420965701  1.621886E-17
 7131.16675496435  1.597602E-17
 7133.2393002717   1.590644E-17
 7135.31184557905  1.613830E-17
 7137.3843908864   1.596561E-17
 7139.45693619374  1.630889E-17
 7141.52948150109  1.620394E-17
 7143.60202680844  1.657302E-17
 7145.67457211579  1.656851E-17
 7147.74711742313  1.632314E-17
 7149.81966273048  1.611910E-17
 7151.89220803783  1.597494E-17
 7153.96475334518  1.644566E-17
 7156.03729865252  1.609308E-17
 7158.10984395987  1.567954E-17
 7160.18238926722  1.606860E-17
 7162.25493457457  1.584352E-17
 7164.32747988191  1.585126E-17
 7166.40002518926  1.633080E-17
 7168.47257049661  1.639520E-17
 7170.54511580396  1.719718E-17
 7172.61766111131  1.769165E-17
 7174.69020641865  1.793645E-17
 7176.762751726    1.748638E-17
 7178.83529703335  1.731522E-17
 7180.9078423407   1.731966E-17
 7182.98038764804  1.662955E-17
 7185.05293295539  1.601664E-17
 7187.12547826274  1.655658E-17
 7189.19802357009  1.692582E-17
 7191.27056887743  1.660457E-17
 7193.34311418478  1.663282E-17
 7195.41565949213  1.687572E-17
 7197.48820479948  1.720931E-17
 7199.56075010682  1.671634E-17
 7201.63329541417  1.548174E-17
 7203.70584072152  1.589612E-17
 7205.77838602887  1.613659E-17
 7207.85093133621  1.597759E-17
 7209.92347664356  1.563491E-17
 7211.99602195091  1.553373E-17
 7214.06856725826  1.589865E-17
 7216.1411125656   1.601988E-17
 7218.21365787295  1.555752E-17
 7220.2862031803   1.525207E-17
 7222.35874848765  1.480981E-17
 7224.431293795    1.513041E-17
 7226.50383910234  1.525122E-17
 7228.57638440969  1.485537E-17
 7230.64892971704  1.504253E-17
 7232.72147502438  1.573020E-17
 7234.79402033173  1.571982E-17
 7236.86656563908  1.569488E-17
 7238.93911094643  1.600985E-17
 7241.01165625378  1.659893E-17
 7243.08420156112  1.625705E-17
 7245.15674686847  1.647852E-17
 7247.22929217582  1.638806E-17
 7249.30183748317  1.578684E-17
 7251.37438279051  1.675599E-17
 7253.44692809786  1.606434E-17
 7255.51947340521  1.563139E-17
 7257.59201871256  1.617927E-17
 7259.6645640199   1.626090E-17
 7261.73710932725  1.543146E-17
 7263.8096546346   1.521507E-17
 7265.88219994195  1.590603E-17
 7267.95474524929  1.593602E-17
 7270.02729055664  1.592083E-17
 7272.09983586399  1.630049E-17
 7274.17238117134  1.572621E-17
 7276.24492647869  1.557238E-17
 7278.31747178603  1.589994E-17
 7280.39001709338  1.580677E-17
 7282.46256240073  1.584714E-17
 7284.53510770808  1.615471E-17
 7286.60765301542  1.605285E-17
 7288.68019832277  1.644351E-17
 7290.75274363012  1.585756E-17
 7292.82528893747  1.568474E-17
 7294.89783424482  1.585020E-17
 7296.97037955216  1.577136E-17
 7299.04292485951  1.661747E-17
 7301.11547016686  1.773400E-17
 7303.1880154742   1.953241E-17
 7305.26056078155  2.193669E-17
 7307.3331060889   2.436851E-17
 7309.40565139625  2.562412E-17
 7311.4781967036   2.538870E-17
 7313.55074201094  2.399493E-17
 7315.62328731829  2.187904E-17
 7317.69583262564  2.028054E-17
 7319.76837793299  1.998458E-17
 7321.84092324033  1.784185E-17
 7323.91346854768  1.641108E-17
 7325.98601385503  1.621754E-17
 7328.05855916238  1.634298E-17
 7330.13110446972  1.705622E-17
 7332.20364977707  1.715907E-17
 7334.27619508442  1.746834E-17
 7336.34874039177  1.860576E-17
 7338.42128569911  2.031699E-17
 7340.49383100646  2.205383E-17
 7342.56637631381  2.303022E-17
 7344.63892162116  2.242383E-17
 7346.7114669285   2.063031E-17
 7348.78401223585  1.903793E-17
 7350.8565575432   1.782866E-17
 7352.92910285055  1.674360E-17
 7355.00164815789  1.579044E-17
 7357.07419346524  1.584869E-17
 7359.14673877259  1.550233E-17
 7361.21928407994  1.417170E-17
 7363.29182938728  1.431335E-17
 7365.36437469463  1.454379E-17
 7367.43692000198  1.474210E-17
 7369.50946530933  1.445324E-17
 7371.58201061668  1.413739E-17
 7373.65455592402  1.438185E-17
 7375.72710123137  1.483450E-17
 7377.79964653872  1.490780E-17
 7379.87219184606  1.473877E-17
 7381.94473715341  1.445885E-17
 7384.01728246076  1.449858E-17
 7386.08982776811  1.443701E-17
 7388.16237307546  1.433457E-17
 7390.2349183828   1.432339E-17
 7392.30746369015  1.439488E-17
 7394.3800089975   1.464503E-17
 7396.45255430485  1.475297E-17
 7398.52509961219  1.508825E-17
 7400.59764491954  1.476497E-17
 7402.67019022689  1.420188E-17
 7404.74273553424  1.420226E-17
 7406.81528084158  1.453830E-17
 7408.88782614893  1.451968E-17
 7410.96037145628  1.427923E-17
 7413.03291676363  1.457542E-17
 7415.10546207097  1.410985E-17
 7417.17800737832  1.381042E-17
 7419.25055268567  1.401830E-17
 7421.32309799302  1.401243E-17
 7423.39564330037  1.386183E-17
 7425.46818860771  1.406461E-17
 7427.54073391506  1.407597E-17
 7429.61327922241  1.386283E-17
 7431.68582452976  1.398536E-17
 7433.7583698371   1.413328E-17
 7435.83091514445  1.384628E-17
 7437.9034604518   1.374896E-17
 7439.97600575915  1.408718E-17
 7442.04855106649  1.377257E-17
 7444.12109637384  1.375563E-17
 7446.19364168119  1.401631E-17
 7448.26618698854  1.395771E-17
 7450.33873229589  1.391437E-17
 7452.41127760323  1.404820E-17
 7454.48382291058  1.378667E-17
 7456.55636821793  1.331094E-17
 7458.62891352527  1.361001E-17
 7460.70145883262  1.384451E-17
 7462.77400413997  1.373853E-17
 7464.84654944732  1.379225E-17
 7466.91909475466  1.405188E-17
 7468.99164006201  1.446174E-17
 7471.06418536936  1.481309E-17
 7473.13673067671  1.440966E-17
 7475.20927598406  1.423569E-17
 7477.2818212914   1.352471E-17
 7479.35436659875  1.393309E-17
 7481.4269119061   1.449786E-17
 7483.49945721345  1.444454E-17
 7485.57200252079  1.452813E-17
 7487.64454782814  1.389672E-17
 7489.71709313549  1.373161E-17
 7491.78963844284  1.406430E-17
 7493.86218375018  1.379425E-17
 7495.93472905753  1.354393E-17
 7498.00727436488  1.338814E-17
 7500.07981967223  1.310577E-17
 7502.15236497957  1.329266E-17
 7504.22491028692  1.324461E-17
 7506.29745559427  1.329221E-17
 7508.37000090162  1.317267E-17
 7510.44254620896  1.318314E-17
 7512.51509151631  1.349510E-17
 7514.58763682366  1.355691E-17
 7516.66018213101  1.331094E-17
 7518.73272743835  1.356310E-17
 7520.8052727457   1.362438E-17
 7522.87781805305  1.332150E-17
 7524.9503633604   1.281363E-17
 7527.02290866774  1.258249E-17
 7529.09545397509  1.311479E-17
 7531.16799928244  1.335459E-17
 7533.24054458979  1.243168E-17
 7535.31308989713  1.314700E-17
 7537.38563520448  1.318030E-17
 7539.45818051183  1.302063E-17
 7541.53072581918  1.306343E-17
 7543.60327112653  1.275991E-17
 7545.67581643387  1.248391E-17
 7547.74836174122  1.278294E-17
 7549.82090704857  1.273309E-17
 7551.89345235592  1.245471E-17
 7553.96599766326  1.292691E-17
 7556.03854297061  1.322863E-17
 7558.11108827796  1.307297E-17
 7560.18363358531  1.283340E-17
 7562.25617889266  1.246792E-17
 7564.3287242      1.250120E-17
 7566.40126950735  1.269092E-17
 7568.4738148147   1.258589E-17
 7570.54636012205  1.260632E-17
 7572.61890542939  1.270837E-17
 7574.69145073674  1.250732E-17
 7576.76399604409  1.234082E-17
 7578.83654135144  1.255995E-17
 7580.90908665878  1.227968E-17
 7582.98163196613  1.267782E-17
 7585.05417727348  1.262525E-17
 7587.12672258083  1.259684E-17
 7589.19926788817  1.281232E-17
 7591.27181319552  1.261889E-17
 7593.34435850287  1.299351E-17
 7595.41690381022  1.290725E-17
 7597.48944911756  1.214160E-17
 7599.56199442491  1.174929E-17
 7601.63453973226  1.132043E-17
 7603.70708503961  1.049780E-17
 7605.77963034695  1.066708E-17
 7607.8521756543   1.191346E-17
 7609.92472096165  1.225892E-17
 7611.997266269    1.205024E-17
 7614.06981157635  1.185089E-17
 7616.14235688369  1.269959E-17
 7618.21490219104  1.341477E-17
 7620.28744749839  1.316139E-17
 7622.35999280573  1.276477E-17
 7624.43253811308  1.165306E-17
 7626.50508342043  1.108981E-17
 7628.57762872778  1.192370E-17
 7630.65017403513  1.189109E-17
 7632.72271934247  1.162914E-17
 7634.79526464982  1.195726E-17
 7636.86780995717  1.164860E-17
 7638.94035526451  1.182042E-17
 7641.01290057186  1.135200E-17
 7643.08544587921  1.135633E-17
 7645.15799118656  1.149118E-17
 7647.23053649391  1.171641E-17
 7649.30308180125  1.160068E-17
 7651.3756271086   1.123327E-17
 7653.44817241595  1.186491E-17
 7655.5207177233   1.161756E-17
 7657.59326303064  1.130266E-17
 7659.66580833799  1.148237E-17
 7661.73835364534  1.140001E-17
 7663.81089895269  1.130938E-17
 7665.88344426003  1.174858E-17
 7667.95598956738  1.169027E-17
 7670.02853487473  1.138497E-17
 7672.10108018208  1.053115E-17
 7674.17362548943  9.883655E-18
 7676.24617079677  8.979590E-18
 7678.31871610412  7.919184E-18
 7680.39126141147  7.845531E-18
 7682.46380671882  9.145378E-18
 7684.53635202616  1.168865E-17
 7686.60889733351  1.282227E-17
 7688.68144264086  1.389263E-17
 7690.75398794821  1.465272E-17
 7692.82653325555  1.409445E-17
 7694.8990785629   1.338341E-17
 7696.97162387025  1.337184E-17
 7699.0441691776   1.271122E-17
 7701.11671448494  1.223715E-17
 7703.18925979229  1.185242E-17
 7705.26180509964  1.159273E-17
 7707.33435040699  1.127228E-17
 7709.40689571433  1.088600E-17
 7711.47944102168  1.033503E-17
 7713.55198632903  8.562065E-18
 7715.62453163638  9.335019E-18
 7717.69707694373  1.121055E-17
 7719.76962225107  1.189428E-17
 7721.84216755842  1.242971E-17
 7723.91471286577  1.329371E-17
 7725.98725817312  1.287314E-17
 7728.05980348046  1.256046E-17
 7730.13234878781  1.296661E-17
 7732.20489409516  1.320370E-17
 7734.2774394025   1.330104E-17
 7736.34998470985  1.342948E-17
 7738.4225300172   1.313065E-17
 7740.49507532455  1.264052E-17
 7742.5676206319   1.268210E-17
 7744.64016593924  1.152336E-17
 7746.71271124659  1.187510E-17
 7748.78525655394  1.249902E-17
 7750.85780186129  1.249830E-17
 7752.93034716863  1.235111E-17
 7755.00289247598  1.174956E-17
 7757.07543778333  1.215102E-17
 7759.14798309068  1.193714E-17
 7761.22052839802  1.218644E-17
 7763.29307370537  1.240463E-17
 7765.36561901272  1.203843E-17
 7767.43816432007  1.161318E-17
 7769.51070962741  1.136811E-17
 7771.58325493476  1.152821E-17
 7773.65580024211  1.196555E-17
 7775.72834554946  1.130299E-17
 7777.8008908568   1.090768E-17
 7779.87343616415  1.110696E-17
 7781.9459814715   1.060286E-17
 7784.01852677885  9.757193E-18
 7786.09107208619  9.711136E-18
 7788.16361739354  1.006499E-17
 7790.23616270089  9.846846E-18
 7792.30870800824  1.074826E-17
 7794.38125331559  1.239765E-17
 7796.45379862293  1.304660E-17
 7798.52634393028  1.316331E-17
 7800.59888923763  1.316026E-17
 7802.67143454497  1.304391E-17
 7804.74397985232  1.278623E-17
 7806.81652515967  1.298577E-17
 7808.88907046702  1.299481E-17
 7810.96161577437  1.235948E-17
 7813.03416108171  1.221702E-17
 7815.10670638906  1.243378E-17
 7817.17925169641  1.204149E-17
 7819.25179700376  1.227521E-17
 7821.3243423111   1.252931E-17
 7823.39688761845  1.246928E-17
 7825.4694329258   1.216004E-17
 7827.54197823315  1.137470E-17
 7829.6145235405   1.178514E-17
 7831.68706884784  1.192807E-17
 7833.75961415519  1.189009E-17
 7835.83215946254  1.194948E-17
 7837.90470476989  1.204308E-17
 7839.97725007723  1.200774E-17
 7842.04979538458  1.177078E-17
 7844.12234069193  1.169636E-17
 7846.19488599928  1.150150E-17
 7848.26743130662  1.167733E-17
 7850.33997661397  1.186267E-17
 7852.41252192132  1.166443E-17
 7854.48506722867  1.190164E-17
 7856.55761253601  1.284404E-17
 7858.63015784336  1.253488E-17
 7860.70270315071  1.167797E-17
 7862.77524845806  1.139720E-17
 7864.84779376541  1.164827E-17
 7866.92033907275  1.203251E-17
 7868.9928843801   1.216375E-17
 7871.06542968745  1.181127E-17
