 3424.449          7.088201E-18
 3427.18482593778  1.286493E-17
 3429.92065187555  1.284818E-18
 3432.65647781333  2.080330E-17
 3435.3923037511   6.426276E-18
 3438.12812968888  4.176583E-18
 3440.86395562665  -2.056721E-18
 3443.59978156443  -1.151465E-18
 3446.3356075022   -5.345142E-18
 3449.07143343998  -3.607234E-18
 3451.80725937775  9.526645E-18
 3454.54308531553  1.286592E-17
 3457.2789112533   1.046829E-17
 3460.01473719108  3.160823E-18
 3462.75056312885  3.686638E-18
 3465.48638906663  7.892272E-18
 3468.2222150044   1.671576E-18
 3470.95804094218  -3.415032E-19
 3473.69386687995  6.850417E-19
 3476.42969281773  1.315635E-17
 3479.16551875551  5.903041E-18
 3481.90134469328  1.217118E-17
 3484.63717063106  1.236564E-17
 3487.37299656883  1.147981E-18
 3490.10882250661  -7.335532E-19
 3492.84464844438  3.660133E-19
 3495.58047438216  2.252995E-18
 3498.31630031993  5.901927E-18
 3501.05212625771  5.487089E-18
 3503.78795219548  7.560627E-18
 3506.52377813326  3.862466E-18
 3509.25960407103  7.226486E-18
 3511.99543000881  7.207425E-18
 3514.73125594658  3.452490E-18
 3517.46708188436  3.523740E-18
 3520.20290782213  2.585019E-18
 3522.93873375991  1.217692E-18
 3525.67455969768  -2.537641E-18
 3528.41038563546  3.145672E-18
 3531.14621157323  -2.159907E-18
 3533.88203751101  -1.913799E-18
 3536.61786344878  6.082130E-18
 3539.35368938656  1.075768E-17
 3542.08951532433  6.698887E-18
 3544.82534126211  5.720892E-18
 3547.56116719989  4.220386E-18
 3550.29699313766  7.468140E-18
 3553.03281907544  -3.489083E-18
 3555.76864501321  2.099763E-18
 3558.50447095099  6.781776E-18
 3561.24029688876  7.179363E-18
 3563.97612282654  3.881011E-18
 3566.71194876431  8.888256E-19
 3569.44777470209  2.192062E-18
 3572.18360063986  2.781111E-18
 3574.91942657764  -7.433089E-19
 3577.65525251541  8.955182E-19
 3580.39107845319  4.524539E-18
 3583.12690439096  5.101737E-18
 3585.86273032874  6.969171E-18
 3588.59855626651  4.755109E-18
 3591.33438220429  4.599107E-18
 3594.07020814206  3.007029E-18
 3596.80603407984  2.620251E-18
 3599.54186001761  -6.253132E-20
 3602.27768595539  3.952217E-18
 3605.01351189316  5.287103E-18
 3607.74933783094  6.030115E-18
 3610.48516376871  7.539652E-18
 3613.22098970649  4.195007E-18
 3615.95681564427  7.022087E-18
 3618.69264158204  3.676813E-18
 3621.42846751982  4.068305E-18
 3624.16429345759  4.260944E-18
 3626.90011939537  2.665959E-18
 3629.63594533314  2.826613E-18
 3632.37177127092  2.864464E-18
 3635.10759720869  1.225290E-18
 3637.84342314647  2.602442E-18
 3640.57924908424  4.554672E-18
 3643.31507502202  4.964106E-18
 3646.05090095979  2.022236E-18
 3648.78672689757  -4.437490E-19
 3651.52255283534  1.838738E-18
 3654.25837877312  3.859255E-18
 3656.99420471089  2.228117E-18
 3659.73003064867  2.083311E-18
 3662.46585658644  2.598105E-18
 3665.20168252422  8.509079E-19
 3667.93750846199  3.722676E-18
 3670.67333439977  3.977292E-18
 3673.40916033754  5.841308E-18
 3676.14498627532  5.490343E-18
 3678.8808122131   4.132759E-18
 3681.61663815087  1.810719E-18
 3684.35246408865  3.539348E-18
 3687.08829002642  4.743286E-18
 3689.8241159642   2.614703E-18
 3692.55994190197  5.353522E-19
 3695.29576783975  2.227681E-18
 3698.03159377752  3.178300E-18
 3700.7674197153   3.515122E-18
 3703.50324565307  5.900782E-18
 3706.23907159085  2.955104E-18
 3708.97489752862  1.879932E-18
 3711.7107234664   4.193663E-18
 3714.44654940417  4.323434E-18
 3717.18237534195  4.126361E-18
 3719.91820127972  4.573829E-18
 3722.6540272175   5.221569E-18
 3725.38985315527  3.142614E-18
 3728.12567909305  3.401213E-18
 3730.86150503082  1.801541E-18
 3733.5973309686   1.199508E-18
 3736.33315690637  2.538454E-18
 3739.06898284415  5.392780E-18
 3741.80480878193  5.391924E-18
 3744.5406347197   5.206769E-18
 3747.27646065748  6.478788E-18
 3750.01228659525  4.937464E-18
 3752.74811253303  5.995088E-18
 3755.4839384708   1.149202E-18
 3758.21976440858  3.311554E-18
 3760.95559034635  3.020824E-18
 3763.69141628413  3.997701E-18
 3766.4272422219   7.133836E-18
 3769.16306815968  5.952690E-18
 3771.89889409745  2.567873E-18
 3774.63472003523  2.589226E-18
 3777.370545973    3.711653E-18
 3780.10637191078  5.830064E-18
 3782.84219784855  6.534865E-18
 3785.57802378633  4.533564E-18
 3788.3138497241   5.659724E-18
 3791.04967566188  9.058013E-18
 3793.78550159965  7.422292E-18
 3796.52132753743  6.657085E-18
 3799.2571534752   4.552310E-18
 3801.99297941298  7.035585E-18
 3804.72880535075  4.940563E-18
 3807.46463128853  5.033965E-18
 3810.2004572263   4.030545E-18
 3812.93628316408  2.855027E-18
 3815.67210910186  5.919122E-18
 3818.40793503963  8.252190E-18
 3821.14376097741  6.520861E-18
 3823.87958691518  5.430604E-18
 3826.61541285296  5.834824E-18
 3829.35123879073  7.405592E-18
 3832.08706472851  8.660799E-18
 3834.82289066628  5.440744E-18
 3837.55871660406  5.153709E-18
 3840.29454254183  4.453109E-18
 3843.03036847961  1.955647E-18
 3845.76619441738  1.537247E-18
 3848.50202035516  3.771085E-18
 3851.23784629293  6.113078E-18
 3853.97367223071  6.052934E-18
 3856.70949816848  6.718079E-18
 3859.44532410626  6.934322E-18
 3862.18115004403  5.873359E-18
 3864.91697598181  5.338699E-18
 3867.65280191958  5.454524E-18
 3870.38862785736  4.536934E-18
 3873.12445379513  5.640268E-18
 3875.86027973291  6.570797E-18
 3878.59610567068  5.035417E-18
 3881.33193160846  6.528157E-18
 3884.06775754624  6.936769E-18
 3886.80358348401  5.414678E-18
 3889.53940942179  4.514186E-18
 3892.27523535956  6.097186E-18
 3895.01106129734  4.958525E-18
 3897.74688723511  6.157395E-18
 3900.48271317289  4.615306E-18
 3903.21853911066  4.199731E-18
 3905.95436504844  6.310288E-18
 3908.69019098621  6.880677E-18
 3911.42601692399  4.699076E-18
 3914.16184286176  5.367112E-18
 3916.89766879954  5.981829E-18
 3919.63349473731  4.685840E-18
 3922.36932067509  5.521630E-18
 3925.10514661286  5.428878E-18
 3927.84097255064  5.760849E-18
 3930.57679848841  4.485199E-18
 3933.31262442619  5.599305E-18
 3936.04845036396  5.506265E-18
 3938.78427630174  4.978041E-18
 3941.52010223951  5.502142E-18
 3944.25592817729  5.011444E-18
 3946.99175411507  5.156816E-18
 3949.72758005284  5.278531E-18
 3952.46340599061  5.932650E-18
 3955.19923192839  5.013621E-18
 3957.93505786617  5.311840E-18
 3960.67088380394  6.292157E-18
 3963.40670974172  5.212599E-18
 3966.14253567949  5.972462E-18
 3968.87836161727  5.074216E-18
 3971.61418755504  4.351473E-18
 3974.35001349282  3.306290E-18
 3977.08583943059  3.453709E-18
 3979.82166536837  3.183764E-18
 3982.55749130614  3.976796E-18
 3985.29331724392  3.876339E-18
 3988.02914318169  4.284029E-18
 3990.76496911947  6.321454E-18
 3993.50079505724  4.291446E-18
 3996.23662099502  3.899675E-18
 3998.97244693279  5.148570E-18
 4001.70827287057  5.305239E-18
 4004.44409880834  5.882677E-18
 4007.17992474612  4.692864E-18
 4009.9157506839   5.262543E-18
 4012.65157662167  5.195580E-18
 4015.38740255944  4.061033E-18
 4018.12322849722  5.344891E-18
 4020.85905443499  4.673573E-18
 4023.59488037277  5.581797E-18
 4026.33070631055  4.696928E-18
 4029.06653224832  4.947817E-18
 4031.8023581861   5.683756E-18
 4034.53818412387  5.573215E-18
 4037.27401006165  5.261535E-18
 4040.00983599942  6.782869E-18
 4042.7456619372   5.499739E-18
 4045.48148787497  6.359505E-18
 4048.21731381275  5.095157E-18
 4050.95313975052  4.384107E-18
 4053.6889656883   6.895274E-18
 4056.42479162607  6.517054E-18
 4059.16061756385  4.813731E-18
 4061.89644350162  6.897101E-18
 4064.6322694394   6.223104E-18
 4067.36809537717  5.706659E-18
 4070.10392131495  5.049202E-18
 4072.83974725272  4.534303E-18
 4075.5755731905   5.509604E-18
 4078.31139912827  6.719243E-18
 4081.04722506605  6.265922E-18
 4083.78305100383  5.112926E-18
 4086.5188769416   5.763440E-18
 4089.25470287938  3.777647E-18
 4091.99052881715  6.084979E-18
 4094.72635475493  4.437453E-18
 4097.4621806927   4.450191E-18
 4100.19800663048  5.794023E-18
 4102.93383256825  5.462643E-18
 4105.66965850603  4.912736E-18
 4108.4054844438   5.378676E-18
 4111.14131038158  4.562670E-18
 4113.87713631935  2.822759E-18
 4116.61296225713  2.843853E-18
 4119.3487881949   4.749255E-18
 4122.08461413268  5.357780E-18
 4124.82044007045  5.111868E-18
 4127.55626600823  5.435463E-18
 4130.292091946    4.516977E-18
 4133.02791788378  5.528704E-18
 4135.76374382155  5.807429E-18
 4138.49956975933  5.763990E-18
 4141.2353956971   6.185542E-18
 4143.97122163488  5.784339E-18
 4146.70704757266  5.001960E-18
 4149.44287351043  5.618868E-18
 4152.17869944821  6.477375E-18
 4154.91452538598  5.397526E-18
 4157.65035132376  5.567239E-18
 4160.38617726153  6.534565E-18
 4163.12200319931  6.171570E-18
 4165.85782913708  5.635606E-18
 4168.59365507486  5.672495E-18
 4171.32948101263  3.769632E-18
 4174.06530695041  4.353705E-18
 4176.80113288818  6.261591E-18
 4179.53695882596  6.077697E-18
 4182.27278476373  5.681411E-18
 4185.00861070151  5.728607E-18
 4187.74443663928  5.296342E-18
 4190.48026257706  3.788616E-18
 4193.21608851483  4.577907E-18
 4195.95191445261  4.732999E-18
 4198.68774039038  6.583902E-18
 4201.42356632816  4.615776E-18
 4204.15939226593  5.050616E-18
 4206.89521820371  5.148857E-18
 4209.63104414148  5.584435E-18
 4212.36687007926  5.769495E-18
 4215.10269601704  5.790095E-18
 4217.83852195481  5.565605E-18
 4220.57434789259  6.816644E-18
 4223.31017383036  6.362115E-18
 4226.04599976814  5.868345E-18
 4228.78182570591  5.155475E-18
 4231.51765164369  5.298897E-18
 4234.25347758146  6.619735E-18
 4236.98930351924  7.714353E-18
 4239.72512945701  6.865551E-18
 4242.46095539479  6.208231E-18
 4245.19678133256  4.922011E-18
 4247.93260727034  4.277632E-18
 4250.66843320811  4.064620E-18
 4253.40425914589  4.745101E-18
 4256.14008508366  6.199755E-18
 4258.87591102144  6.708288E-18
 4261.61173695921  5.774297E-18
 4264.34756289699  6.976696E-18
 4267.08338883476  6.404755E-18
 4269.81921477254  5.539277E-18
 4272.55504071031  4.760092E-18
 4275.29086664809  3.876387E-18
 4278.02669258586  4.328915E-18
 4280.76251852364  5.314360E-18
 4283.49834446142  5.592990E-18
 4286.23417039919  5.430638E-18
 4288.96999633697  5.416514E-18
 4291.70582227474  4.586541E-18
 4294.44164821252  4.465380E-18
 4297.17747415029  6.041084E-18
 4299.91330008807  5.399246E-18
 4302.64912602584  5.295339E-18
 4305.38495196362  4.748590E-18
 4308.12077790139  5.217250E-18
 4310.85660383917  4.411684E-18
 4313.59242977694  6.237758E-18
 4316.32825571472  5.725765E-18
 4319.06408165249  3.478925E-18
 4321.79990759027  3.798862E-18
 4324.53573352804  4.474738E-18
 4327.27155946582  5.571016E-18
 4330.00738540359  5.647259E-18
 4332.74321134137  4.735340E-18
 4335.47903727914  4.561529E-18
 4338.21486321692  3.446095E-18
 4340.95068915469  4.242183E-18
 4343.68651509247  4.174871E-18
 4346.42234103024  4.906911E-18
 4349.15816696802  3.730171E-18
 4351.8939929058   3.392403E-18
 4354.62981884357  2.889407E-18
 4357.36564478135  3.444086E-18
 4360.10147071912  3.128622E-18
 4362.8372966569   5.175278E-18
 4365.57312259467  4.803401E-18
 4368.30894853245  6.012108E-18
 4371.04477447022  4.425663E-18
 4373.780600408    4.463162E-18
 4376.51642634577  5.942329E-18
 4379.25225228355  5.497110E-18
 4381.98807822132  3.978687E-18
 4384.7239041591   4.904109E-18
 4387.45973009687  5.866087E-18
 4390.19555603465  5.533576E-18
 4392.93138197242  4.698737E-18
 4395.6672079102   3.975692E-18
 4398.40303384797  4.947203E-18
 4401.13885978575  5.058078E-18
 4403.87468572352  5.502037E-18
 4406.6105116613   4.792038E-18
 4409.34633759907  6.123693E-18
 4412.08216353685  4.466483E-18
 4414.81798947462  4.725252E-18
 4417.5538154124   5.267934E-18
 4420.28964135018  4.853414E-18
 4423.02546728795  3.536186E-18
 4425.76129322573  4.801953E-18
 4428.4971191635   5.422014E-18
 4431.23294510128  5.911488E-18
 4433.96877103905  5.730122E-18
 4436.70459697683  5.611610E-18
 4439.4404229146   4.310430E-18
 4442.17624885238  4.374830E-18
 4444.91207479015  5.732041E-18
 4447.64790072793  5.485740E-18
 4450.3837266657   4.355033E-18
 4453.11955260348  4.723536E-18
 4455.85537854125  4.724380E-18
 4458.59120447903  4.859502E-18
 4461.3270304168   4.711917E-18
 4464.06285635458  4.496037E-18
 4466.79868229235  5.715361E-18
 4469.53450823013  6.159586E-18
 4472.2703341679   5.882414E-18
 4475.00616010568  4.728846E-18
 4477.74198604345  3.337287E-18
 4480.47781198123  5.064584E-18
 4483.21363791901  6.322651E-18
 4485.94946385678  5.009473E-18
 4488.68528979456  4.475085E-18
 4491.42111573233  4.253247E-18
 4494.15694167011  4.355544E-18
 4496.89276760788  4.758065E-18
 4499.62859354566  4.309392E-18
 4502.36441948343  3.866261E-18
 4505.10024542121  5.419359E-18
 4507.83607135898  5.148446E-18
 4510.57189729676  5.002952E-18
 4513.30772323453  5.990697E-18
 4516.04354917231  7.712243E-18
 4518.77937511008  5.091051E-18
 4521.51520104786  3.891616E-18
 4524.25102698563  4.682053E-18
 4526.98685292341  4.697937E-18
 4529.72267886118  4.165857E-18
 4532.45850479896  5.306553E-18
 4535.19433073673  5.998333E-18
 4537.93015667451  4.410652E-18
 4540.66598261228  4.674090E-18
 4543.40180855006  4.475691E-18
 4546.13763448783  5.367808E-18
 4548.87346042561  4.981744E-18
 4551.60928636339  5.059288E-18
 4554.34511230116  4.610437E-18
 4557.08093823894  5.117342E-18
 4559.81676417671  5.357688E-18
 4562.55259011449  4.672241E-18
 4565.28841605226  4.734290E-18
 4568.02424199004  4.192863E-18
 4570.76006792781  3.472969E-18
 4573.49589386559  5.226928E-18
 4576.23171980336  5.221438E-18
 4578.96754574114  4.514132E-18
 4581.70337167891  4.839864E-18
 4584.43919761669  4.563809E-18
 4587.17502355446  4.558886E-18
 4589.91084949224  4.682535E-18
 4592.64667543001  5.106696E-18
 4595.38250136779  5.264943E-18
 4598.11832730556  4.396699E-18
 4600.85415324334  4.413261E-18
 4603.58997918111  3.820723E-18
 4606.32580511889  3.862851E-18
 4609.06163105666  3.976109E-18
 4611.79745699444  5.391138E-18
 4614.53328293221  3.845404E-18
 4617.26910886999  4.572791E-18
 4620.00493480777  3.907037E-18
 4622.74076074554  3.765208E-18
 4625.47658668332  4.187250E-18
 4628.21241262109  4.434283E-18
 4630.94823855887  5.108306E-18
 4633.68406449664  5.331570E-18
 4636.41989043442  5.954262E-18
 4639.15571637219  4.875277E-18
 4641.89154230997  4.386098E-18
 4644.62736824774  4.616262E-18
 4647.36319418552  4.382895E-18
 4650.09902012329  5.205341E-18
 4652.83484606107  4.508010E-18
 4655.57067199884  4.039034E-18
 4658.30649793662  4.213831E-18
 4661.04232387439  3.548953E-18
 4663.77814981217  3.600803E-18
 4666.51397574994  4.320759E-18
 4669.24980168772  5.305578E-18
 4671.98562762549  4.520247E-18
 4674.72145356327  4.712294E-18
 4677.45727950104  4.189468E-18
 4680.19310543882  4.722851E-18
 4682.92893137659  5.678829E-18
 4685.66475731437  5.690512E-18
 4688.40058325214  4.460065E-18
 4691.13640918992  4.072010E-18
 4693.8722351277   3.917039E-18
 4696.60806106547  4.064317E-18
 4699.34388700325  4.805980E-18
 4702.07971294102  4.847147E-18
 4704.8155388788   4.567058E-18
 4707.55136481657  4.048326E-18
 4710.28719075435  3.465250E-18
 4713.02301669212  3.499527E-18
 4715.7588426299   4.247350E-18
 4718.49466856767  3.907748E-18
 4721.23049450545  3.428747E-18
 4723.96632044322  3.566103E-18
 4726.702146381    3.615854E-18
 4729.43797231877  5.122249E-18
 4732.17379825655  5.325637E-18
 4734.90962419432  4.653466E-18
 4737.6454501321   4.396987E-18
 4740.38127606987  3.549431E-18
 4743.11710200765  5.782942E-18
 4745.85292794542  5.582719E-18
 4748.5887538832   4.707767E-18
 4751.32457982097  5.151245E-18
 4754.06040575875  4.678098E-18
 4756.79623169652  4.235269E-18
 4759.5320576343   4.621773E-18
 4762.26788357207  4.103603E-18
 4765.00370950985  4.369324E-18
 4767.73953544763  4.782026E-18
 4770.4753613854   4.259755E-18
 4773.21118732318  4.359058E-18
 4775.94701326095  4.377025E-18
 4778.68283919873  4.014752E-18
 4781.4186651365   5.110288E-18
 4784.15449107428  4.728216E-18
 4786.89031701205  4.608571E-18
 4789.62614294983  4.190270E-18
 4792.3619688876   4.682574E-18
 4795.09779482538  3.962337E-18
 4797.83362076315  4.301723E-18
 4800.56944670093  4.647008E-18
 4803.3052726387   2.737380E-18
 4806.04109857648  4.466564E-18
 4808.77692451425  5.375988E-18
 4811.51275045203  4.408982E-18
 4814.24857638981  4.930910E-18
 4816.98440232758  4.924631E-18
 4819.72022826536  3.354247E-18
 4822.45605420313  4.153803E-18
 4825.19188014091  4.394860E-18
 4827.92770607868  4.407686E-18
 4830.66353201646  4.128736E-18
 4833.39935795423  3.215326E-18
 4836.13518389201  4.474248E-18
 4838.87100982978  4.127017E-18
 4841.60683576756  4.334485E-18
 4844.34266170533  4.857801E-18
 4847.07848764311  3.787225E-18
 4849.81431358088  4.584011E-18
 4852.55013951866  4.552728E-18
 4855.28596545643  3.851674E-18
 4858.02179139421  4.562362E-18
 4860.75761733198  4.953010E-18
 4863.49344326976  4.538072E-18
 4866.22926920753  4.269080E-18
 4868.96509514531  2.799441E-18
 4871.70092108308  2.243875E-18
 4874.43674702086  2.497664E-18
 4877.17257295863  4.090177E-18
 4879.90839889641  5.317391E-18
 4882.64422483419  4.445304E-18
 4885.38005077196  5.589283E-18
 4888.11587670973  4.344932E-18
 4890.85170264751  5.295361E-18
 4893.58752858528  5.816539E-18
 4896.32335452306  4.224213E-18
 4899.05918046084  4.519385E-18
 4901.79500639861  4.970658E-18
 4904.53083233639  3.887002E-18
 4907.26665827416  4.584371E-18
 4910.00248421194  4.965865E-18
 4912.73831014971  4.397231E-18
 4915.47413608749  3.882139E-18
 4918.20996202526  3.783704E-18
 4920.94578796304  3.401403E-18
 4923.68161390081  3.652785E-18
 4926.41743983859  4.012565E-18
 4929.15326577636  3.757847E-18
 4931.88909171414  4.075960E-18
 4934.62491765191  3.901665E-18
 4937.36074358969  4.473764E-18
 4940.09656952746  4.342514E-18
 4942.83239546524  3.603523E-18
 4945.56822140301  2.703317E-18
 4948.30404734079  3.496521E-18
 4951.03987327857  4.496637E-18
 4953.77569921634  3.720078E-18
 4956.51152515412  4.279501E-18
 4959.24735109189  4.460672E-18
 4961.98317702967  3.545347E-18
 4964.71900296744  3.266816E-18
 4967.45482890522  2.418731E-18
 4970.19065484299  3.398523E-18
 4972.92648078077  3.517792E-18
 4975.66230671854  4.363296E-18
 4978.39813265632  3.782267E-18
 4981.13395859409  3.521059E-18
 4983.86978453187  4.385478E-18
 4986.60561046964  4.656754E-18
 4989.34143640742  3.784670E-18
 4992.07726234519  2.623810E-18
 4994.81308828297  2.306754E-18
 4997.54891422074  4.791701E-18
 5000.28474015852  4.642432E-18
 5003.0205660963   4.071658E-18
 5005.75639203407  4.444489E-18
 5008.49221797185  4.950739E-18
 5011.22804390962  2.816754E-18
 5013.96386984739  1.514220E-18
 5016.69969578517  2.033534E-18
 5019.43552172295  3.414984E-18
 5022.17134766072  2.931928E-18
 5024.9071735985   2.443019E-18
 5027.64299953627  3.210734E-18
 5030.37882547405  2.343470E-18
 5033.11465141182  3.735398E-18
 5035.8504773496   4.358231E-18
 5038.58630328737  4.314449E-18
 5041.32212922515  4.220144E-18
 5044.05795516292  5.006552E-18
 5046.7937811007   5.183952E-18
 5049.52960703847  3.900539E-18
 5052.26543297625  4.947803E-18
 5055.00125891402  4.771440E-18
 5057.7370848518   3.504118E-18
 5060.47291078957  4.843037E-18
 5063.20873672735  4.308455E-18
 5065.94456266512  4.420376E-18
 5068.6803886029   3.975862E-18
 5071.41621454067  4.318208E-18
 5074.15204047845  4.814814E-18
 5076.88786641622  3.716458E-18
 5079.623692354    3.965058E-18
 5082.35951829178  2.772793E-18
 5085.09534422955  3.041808E-18
 5087.83117016733  3.136315E-18
 5090.5669961051   3.584789E-18
 5093.30282204288  4.298068E-18
 5096.03864798065  4.987455E-18
 5098.77447391843  4.323832E-18
 5101.5102998562   4.419002E-18
 5104.24612579398  4.270372E-18
 5106.98195173175  3.842926E-18
 5109.71777766953  3.100812E-18
 5112.4536036073   3.663725E-18
 5115.18942954508  4.526642E-18
 5117.92525548285  5.018230E-18
 5120.66108142063  4.109791E-18
 5123.3969073584   3.910091E-18
 5126.13273329618  4.693058E-18
 5128.86855923396  4.713432E-18
 5131.60438517173  3.800750E-18
 5134.34021110951  4.367208E-18
 5137.07603704728  4.445757E-18
 5139.81186298505  4.521285E-18
 5142.54768892283  3.562093E-18
 5145.28351486061  3.667587E-18
 5148.01934079838  4.368594E-18
 5150.75516673616  5.346842E-18
 5153.49099267393  5.628105E-18
 5156.22681861171  4.269459E-18
 5158.96264454948  3.388235E-18
 5161.69847048726  4.415376E-18
 5164.43429642503  4.386661E-18
 5167.17012236281  4.178077E-18
 5169.90594830058  4.878384E-18
 5172.64177423836  4.308360E-18
 5175.37760017613  5.097352E-18
 5178.11342611391  5.337090E-18
 5180.84925205168  3.200540E-18
 5183.58507798946  3.703206E-18
 5186.32090392723  4.255670E-18
 5189.05672986501  4.208278E-18
 5191.79255580278  5.383871E-18
 5194.52838174056  5.322569E-18
 5197.26420767833  5.732512E-18
 5200.00003361611  4.004238E-18
 5202.73585955388  2.883686E-18
 5205.47168549166  4.267684E-18
 5208.20751142943  4.910068E-18
 5210.94333736721  4.966806E-18
 5213.67916330499  4.452532E-18
 5216.41498924276  4.241353E-18
 5219.15081518054  3.822452E-18
 5221.88664111831  4.170858E-18
 5224.62246705609  5.096156E-18
 5227.35829299386  4.871184E-18
 5230.09411893164  3.659680E-18
 5232.82994486941  3.743378E-18
 5235.56577080719  4.438801E-18
 5238.30159674496  3.555050E-18
 5241.03742268274  3.422266E-18
 5243.77324862051  4.012106E-18
 5246.50907455829  3.305762E-18
 5249.24490049606  3.976112E-18
 5251.98072643384  4.155462E-18
 5254.71655237161  3.604982E-18
 5257.45237830939  4.664039E-18
 5260.18820424716  4.108539E-18
 5262.92403018494  3.858311E-18
 5265.65985612271  3.956086E-18
 5268.39568206049  4.437907E-18
 5271.13150799827  4.004042E-18
 5273.86733393604  2.999799E-18
 5276.60315987381  2.711720E-18
 5279.33898581159  3.205702E-18
 5282.07481174936  4.057946E-18
 5284.81063768714  4.924580E-18
 5287.54646362492  4.221783E-18
 5290.28228956269  3.588175E-18
 5293.01811550047  5.026063E-18
 5295.75394143824  4.781140E-18
 5298.48976737602  3.778142E-18
 5301.22559331379  4.547453E-18
 5303.96141925157  4.483663E-18
 5306.69724518934  4.497553E-18
 5309.43307112712  4.398886E-18
 5312.16889706489  3.409236E-18
 5314.90472300267  3.987772E-18
 5317.64054894044  5.007827E-18
 5320.37637487822  4.791722E-18
 5323.11220081599  3.361338E-18
 5325.84802675377  3.177356E-18
 5328.58385269154  2.980376E-18
 5331.31967862932  2.754938E-18
 5334.05550456709  3.937180E-18
 5336.79133050487  4.240317E-18
 5339.52715644264  4.606355E-18
 5342.26298238042  4.647492E-18
 5344.99880831819  3.593715E-18
 5347.73463425597  2.927373E-18
 5350.47046019374  4.156772E-18
 5353.20628613152  3.707962E-18
 5355.9421120693   2.987442E-18
 5358.67793800707  3.276236E-18
 5361.41376394485  3.807110E-18
 5364.14958988262  3.886995E-18
 5366.8854158204   3.429592E-18
 5369.62124175817  3.368363E-18
 5372.35706769595  3.728144E-18
 5375.09289363372  3.884166E-18
 5377.8287195715   4.017301E-18
 5380.56454550927  4.698109E-18
 5383.30037144705  4.202615E-18
 5386.03619738482  3.718337E-18
 5388.7720233226   4.660207E-18
 5391.50784926037  4.387427E-18
 5394.24367519815  3.725027E-18
 5396.97950113592  4.915556E-18
 5399.7153270737   5.370349E-18
 5402.45115301147  5.019553E-18
 5405.18697894925  3.813970E-18
 5407.92280488702  4.268187E-18
 5410.6586308248   4.331629E-18
 5413.39445676257  2.948975E-18
 5416.13028270035  3.633056E-18
 5418.86610863812  3.119561E-18
 5421.6019345759   4.144009E-18
 5424.33776051367  4.621594E-18
 5427.07358645145  4.181322E-18
 5429.80941238923  4.098934E-18
 5432.545238327    5.236354E-18
 5435.28106426478  4.594945E-18
 5438.01689020255  3.106759E-18
 5440.75271614033  3.464370E-18
 5443.4885420781   3.630679E-18
 5446.22436801588  3.893439E-18
 5448.96019395365  3.876660E-18
 5451.69601989143  2.952892E-18
 5454.4318458292   3.896455E-18
 5457.16767176698  4.635292E-18
 5459.90349770475  4.506547E-18
 5462.63932364253  3.884520E-18
 5465.3751495803   3.949672E-18
 5468.11097551808  3.380377E-18
 5470.84680145585  4.375475E-18
 5473.58262739363  4.401942E-18
 5476.3184533314   4.038453E-18
 5479.05427926918  3.796256E-18
 5481.79010520695  4.101719E-18
 5484.52593114473  4.237696E-18
 5487.26175708251  3.345423E-18
 5489.99758302028  4.015032E-18
 5492.73340895806  3.272998E-18
 5495.46923489583  3.641353E-18
 5498.20506083361  3.918752E-18
 5500.94088677138  3.908849E-18
 5503.67671270916  4.878259E-18
 5506.41253864693  4.474686E-18
 5509.14836458471  4.050423E-18
 5511.88419052248  3.293772E-18
 5514.62001646026  4.175947E-18
 5517.35584239803  3.488049E-18
 5520.09166833581  4.051270E-18
 5522.82749427358  3.538731E-18
 5525.56332021136  4.462538E-18
 5528.29914614913  3.787766E-18
 5531.03497208691  3.887574E-18
 5533.77079802468  3.665269E-18
 5536.50662396246  2.961596E-18
 5539.24244990023  4.595933E-18
 5541.97827583801  4.852180E-18
 5544.71410177578  4.225070E-18
 5547.44992771356  3.893065E-18
 5550.18575365133  5.200159E-18
 5552.92157958911  5.252793E-18
 5555.65740552689  4.848357E-18
 5558.39323146466  4.163364E-18
 5561.12905740244  3.593524E-18
 5563.86488334021  3.191141E-18
 5566.60070927799  3.049089E-18
 5569.33653521576  1.521399E-18
 5572.07236115354  2.060901E-18
 5574.80818709131  4.723525E-18
 5577.54401302909  3.099818E-18
 5580.27983896686  4.135650E-18
 5583.01566490464  5.130687E-18
 5585.75149084241  4.015416E-18
 5588.48731678019  3.733947E-18
 5591.22314271796  3.317687E-18
 5593.95896865574  2.168196E-18
 5596.69479459351  3.166555E-18
 5599.43062053129  2.272469E-18
 5602.16644646906  3.737234E-18
 5604.90227240684  3.204106E-18
 5607.63809834461  3.715044E-18
 5610.37392428239  3.889474E-18
 5613.10975022016  3.518571E-18
 5615.84557615794  3.188918E-18
 5618.58140209571  3.956977E-18
 5621.31722803349  4.764767E-18
 5624.05305397127  4.250621E-18
 5626.78887990904  3.960003E-18
 5629.52470584682  2.717589E-18
 5632.26053178459  3.192420E-18
 5634.99635772237  4.398097E-18
 5637.73218366014  3.651152E-18
 5640.46800959792  4.237144E-18
 5643.20383553569  4.427517E-18
 5645.93966147347  3.779693E-18
 5648.67548741124  3.007869E-18
 5651.41131334902  5.814962E-18
 5654.14713928679  4.511044E-18
 5656.88296522457  3.787822E-18
 5659.61879116234  3.537225E-18
 5662.35461710012  3.003547E-18
 5665.09044303789  3.508711E-18
 5667.82626897567  3.663865E-18
 5670.56209491344  3.740719E-18
 5673.29792085122  3.877266E-18
 5676.03374678899  4.079502E-18
 5678.76957272677  2.500109E-18
 5681.50539866455  2.389779E-18
 5684.24122460232  3.408709E-18
 5686.9770505401   4.102557E-18
 5689.71287647787  3.216411E-18
 5692.44870241565  3.794071E-18
 5695.18452835342  5.695017E-18
 5697.9203542912   4.054609E-18
 5700.65618022897  4.482689E-18
 5703.39200616675  4.849993E-18
 5706.12783210452  3.532010E-18
 5708.8636580423   3.307835E-18
 5711.59948398007  4.431136E-18
 5714.33530991785  3.793650E-18
 5717.07113585562  4.377100E-18
 5719.8069617934   4.625242E-18
 5722.54278773117  3.635229E-18
 5725.27861366895  3.786388E-18
 5728.01443960672  3.859329E-18
 5730.7502655445   4.610897E-18
 5733.48609148227  4.833127E-18
 5736.22191742005  3.924352E-18
 5738.95774335782  3.565871E-18
 5741.6935692956   3.557964E-18
 5744.42939523337  4.845636E-18
 5747.16522117115  5.433143E-18
 5749.90104710892  4.198734E-18
 5752.6368730467   2.944321E-18
 5755.37269898448  3.054493E-18
 5758.10852492225  3.744159E-18
 5760.84435086002  4.100643E-18
 5763.5801767978   4.161361E-18
 5766.31600273558  3.780630E-18
 5769.05182867335  3.722410E-18
 5771.78765461113  4.707524E-18
 5774.5234805489   4.593243E-18
 5777.25930648668  4.117553E-18
 5779.99513242445  4.503877E-18
 5782.73095836223  3.469732E-18
 5785.4667843      3.846417E-18
 5788.20261023778  4.074776E-18
 5790.93843617555  3.512273E-18
 5793.67426211333  4.354809E-18
 5796.4100880511   4.416023E-18
 5799.14591398888  3.691070E-18
 5801.88173992665  2.736162E-18
 5804.61756586443  4.131059E-18
 5807.3533918022   4.109692E-18
 5810.08921773998  4.456560E-18
 5812.82504367776  4.671259E-18
 5815.56086961553  3.807747E-18
 5818.2966955533   3.243425E-18
 5821.03252149108  3.115296E-18
 5823.76834742886  3.845827E-18
 5826.50417336663  3.906645E-18
 5829.23999930441  3.987496E-18
 5831.97582524218  3.790734E-18
 5834.71165117996  3.456175E-18
 5837.44747711773  3.801641E-18
 5840.18330305551  3.726566E-18
 5842.91912899328  4.080710E-18
 5845.65495493106  4.227069E-18
 5848.39078086883  2.852254E-18
 5851.12660680661  4.173293E-18
 5853.86243274438  3.146043E-18
 5856.59825868216  3.780282E-18
 5859.33408461993  3.755216E-18
 5862.06991055771  4.557711E-18
 5864.80573649548  3.504019E-18
 5867.54156243326  3.201976E-18
 5870.27738837103  3.136416E-18
 5873.01321430881  3.725401E-18
 5875.74904024658  2.800758E-18
 5878.48486618436  3.891730E-18
 5881.22069212213  3.002574E-18
 5883.95651805991  2.724127E-18
 5886.69234399769  1.448999E-18
 5889.42816993546  5.443066E-18
 5892.16399587323  6.528144E-18
 5894.89982181101  4.834785E-18
 5897.63564774879  6.293872E-18
 5900.37147368656  5.579874E-18
 5903.10729962434  3.784616E-18
 5905.84312556211  4.185727E-18
 5908.57895149989  3.562768E-18
 5911.31477743766  4.821534E-18
 5914.05060337544  4.798437E-18
 5916.78642931321  5.211763E-18
 5919.52225525099  5.445676E-18
 5922.25808118876  4.811760E-18
 5924.99390712654  5.093927E-18
 5927.72973306431  3.917176E-18
 5930.46555900209  3.979399E-18
 5933.20138493986  4.507312E-18
 5935.93721087764  4.126524E-18
 5938.67303681541  3.646830E-18
 5941.40886275319  4.939268E-18
 5944.14468869096  4.532397E-18
 5946.88051462874  3.645538E-18
 5949.61634056652  3.852744E-18
 5952.35216650429  4.677408E-18
 5955.08799244206  5.147180E-18
 5957.82381837984  4.549464E-18
 5960.55964431762  4.232613E-18
 5963.29547025539  4.083928E-18
 5966.03129619317  4.413587E-18
 5968.76712213094  2.724816E-18
 5971.50294806872  2.975943E-18
 5974.23877400649  3.616733E-18
 5976.97459994427  3.154884E-18
 5979.71042588204  3.523883E-18
 5982.44625181982  2.807336E-18
 5985.18207775759  3.643184E-18
 5987.91790369537  4.859843E-18
 5990.65372963314  3.846566E-18
 5993.38955557092  3.171144E-18
 5996.12538150869  3.485194E-18
 5998.86120744647  4.179784E-18
 6001.59703338424  4.140237E-18
 6004.33285932202  4.222087E-18
 6007.06868525979  4.421056E-18
 6009.80451119757  4.165748E-18
 6012.54033713534  4.528678E-18
 6015.27616307312  2.899104E-18
 6018.0119890109   3.902064E-18
 6020.74781494867  3.741266E-18
 6023.48364088645  4.546257E-18
 6026.21946682422  5.203019E-18
 6028.955292762    3.907834E-18
 6031.69111869977  3.494502E-18
 6034.42694463755  3.640918E-18
 6037.16277057532  4.160076E-18
 6039.8985965131   3.298083E-18
 6042.63442245087  3.139726E-18
 6045.37024838865  3.702079E-18
 6048.10607432642  4.402486E-18
 6050.8419002642   3.178443E-18
 6053.57772620197  3.466484E-18
 6056.31355213975  3.909368E-18
 6059.04937807752  3.228687E-18
 6061.7852040153   3.299373E-18
 6064.52102995307  4.110213E-18
 6067.25685589085  3.351611E-18
 6069.99268182862  3.840605E-18
 6072.7285077664   4.595728E-18
 6075.46433370417  4.128820E-18
 6078.20015964195  3.641864E-18
 6080.93598557972  4.182085E-18
 6083.6718115175   4.130914E-18
 6086.40763745528  3.367179E-18
 6089.14346339305  3.087367E-18
 6091.87928933083  3.399941E-18
 6094.6151152686   3.299717E-18
 6097.35094120638  3.293512E-18
 6100.08676714415  3.911879E-18
 6102.82259308193  3.886641E-18
 6105.5584190197   4.353434E-18
 6108.29424495748  4.369080E-18
 6111.03007089525  3.598185E-18
 6113.76589683303  3.926740E-18
 6116.5017227708   3.176641E-18
 6119.23754870858  4.789291E-18
 6121.97337464635  4.004266E-18
 6124.70920058413  3.932993E-18
 6127.4450265219   4.224547E-18
 6130.18085245968  4.332402E-18
 6132.91667839745  4.566236E-18
 6135.65250433523  4.012760E-18
 6138.388330273    2.359531E-18
 6141.12415621078  3.311038E-18
 6143.85998214855  5.105154E-18
 6146.59580808633  4.896577E-18
 6149.3316340241   5.103614E-18
 6152.06745996188  4.449792E-18
 6154.80328589966  4.060110E-18
 6157.53911183743  4.317939E-18
 6160.2749377752   4.203370E-18
 6163.01076371298  4.011467E-18
 6165.74658965076  3.787979E-18
 6168.48241558853  4.472440E-18
 6171.21824152631  4.299915E-18
 6173.95406746408  3.867862E-18
 6176.68989340186  3.943399E-18
 6179.42571933963  5.133060E-18
 6182.16154527741  4.707498E-18
 6184.89737121518  3.468986E-18
 6187.63319715296  3.733009E-18
 6190.36902309073  3.472647E-18
 6193.10484902851  3.261779E-18
 6195.84067496628  3.452813E-18
 6198.57650090406  3.460481E-18
 6201.31232684183  4.074812E-18
 6204.04815277961  4.878879E-18
 6206.78397871738  3.726501E-18
 6209.51980465516  2.990165E-18
 6212.25563059293  3.009378E-18
 6214.99145653071  4.121637E-18
 6217.72728246848  3.174378E-18
 6220.46310840626  3.846922E-18
 6223.19893434403  3.691802E-18
 6225.93476028181  3.549700E-18
 6228.67058621959  3.652667E-18
 6231.40641215736  3.599370E-18
 6234.14223809514  2.533843E-18
 6236.87806403291  3.223490E-18
 6239.61388997069  3.535508E-18
 6242.34971590846  4.023006E-18
 6245.08554184624  4.271129E-18
 6247.82136778401  3.665045E-18
 6250.55719372179  3.226341E-18
 6253.29301965956  3.286125E-18
 6256.02884559734  4.199969E-18
 6258.76467153511  3.889045E-18
 6261.50049747289  4.265165E-18
 6264.23632341066  2.990724E-18
 6266.97214934844  3.543131E-18
 6269.70797528621  5.147224E-18
 6272.44380122399  3.754120E-18
 6275.17962716176  3.384670E-18
 6277.91545309954  4.641272E-18
 6280.65127903731  3.534133E-18
 6283.38710497509  4.074714E-18
 6286.12293091286  3.962733E-18
 6288.85875685064  3.787788E-18
 6291.59458278841  3.452242E-18
 6294.33040872619  -5.626982E-19
 6297.06623466396  1.276105E-18
 6299.80206060174  3.960607E-18
 6302.53788653951  5.623841E-18
 6305.27371247729  7.921912E-18
 6308.00953841507  6.413453E-18
 6310.74536435284  5.401316E-18
 6313.48119029062  3.979710E-18
 6316.21701622839  5.143920E-18
 6318.95284216617  4.025528E-18
 6321.68866810394  3.729826E-18
 6324.42449404172  3.293980E-18
 6327.16031997949  4.553808E-18
 6329.89614591727  4.370200E-18
 6332.63197185504  4.005170E-18
 6335.36779779282  4.362672E-18
 6338.10362373059  3.851670E-18
 6340.83944966837  4.881990E-18
 6343.57527560614  4.904762E-18
 6346.31110154392  3.937537E-18
 6349.04692748169  3.049095E-18
 6351.78275341947  2.942126E-18
 6354.51857935725  2.574483E-18
 6357.25440529502  2.675939E-18
 6359.9902312328   2.707646E-18
 6362.72605717057  1.620545E-18
 6365.46188310835  3.521816E-18
 6368.19770904612  4.635591E-18
 6370.9335349839   4.254920E-18
 6373.66936092167  3.922508E-18
 6376.40518685945  4.692649E-18
 6379.14101279722  4.655460E-18
 6381.876838735    4.281846E-18
 6384.61266467277  3.371047E-18
 6387.34849061055  3.364156E-18
 6390.08431654832  3.640778E-18
 6392.8201424861   3.767909E-18
 6395.55596842387  4.113053E-18
 6398.29179436165  4.681059E-18
 6401.02762029942  2.969053E-18
 6403.7634462372   2.682167E-18
 6406.49927217497  3.796005E-18
 6409.23509811275  3.322640E-18
 6411.97092405052  3.411670E-18
 6414.7067499883   3.032761E-18
 6417.44257592608  2.803413E-18
 6420.17840186385  3.924118E-18
 6422.91422780162  3.891175E-18
 6425.6500537394   3.398636E-18
 6428.38587967717  3.872594E-18
 6431.12170561495  4.425975E-18
 6433.85753155273  4.208060E-18
 6436.5933574905   4.167289E-18
 6439.32918342828  4.103840E-18
 6442.06500936605  3.978758E-18
 6444.80083530383  4.905056E-18
 6447.5366612416   4.365445E-18
 6450.27248717938  3.159117E-18
 6453.00831311715  1.680983E-18
 6455.74413905493  2.248489E-18
 6458.4799649927   3.248683E-18
 6461.21579093048  4.349340E-18
 6463.95161686825  2.583294E-18
 6466.68744280603  3.505716E-18
 6469.4232687438   3.063093E-18
 6472.15909468158  4.243415E-18
 6474.89492061935  4.165209E-18
 6477.63074655713  4.716401E-18
 6480.3665724949   4.010675E-18
 6483.10239843268  4.191550E-18
 6485.83822437045  4.409654E-18
 6488.57405030823  5.553494E-18
 6491.30987624601  4.292732E-18
 6494.04570218378  4.036349E-18
 6496.78152812156  4.212021E-18
 6499.51735405933  3.258165E-18
 6502.25317999711  3.262806E-18
 6504.98900593488  3.408506E-18
 6507.72483187266  5.030166E-18
 6510.46065781043  3.978877E-18
 6513.19648374821  3.710063E-18
 6515.93230968598  2.509679E-18
 6518.66813562376  3.917958E-18
 6521.40396156153  3.588774E-18
 6524.13978749931  3.712878E-18
 6526.87561343708  3.764812E-18
 6529.61143937486  3.691786E-18
 6532.34726531263  4.499745E-18
 6535.08309125041  3.473043E-18
 6537.81891718818  4.247067E-18
 6540.55474312596  5.230141E-18
 6543.29056906373  4.847194E-18
 6546.02639500151  4.257920E-18
 6548.76222093928  3.756784E-18
 6551.49804687706  4.798866E-18
 6554.23387281483  4.873514E-18
 6556.96969875261  5.878896E-18
 6559.70552469039  5.755537E-18
 6562.44135062816  6.173187E-18
 6565.17717656594  9.697258E-18
 6567.91300250371  1.013590E-17
 6570.64882844149  1.231115E-17
 6573.38465437926  1.013134E-17
 6576.12048031704  7.499548E-18
 6578.85630625481  8.173947E-18
 6581.59213219259  1.180522E-17
 6584.32795813036  1.881806E-17
 6587.06378406814  1.997328E-17
 6589.79961000591  1.963290E-17
 6592.53543594369  1.458672E-17
 6595.27126188146  9.736949E-18
 6598.00708781924  8.580528E-18
 6600.74291375701  9.623030E-18
 6603.47873969479  7.867233E-18
 6606.21456563256  6.845545E-18
 6608.95039157034  6.397666E-18
 6611.68621750811  5.294182E-18
 6614.42204344589  3.954018E-18
 6617.15786938366  3.721627E-18
 6619.89369532144  3.814108E-18
 6622.62952125921  3.763696E-18
 6625.36534719699  3.951000E-18
 6628.10117313476  3.768967E-18
 6630.83699907254  4.658825E-18
 6633.57282501031  5.119186E-18
 6636.30865094809  3.869852E-18
 6639.04447688587  4.035930E-18
 6641.78030282364  4.107649E-18
 6644.51612876142  2.830021E-18
 6647.25195469919  3.334570E-18
 6649.98778063697  4.690952E-18
 6652.72360657474  4.081099E-18
 6655.45943251252  3.572965E-18
 6658.19525845029  4.721658E-18
 6660.93108438807  4.093619E-18
 6663.66691032584  2.839198E-18
 6666.40273626362  4.255820E-18
 6669.13856220139  5.297494E-18
 6671.87438813917  4.747363E-18
 6674.61021407694  3.605512E-18
 6677.34604001472  4.316376E-18
 6680.08186595249  4.188076E-18
 6682.81769189027  3.453114E-18
 6685.55351782805  3.704646E-18
 6688.28934376582  3.416387E-18
 6691.0251697036   3.589594E-18
 6693.76099564137  3.061775E-18
 6696.49682157915  4.254921E-18
 6699.23264751692  3.701123E-18
 6701.9684734547   2.877303E-18
 6704.70429939247  4.085248E-18
 6707.44012533025  3.610867E-18
 6710.17595126802  4.478574E-18
 6712.9117772058   4.957922E-18
 6715.64760314357  4.063654E-18
 6718.38342908135  4.157954E-18
 6721.11925501912  4.580466E-18
 6723.8550809569   4.367194E-18
 6726.59090689467  4.145923E-18
 6729.32673283245  4.056387E-18
 6732.06255877022  2.580597E-18
 6734.798384708    4.324237E-18
 6737.53421064577  5.305113E-18
 6740.27003658355  4.615830E-18
 6743.00586252132  3.656574E-18
 6745.7416884591   1.633937E-18
 6748.47751439687  2.939388E-18
 6751.21334033465  4.489974E-18
 6753.94916627243  2.904383E-18
 6756.6849922102   2.897424E-18
 6759.42081814797  3.275318E-18
 6762.15664408575  2.231688E-18
 6764.89247002353  3.333652E-18
 6767.6282959613   4.911609E-18
 6770.36412189908  3.822855E-18
 6773.09994783685  3.255340E-18
 6775.83577377463  2.307525E-18
 6778.5715997124   3.254397E-18
 6781.30742565018  3.935550E-18
 6784.04325158795  3.456729E-18
 6786.77907752573  3.918170E-18
 6789.5149034635   3.165307E-18
 6792.25072940128  2.561768E-18
 6794.98655533905  2.510026E-18
 6797.72238127683  2.688644E-18
 6800.4582072146   3.112324E-18
 6803.19403315238  4.996206E-18
 6805.92985909015  3.013357E-18
 6808.66568502793  4.287640E-18
 6811.4015109657   3.010881E-18
 6814.13733690348  3.163779E-18
 6816.87316284125  4.318854E-18
 6819.60898877903  4.284855E-18
 6822.34481471681  3.748598E-18
 6825.08064065458  3.021975E-18
 6827.81646659236  3.276697E-18
 6830.55229253013  4.025487E-18
 6833.28811846791  4.498949E-18
 6836.02394440568  4.492063E-18
 6838.75977034346  4.682444E-18
 6841.49559628123  4.718106E-18
 6844.23142221901  3.795658E-18
 6846.96724815678  3.514082E-18
 6849.70307409456  3.859650E-18
 6852.43890003233  3.398680E-18
 6855.17472597011  3.490942E-18
 6857.91055190788  4.076050E-18
 6860.64637784566  3.917311E-18
 6863.38220378343  4.389031E-18
 6866.11802972121  4.218116E-18
 6868.85385565898  3.254288E-18
 6871.58968159676  3.889549E-18
 6874.32550753453  4.433226E-18
 6877.06133347231  4.494137E-18
 6879.79715941008  4.984661E-18
 6882.53298534786  3.704542E-18
 6885.26881128563  4.186963E-18
 6888.00463722341  4.119139E-18
 6890.74046316119  3.189571E-18
 6893.47628909896  2.978937E-18
 6896.21211503674  3.032003E-18
 6898.94794097451  5.420946E-18
 6901.68376691229  4.388032E-18
 6904.41959285006  4.089634E-18
 6907.15541878784  4.165406E-18
 6909.89124472561  4.875708E-18
 6912.62707066339  4.827959E-18
 6915.36289660116  2.835003E-18
 6918.09872253894  3.205575E-18
 6920.83454847671  4.045414E-18
 6923.57037441449  2.887919E-18
 6926.30620035226  3.433327E-18
 6929.04202629004  4.103911E-18
 6931.77785222781  3.799986E-18
 6934.51367816559  4.287706E-18
 6937.24950410336  4.469487E-18
 6939.98533004114  4.232497E-18
 6942.72115597891  3.971670E-18
 6945.45698191669  3.768156E-18
 6948.19280785446  3.436801E-18
 6950.92863379224  3.536018E-18
 6953.66445973001  4.563358E-18
 6956.40028566779  5.202620E-18
 6959.13611160557  3.999786E-18
 6961.87193754334  3.593333E-18
 6964.60776348111  2.952408E-18
 6967.34358941889  1.751622E-18
 6970.07941535667  3.555969E-18
 6972.81524129444  4.258818E-18
 6975.55106723222  4.521803E-18
 6978.28689316999  3.793224E-18
 6981.02271910777  4.047286E-18
 6983.75854504554  5.430917E-18
 6986.49437098332  3.665891E-18
 6989.23019692109  4.343704E-18
 6991.96602285887  3.458976E-18
 6994.70184879664  3.813317E-18
 6997.43767473442  4.714784E-18
 7000.17350067219  3.571948E-18
 7002.90932660997  4.217987E-18
 7005.64515254774  4.662399E-18
 7008.38097848552  3.925825E-18
 7011.11680442329  4.543165E-18
 7013.85263036107  4.480633E-18
 7016.58845629884  3.814675E-18
 7019.32428223662  3.943367E-18
 7022.06010817439  4.123749E-18
 7024.79593411217  4.277554E-18
 7027.53176004994  4.014421E-18
 7030.26758598772  4.192238E-18
 7033.0034119255   4.028599E-18
 7035.73923786327  2.722161E-18
 7038.47506380104  2.939192E-18
 7041.21088973882  3.435770E-18
 7043.9467156766   3.900619E-18
 7046.68254161437  4.541937E-18
 7049.41836755215  5.300278E-18
 7052.15419348992  4.098544E-18
 7054.8900194277   5.123041E-18
 7057.62584536547  4.001334E-18
 7060.36167130325  4.217279E-18
 7063.09749724102  2.769457E-18
 7065.8333231788   4.507365E-18
 7068.56914911657  3.288695E-18
 7071.30497505435  4.712485E-18
 7074.04080099212  4.181036E-18
 7076.7766269299   3.106865E-18
 7079.51245286767  3.622903E-18
 7082.24827880545  3.326543E-18
 7084.98410474322  4.668896E-18
 7087.719930681    4.638953E-18
 7090.45575661877  4.392148E-18
 7093.19158255655  3.576915E-18
 7095.92740849433  3.385237E-18
 7098.6632344321   4.982314E-18
 7101.39906036987  4.340352E-18
 7104.13488630765  2.622523E-18
 7106.87071224542  2.530415E-18
 7109.6065381832   3.905462E-18
 7112.34236412098  3.937842E-18
 7115.07819005875  2.109742E-18
 7117.81401599653  2.458356E-18
 7120.5498419343   3.442408E-18
 7123.28566787208  4.387002E-18
 7126.02149380985  2.249381E-18
 7128.75731974763  3.814707E-18
 7131.4931456854   3.453523E-18
 7134.22897162318  4.099031E-18
 7136.96479756095  4.227771E-18
 7139.70062349873  3.524248E-18
 7142.4364494365   2.771828E-18
 7145.17227537428  4.013106E-18
 7147.90810131205  4.487724E-18
 7150.64392724983  4.151576E-18
 7153.3797531876   3.775077E-18
 7156.11557912538  2.937867E-18
 7158.85140506316  3.106710E-18
 7161.58723100093  2.975286E-18
 7164.3230569387   3.970703E-18
 7167.05888287648  2.551509E-18
 7169.79470881426  1.673136E-18
 7172.53053475203  3.078547E-18
 7175.26636068981  3.783887E-18
 7178.00218662758  2.853047E-18
 7180.73801256536  4.339890E-18
 7183.47383850313  4.697501E-18
 7186.20966444091  2.046089E-18
 7188.94549037868  2.977670E-18
 7191.68131631646  3.162300E-18
 7194.41714225423  4.644685E-18
 7197.15296819201  4.327745E-18
 7199.88879412978  3.611246E-18
 7202.62462006756  3.997588E-18
 7205.36044600533  4.676350E-18
 7208.09627194311  3.809916E-18
 7210.83209788088  4.861457E-18
 7213.56792381866  4.509938E-18
 7216.30374975643  3.894769E-18
 7219.03957569421  4.243412E-18
 7221.77540163199  5.581497E-18
 7224.51122756976  4.822501E-18
 7227.24705350754  4.663620E-18
 7229.98287944531  3.309505E-18
 7232.71870538308  3.114899E-18
 7235.45453132086  2.463597E-18
 7238.19035725864  2.760708E-18
 7240.92618319641  1.275829E-18
 7243.66200913419  4.191814E-18
 7246.39783507196  5.645997E-18
 7249.13366100974  4.120008E-18
 7251.86948694751  4.256359E-18
 7254.60531288529  5.236028E-18
 7257.34113882306  4.479090E-18
 7260.07696476084  2.888527E-18
 7262.81279069861  3.895409E-18
 7265.54861663639  4.042073E-18
 7268.28444257416  3.535675E-18
 7271.02026851194  1.711959E-18
 7273.75609444971  2.473820E-18
 7276.49192038749  5.448862E-18
 7279.22774632526  2.284531E-18
 7281.96357226304  5.745781E-18
 7284.69939820081  4.801121E-18
 7287.43522413859  4.626832E-18
 7290.17105007636  4.902635E-18
 7292.90687601414  5.311284E-18
 7295.64270195191  2.036175E-18
 7298.37852788969  3.096676E-18
 7301.11435382746  4.171773E-18
 7303.85017976524  6.668356E-18
 7306.58600570302  5.644259E-18
 7309.32183164079  3.451142E-18
 7312.05765757857  3.282557E-18
 7314.79348351634  3.902131E-18
 7317.52930945412  2.292533E-18
 7320.26513539189  4.195764E-18
 7323.00096132967  5.461136E-18
 7325.73678726744  5.388934E-18
 7328.47261320522  5.424305E-18
 7331.20843914299  4.788041E-18
 7333.94426508077  5.077384E-18
 7336.68009101854  3.772140E-18
 7339.41591695632  4.722702E-18
 7342.15174289409  5.894053E-18
 7344.88756883187  5.196666E-18
 7347.62339476965  5.466838E-18
 7350.35922070742  5.412377E-18
 7353.09504664519  3.121223E-18
 7355.83087258297  4.044184E-18
 7358.56669852074  2.418726E-18
 7361.30252445852  3.914767E-18
 7364.0383503963   3.253867E-18
 7366.77417633407  1.386309E-18
 7369.51000227185  2.771079E-18
 7372.24582820962  5.021722E-18
 7374.9816541474   5.915547E-18
 7377.71748008517  5.181912E-18
 7380.45330602295  4.240945E-18
 7383.18913196072  2.925547E-18
 7385.9249578985   3.157703E-18
 7388.66078383627  3.642935E-18
 7391.39660977405  2.909329E-18
 7394.13243571182  4.132834E-18
 7396.8682616496   3.837790E-18
 7399.60408758737  3.055602E-18
 7402.33991352515  5.175166E-18
 7405.07573946292  4.667858E-18
 7407.8115654007   3.512356E-18
 7410.54739133847  4.983530E-18
 7413.28321727625  4.872789E-18
 7416.01904321402  4.728342E-18
 7418.7548691518   5.551855E-18
 7421.49069508957  3.722600E-18
 7424.22652102735  3.965900E-18
 7426.96234696512  3.522444E-18
 7429.6981729029   2.573249E-18
 7432.43399884068  2.017653E-18
 7435.16982477845  2.680183E-18
 7437.90565071622  3.043720E-18
 7440.641476654    2.501502E-18
 7443.37730259178  5.183375E-18
 7446.11312852955  1.843174E-18
 7448.84895446733  3.129683E-18
 7451.5847804051   3.390452E-18
 7454.32060634288  4.436249E-18
 7457.05643228065  4.002535E-18
 7459.79225821843  3.890639E-18
 7462.5280841562   3.728302E-18
 7465.26391009398  2.622762E-18
 7467.99973603175  3.536013E-18
 7470.73556196953  3.875279E-18
 7473.4713879073   3.321835E-18
 7476.20721384508  3.506753E-18
 7478.94303978285  4.260823E-18
 7481.67886572063  4.836920E-18
 7484.4146916584   3.418765E-18
 7487.15051759618  3.442283E-18
 7489.88634353395  4.145685E-18
 7492.62216947173  3.478514E-18
 7495.3579954095   3.495960E-18
 7498.09382134728  3.175106E-18
 7500.82964728506  2.745043E-18
 7503.56547322283  2.795152E-18
 7506.30129916061  3.705741E-18
 7509.03712509838  4.494095E-18
 7511.77295103616  3.215541E-18
 7514.50877697393  2.629032E-18
 7517.24460291171  2.726941E-18
 7519.98042884948  3.607825E-18
 7522.71625478726  3.887408E-18
 7525.45208072503  1.919606E-18
 7528.18790666281  4.250933E-18
 7530.92373260058  5.730100E-18
 7533.65955853836  3.989096E-18
 7536.39538447613  2.518398E-18
 7539.13121041391  1.696827E-18
 7541.86703635168  2.180013E-18
 7544.60286228946  3.100466E-18
 7547.33868822723  4.628056E-18
 7550.07451416501  3.494170E-18
 7552.81034010278  4.182495E-18
 7555.54616604056  5.099055E-18
 7558.28199197834  4.046178E-18
 7561.01781791611  2.596517E-18
 7563.75364385388  3.540563E-18
 7566.48946979166  3.679880E-18
 7569.22529572944  4.053652E-18
 7571.96112166721  3.088554E-18
 7574.69694760499  4.347877E-18
 7577.43277354276  4.639630E-18
 7580.16859948054  4.790874E-18
 7582.90442541831  2.874841E-18
 7585.64025135609  4.102359E-18
 7588.37607729386  4.885999E-18
 7591.11190323164  5.337083E-18
 7593.84772916941  4.619671E-18
 7596.58355510719  3.063119E-18
 7599.31938104496  3.273678E-18
 7602.05520698274  4.497247E-18
 7604.79103292051  5.142179E-18
 7607.52685885829  2.947594E-18
 7610.26268479606  1.606151E-18
 7612.99851073384  3.935593E-18
 7615.73433667161  5.014222E-18
 7618.47016260939  4.361544E-18
 7621.20598854716  3.266883E-18
 7623.94181448494  2.908713E-18
 7626.67764042271  3.392858E-18
 7629.41346636049  8.805231E-19
 7632.14929229826  1.915262E-19
 7634.88511823604  9.675058E-19
 7637.62094417382  3.956821E-18
 7640.35677011159  5.187159E-18
 7643.09259604937  3.605698E-18
 7645.82842198714  3.133897E-18
 7648.56424792492  4.053966E-18
 7651.30007386269  5.468096E-18
 7654.03589980047  2.651866E-18
 7656.77172573824  3.694443E-18
 7659.50755167602  2.843922E-18
 7662.24337761379  2.356069E-18
 7664.97920355157  2.687069E-18
 7667.71502948934  1.477269E-18
 7670.45085542712  4.285889E-18
 7673.18668136489  5.895233E-18
 7675.92250730267  3.562344E-18
 7678.65833324044  2.000320E-18
 7681.39415917822  4.293091E-18
 7684.129985116    3.218325E-18
 7686.86581105377  4.685414E-18
 7689.60163699154  4.630670E-18
 7692.33746292932  4.152333E-18
 7695.0732888671   4.462125E-18
 7697.80911480487  3.742733E-18
 7700.54494074265  2.838747E-18
 7703.28076668042  3.959460E-18
 7706.0165926182   3.008172E-18
 7708.75241855597  3.612056E-18
 7711.48824449375  4.168039E-18
 7714.22407043152  5.163976E-18
 7716.9598963693   4.014626E-18
 7719.69572230707  4.092770E-18
 7722.43154824485  4.391597E-18
 7725.16737418262  3.866082E-18
 7727.9032001204   3.845278E-18
 7730.63902605817  2.840152E-18
 7733.37485199595  2.258703E-18
 7736.11067793372  3.448852E-18
 7738.8465038715   5.061981E-18
 7741.58232980927  4.263750E-18
 7744.31815574705  2.166239E-18
 7747.05398168482  3.092219E-18
 7749.7898076226   3.965630E-18
 7752.52563356037  3.672349E-18
 7755.26145949815  2.184973E-18
 7757.99728543593  4.615903E-18
 7760.7331113737   4.262385E-18
 7763.46893731148  3.243683E-18
 7766.20476324925  4.186648E-18
 7768.94058918703  4.386404E-18
 7771.6764151248   4.984829E-18
 7774.41224106258  3.341480E-18
 7777.14806700035  4.089118E-18
 7779.88389293813  4.482995E-18
 7782.6197188759   3.775955E-18
 7785.35554481368  4.423740E-18
 7788.09137075145  3.324992E-18
 7790.82719668923  5.012692E-19
 7793.563022627    9.014809E-19
 7796.29884856478  3.316532E-18
 7799.03467450255  2.723278E-18
 7801.77050044033  2.015658E-18
 7804.5063263781   2.963333E-18
 7807.24215231588  2.303358E-18
 7809.97797825365  3.048034E-18
 7812.71380419143  4.101453E-18
 7815.4496301292   2.267804E-18
 7818.18545606698  4.164687E-18
 7820.92128200475  2.735333E-18
 7823.65710794253  3.628498E-18
 7826.3929338803   3.569259E-18
 7829.12875981808  4.726099E-18
 7831.86458575585  2.311552E-18
 7834.60041169363  2.719459E-18
 7837.33623763141  3.207587E-18
 7840.07206356918  5.300268E-18
 7842.80788950696  3.585920E-18
 7845.54371544473  3.084648E-18
 7848.27954138251  2.110820E-18
 7851.01536732028  7.430636E-19
 7853.75119325806  4.243607E-18
 7856.48701919583  4.073617E-18
 7859.22284513361  2.602808E-18
 7861.95867107138  3.458437E-18
 7864.69449700916  5.229774E-18
 7867.43032294693  3.141205E-18
 7870.16614888471  3.841917E-18
 7872.90197482248  3.559020E-18
 7875.63780076026  4.687412E-18
 7878.37362669803  3.499954E-18
 7881.10945263581  3.123158E-18
 7883.84527857358  4.269099E-18
 7886.58110451136  7.037921E-18
 7889.31693044913  3.978710E-18
 7892.05275638691  4.682380E-18
 7894.78858232468  5.500730E-18
 7897.52440826246  6.303551E-18
 7900.26023420024  5.906285E-18
 7902.99606013801  4.491527E-18
 7905.73188607578  2.374951E-18
 7908.46771201356  5.156752E-19
 7911.20353795134  2.535092E-18
 7913.93936388911  3.540527E-18
 7916.67518982689  2.258253E-18
 7919.41101576466  4.583766E-18
 7922.14684170244  5.360850E-18
 7924.88266764021  3.855057E-18
 7927.61849357799  5.284584E-18
 7930.35431951576  5.010114E-18
 7933.09014545354  1.658624E-18
 7935.82597139131  3.449744E-18
 7938.56179732909  3.992647E-18
 7941.29762326686  2.653156E-18
 7944.03344920464  3.089246E-18
 7946.76927514241  7.069878E-18
 7949.50510108019  4.379539E-18
 7952.24092701796  3.940164E-18
 7954.97675295574  4.390528E-18
 7957.71257889351  2.288660E-18
 7960.44840483129  1.837370E-18
 7963.18423076906  3.927964E-18
 7965.92005670684  3.367668E-18
 7968.65588264461  2.685644E-18
 7971.39170858239  4.878808E-18
 7974.12753452017  4.846227E-18
 7976.86336045794  3.552489E-18
 7979.59918639571  2.442508E-18
 7982.33501233349  3.427936E-18
 7985.07083827127  4.310830E-18
 7987.80666420904  3.628433E-18
 7990.54249014682  1.130033E-18
 7993.27831608459  1.942818E-18
 7996.01414202237  1.027612E-18
 7998.74996796014  7.131376E-18
 8001.48579389792  5.465309E-18
 8004.22161983569  4.211804E-18
 8006.95744577347  2.007894E-18
 8009.69327171124  1.107302E-18
 8012.42909764902  2.176937E-18
 8015.16492358679  3.089184E-18
 8017.90074952457  4.297571E-18
 8020.63657546234  5.006130E-18
 8023.37240140012  6.915483E-18
 8026.1082273379   6.989086E-18
 8028.84405327567  2.723618E-18
 8031.57987921344  2.741963E-18
 8034.31570515122  5.046181E-18
 8037.051531089    4.717295E-18
 8039.78735702677  5.962040E-18
 8042.52318296455  2.633221E-18
 8045.25900890232  3.509392E-18
 8047.9948348401   2.184488E-18
