2012/03/13 55999.27    -            -             -          >19.9           -          1
2012/03/17 56003.39    -            -          >19.5            -            -          - a
2012/03/27 56013.49    -            -           18.7            -            -          - a
2012/03/28 56014.07    -            -           18.5            -            -          - a
2012/03/29 56015.06  20.308 0.114 18.823 0.022  18.206 0.027  17.855 0.031 17.460 0.058 2
2012/03/29 56015.14    -          18.744 0.053  18.259 0.044  17.924 0.034 17.521 0.129 3
2012/03/29 56015.35    -            -           18.0   0.1      -            -          - b
2012/03/31 56017.26    -          18.390 0.113  17.888 0.051  17.503 0.064 17.129 0.056 1
2012/04/12 56029.24    -            -           17.776 0.069  17.403 0.057 17.102 0.045 1
2012/04/14 56031.37    -          18.422 0.020  17.901 0.020  17.564 0.013 17.164 0.029 4
2012/04/15 56032.41    -            -             -           17.614 0.062   -          1
2012/04/16 56033.24    -            -           17.904 0.055  17.561 0.059 17.239 0.049 1
2012/04/16 56033.97  19.391 0.093 18.494 0.028  17.902 0.029  17.552 0.032 17.285 0.112 2
2012/04/17 56034.05    -          18.443 0.034  17.947 0.030  17.591 0.017 17.287 0.055 3
2012/04/17 56034.19    -            -           17.900 0.069  17.634 0.056 17.201 0.067 1
2012/04/21 56038.25    -          18.694 0.062  18.064 0.049  17.825 0.084 17.445 0.057 1
2012/04/22 56039.01  19.917 0.109 18.598 0.024  18.117 0.025  17.856 0.031 17.511 0.053 2
2012/04/25 56042.11    -            -           18.478 0.109  18.094 0.168 17.710 0.126 5
2012/05/01 56048.17    -          19.011 0.084  18.436 0.080  18.083 0.055 17.649 0.071 1
2012/05/01 56048.20    -          19.155 0.013  18.479 0.018    -            -          6
2012/05/01 56048.38    -          19.064 0.031  18.487 0.032  18.112 0.029 17.696 0.074 4
2012/05/02 56049.21    -          19.134 0.113  18.485 0.088  18.073 0.058 17.647 0.094 1
2012/05/09 56056.10    -          19.386 0.033  18.595 0.035  18.154 0.076 17.700 0.088 7
2012/05/15 56062.11  21.101 0.212 19.560 0.039  18.743 0.044  18.292 0.050 17.701 0.226 2
2012/05/15 56062.24    -            -           18.707 0.068  18.226 0.072 17.647 0.042 1
2012/05/20 56067.18    -            -             -             -          17.788 0.052 1
2012/05/21 56068.17    -          19.710 0.132  18.807 0.068  18.325 0.078 17.819 0.035 1
2012/06/01 56079.97 >21.3         20.142 0.111  19.217 0.051  18.699 0.058 18.089 0.057 2
2012/06/03 56081.11    -            -             -           18.804 0.154   -          1
2012/06/03 56081.96 >21.3         20.196 0.148  19.263 0.093  18.741 0.040 18.115 0.079 2
2012/06/20 56098.24    -          20.501 0.148  19.512 0.101 >19.7           -          8
